(1, 1257.18200684)
(51, 375.66339111)
(101, 253.65686035)
(151, 233.90437317)
(201, 218.69660950)
(251, 227.82673645)
(301, 160.83404541)
(351, 183.04133606)
(401, 142.58268738)
(451, 120.99834442)
(501, 115.90666962)
(551, 90.14639282)
(601, 85.89875031)
(651, 93.60290527)
(701, 65.66093445)
(751, 77.65076447)
(801, 85.83557129)
(851, 68.82751465)
(901, 45.95664978)
(951, 56.14571381)
(1001, 66.24442291)
(1051, 50.41551971)
(1101, 46.85808182)
(1151, 40.12175751)
(1201, 53.52169418)
(1251, 59.97101974)
(1301, 29.77321053)
(1351, 26.91397667)
(1401, 40.22371292)
(1451, 35.57122040)
(1501, 33.20715714)
(1551, 36.04961777)
(1601, 31.26576996)
(1651, 43.81887817)
(1701, 24.96646881)
(1751, 21.64050102)
(1801, 51.65237427)
(1851, 26.77085495)
(1901, 26.05450821)
(1951, 33.63465118)
(2001, 17.46275711)
(2051, 16.80656815)
(2101, 17.02533150)
(2151, 16.26593399)
(2201, 49.29351807)
(2251, 25.39571953)
(2301, 18.25874519)
(2351, 22.10780907)
(2401, 35.51189804)
(2451, 32.30221176)
(2501, 13.59166336)
(2551, 11.01994801)
(2601, 15.07550335)
(2651, 19.74603653)
(2701, 19.49100494)
(2751, 16.04228592)
(2801, 20.81397057)
(2851, 37.23662186)
(2901, 19.90827370)
(2951, 15.92547703)
(3001, 17.20766068)
(3051, 9.71014309)
(3101, 13.10226631)
(3151, 31.07535744)
(3201, 7.86169243)
(3251, 22.66548347)
(3301, 8.56348228)
(3351, 4.22298384)
(3401, 5.84684372)
(3451, 19.51921272)
(3501, 6.10715914)
(3551, 18.81823921)
(3601, 11.38000298)
(3651, 8.64067936)
(3701, 7.04952002)
(3751, 7.16397715)
(3801, 9.64737225)
(3851, 14.08874702)
(3901, 14.79951763)
(3951, 5.73304605)
(4001, 11.21286392)
(4051, 22.34991264)
(4101, 9.72043991)
(4151, 7.77136612)
(4201, 4.58987665)
(4251, 9.56269264)
(4301, 10.17286968)
(4351, 41.41122437)
(4401, 1.81183851)
(4451, 38.22692871)
(4501, 12.05517006)
(4551, 5.88596582)
(4601, 15.85792255)
(4651, 7.08743382)
(4701, 13.02269363)
(4751, 2.67708969)
(4801, 7.92368889)
(4851, 8.36365700)
(4901, 5.13677073)
(4951, 11.29749298)
(5001, 8.71032524)
(5051, 5.82602787)
(5101, 5.10567617)
(5151, 10.34309483)
(5201, 6.78210497)
(5251, 17.41435814)
(5301, 5.68346977)
(5351, 4.48508835)
(5401, 10.14448929)
(5451, 5.74449539)
(5501, 12.40667343)
(5551, 3.37372732)
(5601, 6.53567886)
(5651, 9.26679230)
(5701, 4.58894253)
(5751, 2.18735600)
(5801, 5.66439342)
(5851, 6.66140413)
(5901, 2.30106497)
(5951, 3.24058580)
(6001, 5.29401398)
(6051, 4.56773663)
(6101, 5.18532181)
(6151, 4.94184780)
(6201, 5.30451202)
(6251, 0.10039663)
(6301, 9.54240036)
(6351, 4.27582550)
(6401, -1.84590697)
(6451, 2.33898497)
(6501, 1.12461150)
(6551, -0.92642915)
(6601, 7.83661747)
(6651, 2.03963518)
(6701, 9.51706028)
(6751, 1.68448055)
(6801, 8.12823391)
(6851, -1.16825020)
(6901, 7.63909626)
(6951, 2.03396297)
(7001, -1.89243746)
(7051, 0.00642860)
(7101, 4.96436787)
(7151, 3.36340380)
(7201, 1.42337632)
(7251, -0.03983653)
(7301, 0.42055225)
(7351, 1.99439657)
(7401, 5.95683479)
(7451, 0.52905810)
(7501, -1.21550274)
(7551, -1.65636015)
(7601, -2.07370734)
(7651, 1.90269852)
(7701, 1.50960493)
(7751, 3.25191927)
(7801, 15.29052734)
(7851, 2.87779808)
(7901, 3.21049976)
(7951, 0.98307645)
(8001, 3.79135180)
(8051, -1.51669991)
(8101, -1.89032304)
(8151, -1.94705558)
(8201, -1.17007375)
(8251, -0.37679434)
(8301, -1.00664806)
(8351, 8.69605827)
(8401, -2.54667854)
(8451, -1.95046484)
(8501, 14.13331413)
(8551, -2.02396441)
(8601, 26.90193558)
(8651, 11.20637894)
(8701, 6.03653860)
(8751, -2.73609495)
(8801, 9.75411892)
(8851, 6.87304735)
(8901, -2.99597359)
(8951, 5.37832737)
(9001, -2.23221874)
(9051, 7.33894491)
(9101, 7.33212137)
(9151, 1.41619337)
(9201, -3.34262800)
(9251, 9.76753426)
(9301, -3.72852039)
(9351, -2.03518629)
(9401, 0.93750042)
(9451, 10.34062386)
(9501, 9.85211849)
(9551, 4.66665077)
(9601, -1.56052983)
(9651, -1.37357926)
(9701, 5.97533178)
(9751, -3.65791607)
(9801, 2.27385306)
(9851, -2.75339222)
(9901, 6.91915846)
(9951, 6.55480862)
(10001, -1.50108838)
(10051, 4.66343069)
(10101, -3.09085965)
(10151, 3.50133991)
(10201, 25.47760201)
(10251, 12.35265923)
(10301, 2.15150714)
(10351, 2.32909632)
(10401, -4.51345825)
(10451, -3.67392063)
(10501, -4.33264875)
(10551, -4.84921074)
(10601, -1.45411754)
(10651, 12.90866470)
(10701, -2.56660295)
(10751, -4.42007828)
(10801, -2.96927357)
(10851, -4.40095949)
(10901, -4.79587173)
(10951, -1.85088825)
(11001, -3.26620865)
(11051, -4.07646322)
(11101, -3.62810946)
(11151, -3.93734980)
(11201, -4.26968765)
(11251, -2.05266166)
(11301, 0.12118053)
(11351, -3.55596590)
(11401, 29.77987671)
(11451, -4.62905598)
(11501, -1.44711733)
(11551, -5.83029366)
(11601, -2.43723488)
(11651, 11.39735222)
(11701, -7.77759838)
(11751, -0.37619317)
(11801, -0.46404672)
(11851, -5.68131733)
(11901, 3.09735394)
(11951, -3.24653196)
(12001, -0.51270545)
(12051, -4.38310146)
(12101, 3.54714346)
(12151, -1.48552907)
(12201, -4.98117924)
(12251, 7.64220381)
(12301, 5.08808422)
(12351, -3.89210749)
(12401, -4.04718161)
(12451, -1.05523777)
(12501, -1.14278388)
(12551, -1.29224944)
(12601, -3.55579758)
(12651, -7.85078621)
(12701, 1.66249657)
(12751, -1.21834683)
(12801, -0.26696718)
(12851, -7.17284346)
(12901, -5.35421038)
(12951, -5.51304102)
(13001, -2.13226461)
(13051, -6.56968689)
(13101, -5.58536148)
(13151, -2.03230214)
(13201, -2.54339314)
(13251, 1.04310393)
(13301, -5.24817324)
(13351, -1.59561825)
(13401, 1.41272533)
(13451, -3.26450539)
(13501, -3.26774812)
(13551, -6.41299677)
(13601, -3.87718511)
(13651, 6.34196091)
(13701, -2.23020172)
(13751, 2.36295104)
(13801, -0.80492979)
(13851, -4.04574347)
(13901, -5.32117510)
(13951, -4.85855246)
(14001, -3.03159618)
(14051, -4.50795650)
(14101, -1.46363389)
(14151, -7.49708080)
(14201, 3.56194687)
(14251, -4.58335733)
(14301, -6.26938343)
(14351, 2.17378044)
(14401, 5.45851278)
(14451, -6.58899212)
(14501, 0.11897433)
(14551, -3.74079227)
(14601, 0.76526153)
(14651, -1.42346525)
(14701, -5.56057453)
(14751, -6.58226728)
(14801, -4.03278732)
(14851, -5.62356091)
(14901, -4.66804743)
(14951, -8.31294918)
(15001, -6.44335747)
(15051, -3.52738380)
(15101, 0.36663365)
(15151, -7.43681335)
(15201, -5.18763924)
(15251, -1.63996434)
(15301, -5.63483191)
(15351, -7.37463570)
(15401, -1.09846115)
(15451, 13.88016510)
(15501, -2.66343331)
(15551, -2.29937339)
(15601, -2.01064253)
(15651, 1.31110883)
(15701, -5.73495865)
(15751, 0.77121949)
(15801, -2.88548827)
(15851, -6.39691734)
(15901, -6.29904032)
(15951, 13.10377312)
(16001, 5.98355675)
(16051, -8.61681938)
(16101, -1.87786102)
(16151, -3.27346992)
(16201, -3.83048916)
(16251, -6.91792154)
(16301, -6.04672670)
(16351, -3.92070222)
(16401, -3.45025635)
(16451, -6.00417566)
(16501, -6.17197561)
(16551, -4.34919786)
(16601, 9.70958710)
(16651, 25.16932869)
(16701, 1.43588686)
(16751, -5.57007313)
(16801, -5.67676544)
(16851, -5.70651817)
(16901, -6.66233253)
(16951, -6.83801460)
(17001, -8.08850384)
(17051, -7.16392183)
(17101, -5.83330917)
(17151, -7.17493200)
(17201, -5.42758846)
(17251, -5.35111427)
(17301, -2.17017651)
(17351, -6.66705036)
(17401, -6.83912373)
(17451, -6.68156576)
(17501, -4.56341887)
(17551, -4.11359978)
(17601, -6.59702444)
(17651, 8.15440083)
(17701, -6.72196960)
(17751, -8.07206345)
(17801, -7.98962545)
(17851, 3.07022285)
(17901, -5.58195782)
(17951, -4.04622316)
(18001, 8.72725582)
(18051, -4.25367165)
(18101, -1.06203580)
(18151, -0.99036515)
(18201, -6.71054697)
(18251, 1.05101418)
(18301, -5.02218819)
(18351, -2.19212389)
(18401, -7.58502197)
(18451, -8.50086784)
(18501, 7.44452429)
(18551, -6.50270700)
(18601, -6.83414412)
(18651, -7.72655249)
(18701, -0.08950537)
(18751, -4.72924757)
(18801, -6.89896441)
(18851, -4.92851067)
(18901, -6.43361187)
(18951, -7.51051998)
(19001, -5.24948740)
(19051, -8.32623482)
(19101, -5.06176043)
(19151, -6.76431274)
(19201, -3.08362293)
(19251, 11.63215637)
(19301, -2.11537933)
(19351, -1.61648750)
(19401, -7.68784189)
(19451, -8.03751469)
(19501, -7.66632748)
(19551, -7.18309689)
(19601, -6.36329556)
(19651, -8.99148083)
(19701, 33.85775375)
(19751, -7.03923368)
(19801, -8.09607792)
(19851, -4.96025085)
(19901, 3.75977945)
(19951, -7.30877542)
(20001, -8.04478073)
(20051, -5.35124588)
(20101, -7.50328302)
(20151, -7.93658495)
(20201, -8.78103828)
(20251, -4.58312702)
(20301, -9.13408184)
(20351, -6.91500807)
(20401, -5.43760586)
(20451, 0.22219086)
(20501, -7.59720373)
(20551, -7.12395668)
(20601, -2.76212430)
(20651, 2.08227301)
(20701, -3.38314915)
(20751, -9.36262512)
(20801, 1.69716692)
(20851, -7.15144014)
(20901, -5.85975790)
(20951, 12.98859215)
(21001, 2.86439180)
(21051, -8.43973351)
(21101, -8.12627792)
(21151, -8.25839233)
(21201, -2.69818211)
(21251, -8.96657181)
(21301, -7.60695076)
(21351, -8.13196754)
(21401, -7.61859179)
(21451, 13.77983665)
(21501, 16.35478020)
(21551, 1.03818750)
(21601, -2.79647207)
(21651, -5.68455172)
(21701, 5.44578743)
(21751, -7.23339128)
(21801, -8.25561523)
(21851, -4.89157772)
(21901, -8.63312435)
(21951, 1.49035883)
(22001, -8.12993336)
(22051, -5.28722382)
(22101, -9.31353664)
(22151, -5.23596859)
(22201, -4.18590546)
(22251, -4.90485048)
(22301, -6.14127827)
(22351, -8.32062817)
(22401, -4.78512955)
(22451, -8.55118084)
(22501, -7.06914186)
(22551, -3.51008177)
(22601, -4.34386539)
(22651, -8.38662624)
(22701, -8.98535538)
(22751, -7.76498365)
(22801, -7.78494453)
(22851, -4.10496712)
(22901, -7.64927197)
(22951, -9.90104198)
(23001, -10.14188004)
(23051, -3.84467840)
(23101, -3.40947676)
(23151, -4.63550854)
(23201, -7.97197533)
(23251, -9.49709797)
(23301, -8.34205341)
(23351, -4.43768120)
(23401, -4.88308907)
(23451, -9.10032845)
(23501, -5.31269407)
(23551, -8.26725197)
(23601, 1.21451569)
(23651, -2.77451849)
(23701, -4.83930683)
(23751, -9.30224419)
(23801, -4.46994972)
(23851, 16.17425346)
(23901, -8.59485149)
(23951, 2.25784707)
(24001, 12.33190346)
(24051, -7.37130642)
(24101, -7.01161671)
(24151, -6.70505714)
(24201, 0.52731478)
(24251, -7.60145998)
(24301, -9.27197838)
(24351, -9.58127499)
(24401, -6.27875090)
(24451, -7.66855240)
(24501, -9.79780960)
(24551, 6.43636465)
(24601, -10.01713562)
(24651, -0.69472528)
(24701, -2.62868500)
(24751, -3.92748189)
(24801, -2.43798876)
(24851, 0.92953157)
(24901, 2.49136853)
(24951, -5.08686304)
(25001, -2.05934620)
(25051, 6.68691444)
(25101, 4.37744713)
(25151, 7.38688183)
(25201, -4.89210367)
(25251, -4.85735130)
(25301, -8.08548737)
(25351, -7.37910271)
(25401, -7.86646843)
(25451, -6.65171051)
(25501, -8.47546196)
(25551, -2.51978660)
(25601, -9.87364769)
(25651, -3.94283581)
(25701, -5.39947891)
(25751, -0.12355429)
(25801, 14.73461819)
(25851, -5.83929920)
(25901, -1.81056905)
(25951, 2.16318560)
(26001, -1.87883055)
(26051, 2.26080942)
(26101, -1.60945344)
(26151, -7.81684589)
(26201, -3.85415220)
(26251, 8.10819530)
(26301, -8.85039997)
(26351, -8.50756264)
(26401, -4.58540773)
(26451, 22.59806061)
(26501, -10.14272213)
(26551, -8.35453796)
(26601, -5.17031002)
(26651, 7.91693878)
(26701, -9.53999329)
(26751, -10.09839535)
(26801, -6.15846586)
(26851, -6.76531982)
(26901, -8.50910568)
(26951, 17.31440926)
(27001, -9.66556454)
(27051, -8.65188122)
(27101, -8.64086246)
(27151, -7.45872593)
(27201, -5.86747599)
(27251, 11.37512398)
(27301, -10.06815815)
(27351, -9.00706482)
(27401, -10.06179905)
(27451, 2.81586504)
(27501, -10.68279076)
(27551, -8.54560661)
(27601, 42.70492554)
(27651, -10.04256439)
(27701, -6.72148895)
(27751, -3.70380998)
(27801, -7.74908161)
(27851, -10.68839264)
(27901, -5.21868563)
(27951, -10.24804974)
(28001, -10.71389294)
(28051, -9.78626442)
(28101, -2.34950852)
(28151, -7.71185112)
(28201, -0.54544479)
(28251, -4.99695444)
(28301, 3.91287708)
(28351, -7.78892374)
(28401, -9.46971703)
(28451, -6.00801086)
(28501, -5.18160343)
(28551, -7.76585674)
(28601, -9.59431267)
(28651, -9.33919334)
(28701, 8.08304882)
(28751, -9.94088078)
(28801, -2.80876017)
(28851, -10.32717800)
(28901, -4.77160788)
(28951, -10.90266705)
(29001, -5.38418484)
(29051, 34.39779663)
(29101, -3.25774527)
(29151, 4.22608423)
(29201, -10.49396515)
(29251, -11.20798302)
(29301, -2.04943371)
(29351, 0.83574122)
(29401, -5.98649549)
(29451, 1.89555621)
(29501, -8.72394943)
(29551, -8.77826023)
(29601, -9.91268730)
(29651, -4.66929817)
(29701, -6.59196901)
(29751, -4.10412693)
(29801, -5.10504436)
(29851, -5.67378998)
(29901, -6.57639647)
(29951, 0.24857926)
(30001, -4.95710754)
(30051, -6.07029104)
(30101, -8.73669052)
(30151, -6.87804317)
(30201, -9.70329571)
(30251, -5.04385185)
(30301, 3.76793909)
(30351, 3.24736166)
(30401, -8.38909340)
(30451, 4.72054720)
(30501, -9.87682152)
(30551, -9.96556854)
(30601, -8.37869358)
(30651, -3.18753195)
(30701, 3.44677472)
(30751, -0.72705340)
(30801, -8.50283432)
(30851, -10.33093739)
(30901, -9.27510929)
(30951, -8.42316723)
(31001, -8.47531605)
(31051, -8.74942398)
(31101, -10.03069782)
(31151, -5.09155178)
(31201, -8.54999256)
(31251, -1.81052196)
(31301, 0.45518559)
(31351, 8.94723129)
(31401, -10.93150139)
(31451, 20.88177490)
(31501, -9.01755905)
(31551, -6.06895161)
(31601, -7.18176365)
(31651, -10.41147137)
(31701, -8.27230835)
(31751, -10.72860050)
(31801, -6.22133207)
(31851, -4.30765963)
(31901, 2.72250605)
(31951, -8.67267036)
(32001, -8.70220566)
(32051, -10.76589489)
(32101, -4.32022333)
(32151, -11.07009506)
(32201, -8.94137096)
(32251, -0.13056749)
(32301, -8.11721039)
(32351, -9.31401730)
(32401, -9.17372608)
(32451, -10.08823776)
(32501, -10.07993126)
(32551, 14.72356129)
(32601, -9.68966484)
(32651, -10.08729649)
(32701, -10.06385422)
(32751, -3.22044611)
(32801, -8.31257153)
(32851, -9.71451378)
(32901, -12.27648067)
(32951, -9.72435951)
(33001, 2.99164963)
(33051, -7.62669182)
(33101, 0.07693756)
(33151, -10.60649872)
(33201, 12.15740204)
(33251, -10.63976383)
(33301, 2.63195944)
(33351, -11.33152771)
(33401, -5.27134466)
(33451, -4.96207905)
(33501, -10.45166779)
(33551, -11.22773933)
(33601, -10.06922245)
(33651, -11.54558945)
(33701, -11.93519974)
(33751, -8.96005726)
(33801, -0.62117958)
(33851, -4.21001816)
(33901, -7.22803068)
(33951, -4.84640837)
(34001, -9.32085228)
(34051, 3.14698577)
(34101, -7.33804131)
(34151, -11.08013439)
(34201, -7.75686264)
(34251, -9.27619934)
(34301, -10.86902809)
(34351, -10.17008972)
(34401, 18.82124138)
(34451, -3.31653666)
(34501, 12.13865471)
(34551, -9.39192772)
(34601, -11.51483059)
(34651, -11.18033314)
(34701, -8.94552040)
(34751, -10.52519035)
(34801, -8.99457932)
(34851, -7.65649605)
(34901, -9.81643009)
(34951, -8.22153664)
(35001, -7.80771732)
(35051, -10.08605194)
(35101, -10.31747055)
(35151, -10.57401657)
(35201, -11.16022778)
(35251, 2.45967793)
(35301, -7.73771811)
(35351, 0.85427064)
(35401, 17.03257561)
(35451, -5.13940287)
(35501, -0.20895869)
(35551, 9.43354034)
(35601, -7.40846252)
(35651, -11.13403606)
(35701, -11.78184509)
(35751, -9.96952152)
(35801, 1.85097408)
(35851, -10.43288803)
(35901, -11.09456348)
(35951, -9.59545326)
(36001, -9.71016788)
(36051, -11.66306591)
(36101, -9.65311623)
(36151, -7.51430321)
(36201, 2.21663523)
(36251, -9.38976383)
(36301, -10.66253185)
(36351, -10.48248386)
(36401, -9.36279678)
(36451, -12.41817474)
(36501, -7.43241787)
(36551, -10.42268658)
(36601, -3.40381885)
(36651, -9.83956146)
(36701, -0.76193327)
(36751, -7.02523518)
(36801, -4.85817623)
(36851, -10.62005424)
(36901, -10.05103207)
(36951, -10.00386715)
(37001, 5.03426647)
(37051, -3.17885113)
(37101, -3.45814419)
(37151, -7.08834076)
(37201, -8.06994152)
(37251, -10.00488949)
(37301, -8.77487850)
(37351, -11.81837559)
(37401, -10.70061016)
(37451, -9.84326839)
(37501, -10.48872375)
(37551, -8.55967426)
(37601, -10.13691235)
(37651, -9.31840420)
(37701, -7.86630344)
(37751, -3.39833975)
(37801, -11.71001053)
(37851, -8.81512833)
(37901, -5.26472902)
(37951, -11.00065994)
(38001, -3.92623663)
(38051, -11.17083263)
(38101, 0.70643699)
(38151, 2.88681889)
(38201, -12.14777565)
(38251, -12.19182301)
(38301, 0.33317637)
(38351, -2.99080658)
(38401, -6.34237146)
(38451, -10.07534504)
(38501, -11.80827904)
(38551, 0.45715106)
(38601, -10.50344086)
(38651, -6.47479439)
(38701, 13.87883854)
(38751, -10.68253326)
(38801, -10.76113701)
(38851, -10.49030399)
(38901, -11.24468803)
(38951, -10.10762024)
(39001, -11.52086830)
(39051, -10.37238312)
(39101, -9.80966759)
(39151, -9.96626568)
(39201, -8.14503384)
(39251, -9.57251549)
(39301, 1.59152949)
(39351, -10.02107430)
(39401, -11.02440739)
(39451, -8.25800514)
(39501, -10.13071442)
(39551, -11.02232361)
(39601, 3.82420397)
(39651, -8.88313007)
(39701, -3.45879340)
(39751, -8.97972965)
(39801, -0.34230334)
(39851, -6.09018040)
(39901, -6.73955536)
(39951, -0.97659284)
(40001, -10.96575928)
(40051, 1.15535307)
(40101, 4.77656507)
(40151, -10.40695763)
(40201, -9.93882465)
(40251, -10.38600445)
(40301, -3.63358235)
(40351, 10.66733932)
(40401, -7.00381947)
(40451, -6.53487825)
(40501, -8.02332783)
(40551, 2.26204824)
(40601, -4.16969728)
(40651, -10.06239986)
(40701, -8.52482891)
(40751, -9.82049179)
(40801, -10.13189125)
(40851, -10.16470623)
(40901, -7.40346479)
(40951, -1.77305961)
(41001, -5.20230865)
(41051, -11.10552788)
(41101, -7.37347603)
(41151, -7.70645952)
(41201, -5.27971649)
(41251, -10.90060616)
(41301, -11.97359753)
(41351, -12.36764336)
(41401, -11.73702145)
(41451, -11.91628456)
(41501, -3.97122288)
(41551, -12.06101990)
(41601, -11.28071594)
(41651, -12.02330399)
(41701, -6.71681070)
(41751, -8.58946896)
(41801, -3.61617231)
(41851, -10.90453434)
(41901, -10.91920853)
(41951, -9.61733055)
(42001, -11.41236973)
(42051, -10.83326912)
(42101, 0.21292835)
(42151, -5.24462032)
(42201, -7.68708467)
(42251, -10.25213146)
(42301, 17.94130516)
(42351, -10.76270962)
(42401, 0.88255954)
(42451, -10.47955036)
(42501, 3.87308025)
(42551, -10.43716526)
(42601, -12.01416397)
(42651, -10.74985981)
(42701, -2.77202892)
(42751, -2.61011982)
(42801, -10.66308594)
(42851, -11.82498550)
(42901, -6.99821663)
(42951, -7.43708801)
(43001, -12.66946220)
(43051, -12.23167801)
(43101, -8.68663597)
(43151, -5.71215630)
(43201, -4.57230234)
(43251, -6.43843079)
(43301, -11.59075546)
(43351, -11.71472931)
(43401, -11.72692680)
(43451, -10.96138096)
(43501, 1.43899345)
(43551, -5.14759254)
(43601, -11.44513702)
(43651, -11.96940804)
(43701, -8.54263401)
(43751, -9.93523216)
(43801, -4.39894438)
(43851, -11.63583946)
(43901, -4.57723236)
(43951, -7.38313389)
(44001, -11.06266403)
(44051, -0.10588616)
(44101, -10.63119602)
(44151, -7.95705986)
(44201, -9.29580593)
(44251, -8.76174068)
(44301, -9.80682373)
(44351, -10.48819351)
(44401, -2.04867697)
(44451, -7.71888018)
(44501, -12.03543472)
(44551, -9.35731888)
(44601, -8.90164566)
(44651, -9.82636261)
(44701, -10.67155266)
(44751, -8.94613552)
(44801, -11.94615459)
(44851, -2.38008928)
(44901, -4.63247347)
(44951, -12.96939468)
(45001, -8.97902775)
(45051, -11.89021778)
(45101, -12.10963249)
(45151, -9.84959126)
(45201, -10.34062576)
(45251, -11.76095581)
(45301, -5.76831150)
(45351, -12.04191208)
(45401, -8.34926605)
(45451, -11.11050797)
(45501, -8.13299561)
(45551, -9.47692966)
(45601, -3.66848350)
(45651, -7.57769489)
(45701, -11.28394318)
(45751, -7.87439585)
(45801, -7.00242519)
(45851, -7.51937819)
(45901, -11.20338154)
(45951, 0.03803891)
(46001, -10.60400009)
(46051, -12.53462029)
(46101, -4.92921162)
(46151, -10.56926250)
(46201, -10.77980709)
(46251, -12.27916050)
(46301, -11.00394440)
(46351, -10.66774845)
(46401, -9.70948982)
(46451, -11.64944077)
(46501, -10.84056187)
(46551, -11.98498344)
(46601, -11.48911285)
(46651, -8.43839741)
(46701, -9.24705315)
(46751, -9.56038666)
(46801, -10.98754501)
(46851, -12.16664791)
(46901, -6.67750072)
(46951, -10.16747379)
(47001, -11.03546524)
(47051, -12.84549809)
(47101, -8.23260307)
(47151, -4.89586496)
(47201, 7.73038387)
(47251, 0.49421781)
(47301, 0.25848448)
(47351, -13.16788006)
(47401, -8.65776920)
(47451, 20.72468758)
(47501, -9.30027676)
(47551, -10.39043522)
(47601, -11.43630028)
(47651, -11.51402855)
(47701, -9.26215553)
(47751, 0.73483026)
(47801, -11.32463646)
(47851, 16.71779633)
(47901, -10.79661083)
(47951, 5.33080387)
(48001, -6.31344366)
(48051, -7.91138554)
(48101, -11.12970257)
(48151, -12.14432430)
(48201, -6.47903776)
(48251, 1.06819618)
(48301, 8.97515392)
(48351, -10.49769974)
(48401, -7.33230209)
(48451, -12.46243286)
(48501, -11.57612324)
(48551, -10.63276482)
(48601, -1.17702413)
(48651, -11.22224808)
(48701, -12.62573719)
(48751, 0.47454733)
(48801, -10.82150078)
(48851, -11.96590424)
(48901, -9.27124596)
(48951, -3.46716738)
(49001, -10.74421406)
(49051, -13.10677433)
(49101, -8.88843918)
(49151, -11.43069553)
(49201, -11.63524723)
(49251, 2.40884542)
(49301, -11.53319550)
(49351, -4.93108130)
(49401, -10.42765427)
(49451, 6.38870573)
(49501, -10.74378300)
(49551, -7.38799953)
(49601, -12.02975273)
(49651, 6.50969028)
(49701, -7.47787762)
(49751, -5.20395756)
(49801, -11.45586395)
(49851, -8.62769604)
(49901, -7.17577028)
(49951, -10.08392906)
(50001, -3.91532373)
(50051, -1.25892639)
(50101, -12.17143917)
(50151, -8.48895741)
(50201, -3.51064110)
(50251, -12.84149742)
(50301, -11.13965034)
(50351, -6.04209995)
(50401, 11.71811676)
(50451, -1.12139273)
(50501, -10.60598946)
(50551, -6.50493526)
(50601, -8.54540730)
(50651, 12.63350010)
(50701, -8.42416954)
(50751, -12.75380898)
(50801, 17.49423981)
(50851, -11.66596413)
(50901, -12.93708038)
(50951, -11.92343140)
(51001, -0.03880769)
(51051, -11.88730431)
(51101, -8.44794178)
(51151, -11.87593746)
(51201, -12.73066139)
(51251, -6.57406139)
(51301, -13.29068565)
(51351, -11.19763947)
(51401, -11.47363377)
(51451, -3.14131784)
(51501, -9.65970993)
(51551, -12.73699570)
(51601, -7.12588882)
(51651, -6.77812862)
(51701, -11.48256111)
(51751, -10.18789291)
(51801, -10.04326344)
(51851, -12.52962589)
(51901, -9.74882698)
(51951, -11.15666389)
(52001, -10.89702415)
(52051, -8.65973854)
(52101, -10.95296288)
(52151, -12.54481030)
(52201, -9.25688553)
(52251, -10.47459412)
(52301, -10.75043392)
(52351, -4.69676018)
(52401, -10.71341896)
(52451, -13.30448818)
(52501, -9.97863102)
(52551, -5.64789152)
(52601, -11.36260509)
(52651, -5.57463789)
(52701, -13.00599575)
(52751, -11.41143513)
(52801, -11.22801590)
(52851, -0.03445858)
(52901, -12.65417576)
(52951, 11.17696857)
(53001, -13.08716393)
(53051, -10.53430080)
(53101, -2.85848808)
(53151, -1.27014756)
(53201, -11.57720184)
(53251, -6.43713713)
(53301, -3.19744563)
(53351, -9.25920677)
(53401, -10.45571327)
(53451, -6.53518391)
(53501, -12.57130241)
(53551, -11.26605034)
(53601, -11.61455345)
(53651, -12.21673107)
(53701, -12.50819302)
(53751, -13.47870255)
(53801, -12.52982616)
(53851, -11.69504547)
(53901, -12.46718216)
(53951, -3.72393370)
(54001, -6.93577242)
(54051, -11.88424492)
(54101, -9.56366920)
(54151, -10.75690079)
(54201, -1.73226953)
(54251, -8.83657551)
(54301, -12.05352783)
(54351, -12.13107967)
(54401, -12.84117222)
(54451, -10.47515106)
(54501, -11.43795967)
(54551, -12.12813282)
(54601, -10.38472939)
(54651, -7.72465038)
(54701, -6.23620415)
(54751, -4.06841946)
(54801, -11.02239227)
(54851, -9.98182964)
(54901, -10.26145554)
(54951, -10.76143837)
(55001, -11.83532143)
(55051, -11.03500080)
(55101, -11.14894867)
(55151, -11.47366714)
(55201, -10.07829094)
(55251, -7.74191236)
(55301, -5.32457733)
(55351, -4.34587240)
(55401, -9.43639755)
(55451, -11.11547470)
(55501, -5.67545605)
(55551, -9.71570110)
(55601, -10.69548798)
(55651, -12.91158867)
(55701, -6.96361685)
(55751, -6.88897085)
(55801, -5.31723881)
(55851, -7.88113117)
(55901, 13.28857040)
(55951, -12.34575176)
(56001, -8.70335388)
(56051, -11.30637741)
(56101, -12.62321091)
(56151, -10.65054893)
(56201, -0.46310049)
(56251, 1.42478514)
(56301, -7.24008417)
(56351, -12.15964699)
(56401, 5.86462975)
(56451, -13.03345108)
(56501, -7.15532970)
(56551, -9.19234371)
(56601, -12.91392899)
(56651, 2.74528027)
(56701, -11.43245888)
(56751, -11.82664204)
(56801, -8.72861671)
(56851, -6.52283812)
(56901, -10.68075943)
(56951, 4.01459789)
(57001, -6.67354393)
(57051, -9.12220383)
(57101, -11.62507343)
(57151, -5.71195078)
(57201, -10.04289722)
(57251, -12.30394173)
(57301, -12.28797340)
(57351, -8.26011467)
(57401, -10.76589012)
(57451, -6.18774128)
(57501, -3.28186059)
(57551, -12.54467201)
(57601, -9.51278877)
(57651, 6.93000793)
(57701, -0.20234823)
(57751, 1.47532856)
(57801, -11.73813248)
(57851, -10.66966438)
(57901, -0.41148657)
(57951, -10.04500866)
(58001, -8.32279396)
(58051, -9.87131691)
(58101, -1.98993862)
(58151, -9.97495270)
(58201, -9.28659630)
(58251, -10.38508892)
(58301, -12.75327396)
(58351, -9.32838154)
(58401, -9.48967838)
(58451, -11.19180107)
(58501, -13.41820335)
(58551, 28.58279419)
(58601, -8.21696663)
(58651, -5.61979532)
(58701, -11.12771893)
(58751, -9.95845318)
(58801, -13.41964436)
(58851, -11.87615108)
(58901, -11.18735981)
(58951, -10.61260509)
(59001, -11.65185356)
(59051, -9.71376324)
(59101, -5.39164257)
(59151, -11.93854427)
(59201, -8.30007935)
(59251, -11.96934509)
(59301, -12.31720924)
(59351, -7.75786018)
(59401, -12.00187492)
(59451, -7.56062508)
(59501, -3.25415206)
(59551, -5.97220993)
(59601, -8.05595493)
(59651, -11.39392376)
(59701, -4.58941364)
(59751, -9.40113735)
(59801, -11.82940388)
(59851, -10.09354210)
(59901, -10.78237343)
(59951, 8.95755768)
(60001, 5.62842131)
(60051, -11.32860088)
(60101, -8.51654530)
(60151, -10.51488400)
(60201, -7.96897984)
(60251, -11.66769409)
(60301, -11.27790451)
(60351, -11.94055653)
(60401, -12.20195770)
(60451, -13.97593498)
(60501, -10.61682510)
(60551, -5.94277430)
(60601, -9.81545830)
(60651, -7.80266476)
(60701, -12.21599388)
(60751, -13.01095009)
(60801, -10.18405151)
(60851, -11.76408482)
(60901, -12.23285866)
(60951, -11.45016670)
(61001, 24.09915161)
(61051, -7.32395744)
(61101, -1.51223159)
(61151, -0.93658620)
(61201, -13.07734680)
(61251, -8.36461544)
(61301, -10.22523117)
(61351, -13.00588226)
(61401, -13.03026104)
(61451, -13.47191334)
(61501, -11.90319347)
(61551, -12.00189781)
(61601, -11.03452873)
(61651, 1.47838390)
(61701, -10.05019379)
(61751, -13.05206490)
(61801, -11.98816586)
(61851, -9.43073463)
(61901, -9.80306530)
(61951, -2.19177675)
(62001, -13.25340652)
(62051, -9.56397533)
(62101, -6.22703028)
(62151, -12.34317017)
(62201, -10.37451839)
(62251, -12.07585144)
(62301, -12.42220974)
(62351, -12.42398357)
(62401, -2.63341308)
(62451, 0.69619721)
(62501, -12.96417236)
(62551, -6.47331142)
(62601, -9.94916630)
(62651, -12.74561024)
(62701, -8.76337528)
(62751, -6.68511486)
(62801, -10.48390770)
(62851, -1.08827150)
(62901, -5.73462677)
(62951, -12.45189953)
(63001, -11.44400692)
(63051, -4.64168358)
(63101, -5.91769886)
(63151, -9.39881134)
(63201, -12.47875690)
(63251, 4.30980921)
(63301, -11.27304268)
(63351, -11.09772968)
(63401, -12.17442513)
(63451, -12.68973827)
(63501, -10.21827602)
(63551, -13.56092739)
(63601, -12.10696697)
(63651, -12.98235130)
(63701, 3.57311344)
(63751, -11.62957001)
(63801, -8.79336262)
(63851, -13.01694584)
(63901, -12.00034618)
(63951, -11.00180817)
(64001, -11.52920532)
(64051, 16.60016441)
(64101, -6.80339384)
(64151, -7.35635853)
(64201, -9.47576141)
(64251, -6.92879963)
(64301, 4.09937859)
(64351, 1.77237678)
(64401, 6.32504463)
(64451, -5.05805779)
(64501, -9.85600662)
(64551, -11.51494503)
(64601, -12.58011532)
(64651, -12.49449730)
(64701, -12.24064827)
(64751, 3.50234127)
(64801, -12.88864231)
(64851, -9.01463604)
(64901, -8.05482674)
(64951, -10.13622379)
(65001, -12.37839794)
(65051, -13.01307678)
(65101, -12.91155624)
(65151, -9.98300266)
(65201, -11.75011826)
(65251, -12.56658459)
(65301, -12.40565968)
(65351, 10.34031963)
(65401, -7.02745152)
(65451, -12.77698708)
(65501, -12.89785576)
(65551, -7.76033592)
(65601, -13.68061829)
(65651, -11.36169720)
(65701, -6.71291733)
(65751, -8.54741096)
(65801, -10.74368000)
(65851, -3.92609024)
(65901, -14.05886745)
(65951, -8.07600784)
(66001, -11.36338234)
(66051, -13.92049503)
(66101, -10.08331585)
(66151, -2.27418852)
(66201, -13.16240978)
(66251, -13.66451550)
(66301, -12.29788399)
(66351, -8.77473927)
(66401, -12.76716614)
(66451, -11.08106613)
(66501, -3.95402718)
(66551, -9.29457760)
(66601, -5.49276447)
(66651, -12.70740032)
(66701, 5.02704191)
(66751, -8.40183449)
(66801, -11.57395840)
(66851, -10.88657188)
(66901, -11.68923283)
(66951, -12.18921089)
(67001, -13.44000912)
(67051, -12.38141727)
(67101, -5.36312103)
(67151, -9.32189751)
(67201, -12.40575218)
(67251, -12.30680943)
(67301, -12.24296570)
(67351, -14.42472363)
(67401, -8.18499184)
(67451, -12.70513916)
(67501, -12.55686951)
(67551, -13.57444954)
(67601, -9.89501476)
(67651, -12.23032856)
(67701, -12.54752064)
(67751, -7.85300446)
(67801, -12.90999985)
(67851, -7.14373159)
(67901, -2.93064570)
(67951, -13.62374115)
(68001, -11.78715038)
(68051, -12.49799061)
(68101, -12.29437923)
(68151, -11.51319218)
(68201, -11.50882530)
(68251, -9.92532539)
(68301, -12.72531700)
(68351, -12.04237747)
(68401, -13.86268616)
(68451, -13.01005650)
(68501, -6.66724586)
(68551, -6.93210077)
(68601, -12.79076004)
(68651, -10.82473755)
(68701, -12.04106522)
(68751, -11.82128048)
(68801, 7.32596779)
(68851, -7.04698658)
(68901, -11.67307091)
(68951, -12.80782509)
(69001, -4.22981501)
(69051, -11.40425587)
(69101, -5.61804724)
(69151, -12.35408783)
(69201, -6.04848862)
(69251, -11.09843349)
(69301, -7.68412971)
(69351, -4.72469187)
(69401, -0.88842154)
(69451, -7.45006895)
(69501, -6.94823265)
(69551, -12.86053085)
(69601, -9.01194572)
(69651, -10.37377262)
(69701, -10.08922863)
(69751, -10.31197262)
(69801, -13.67881203)
(69851, -8.33668232)
(69901, -11.28041458)
(69951, -12.76937866)
(70001, -10.82806110)
(70051, -12.51847553)
(70101, -6.02877331)
(70151, -7.37548828)
(70201, -12.76061440)
(70251, -10.93266869)
(70301, -12.95138264)
(70351, -3.29563761)
(70401, -6.69849920)
(70451, -5.10930872)
(70501, 9.86194229)
(70551, -9.09539509)
(70601, -10.48313332)
(70651, -10.98503494)
(70701, -8.91826248)
(70751, -10.27757168)
(70801, -9.56525040)
(70851, -10.90843010)
(70901, -3.86417270)
(70951, -12.83312798)
(71001, -11.35839462)
(71051, -13.47157192)
(71101, -12.80197525)
(71151, 5.88521433)
(71201, -12.67324734)
(71251, -1.56850839)
(71301, -8.07478523)
(71351, -5.66494942)
(71401, -10.63441753)
(71451, -12.67084122)
(71501, -13.03804016)
(71551, -9.32267380)
(71601, -12.08243465)
(71651, -10.17672443)
(71701, -11.75265598)
(71751, -7.52971697)
(71801, -6.21722221)
(71851, -4.09996986)
(71901, -8.99960518)
(71951, 1.29676962)
(72001, -13.53566456)
(72051, -5.11729145)
(72101, -7.73607779)
(72151, -12.06498623)
(72201, -12.12081909)
(72251, -11.32863617)
(72301, 8.56118011)
(72351, -4.76065540)
(72401, -10.56749153)
(72451, -13.44167328)
(72501, -9.87628365)
(72551, 6.67477036)
(72601, -2.32543659)
(72651, -11.77840805)
(72701, -10.23542786)
(72751, -10.69606400)
(72801, 0.94408196)
(72851, -13.91979218)
(72901, -3.08892417)
(72951, -10.24155617)
(73001, -12.33440495)
(73051, -6.14744997)
(73101, -14.05621815)
(73151, -10.24715233)
(73201, -8.96648598)
(73251, -6.70083666)
(73301, -13.47351837)
(73351, -10.88754463)
(73401, -10.04513359)
(73451, -13.71829510)
(73501, -9.31271076)
(73551, 1.21024263)
(73601, -13.24691010)
(73651, -11.88396740)
(73701, -8.74651432)
(73751, -12.39693451)
(73801, -12.99178219)
(73851, -10.80672646)
(73901, -1.63793552)
(73951, -4.97436619)
(74001, -8.86703300)
(74051, -8.98677254)
(74101, -5.48780060)
(74151, -0.61538160)
(74201, -11.34276199)
(74251, -13.20368290)
(74301, -8.59944344)
(74351, -10.91152573)
(74401, -10.95493317)
(74451, -11.18609428)
(74501, -0.31844598)
(74551, -10.97441959)
(74601, -9.59309769)
(74651, -8.56487179)
(74701, -11.92446518)
(74751, -9.82556343)
(74801, -14.42876816)
(74851, -13.61849022)
(74901, -12.06009388)
(74951, -3.61888075)
(75001, -12.36217976)
(75051, -13.75452805)
(75101, -8.82966614)
(75151, -12.75627708)
(75201, -12.14636517)
(75251, -13.98077965)
(75301, -9.86613846)
(75351, -7.90276432)
(75401, -9.44504261)
(75451, -12.82196712)
(75501, -12.26394558)
(75551, -11.33169651)
(75601, -12.51564980)
(75651, -13.88044548)
(75701, -9.09859371)
(75751, -10.47159290)
(75801, -13.55614758)
(75851, 9.56867695)
(75901, -13.01238251)
(75951, 1.39797211)
(76001, -11.11297226)
(76051, 15.03962898)
(76101, -12.52330303)
(76151, -11.88583565)
(76201, -5.94754124)
(76251, -8.05382156)
(76301, -10.54037666)
(76351, -11.49848652)
(76401, -8.79864311)
(76451, -10.35099983)
(76501, -13.28257942)
(76551, -5.48389721)
(76601, 16.26002121)
(76651, -6.23870897)
(76701, -12.88103294)
(76751, 4.06073904)
(76801, -13.28662109)
(76851, -8.29345036)
(76901, -0.24581498)
(76951, -12.90832710)
(77001, -12.48999500)
(77051, -10.88413048)
(77101, -12.88908482)
(77151, -2.59575415)
(77201, -8.58760548)
(77251, -12.60099411)
(77301, -12.70506573)
(77351, -2.99565363)
(77401, -12.97240067)
(77451, -13.86615944)
(77501, -9.78269100)
(77551, -9.30512047)
(77601, -12.57089615)
(77651, -13.91140366)
(77701, -3.59189796)
(77751, -12.62674236)
(77801, -11.38695812)
(77851, -9.42090321)
(77901, -10.81617165)
(77951, -12.75581837)
(78001, -11.80574512)
(78051, -12.38181877)
(78101, -8.99116039)
(78151, -1.97297978)
(78201, -10.27219582)
(78251, -13.12022781)
(78301, -13.35407448)
(78351, -12.66693211)
(78401, -8.58175182)
(78451, -10.78859997)
(78501, -0.56689417)
(78551, -12.30591488)
(78601, -12.21551800)
(78651, -6.36094999)
(78701, -12.09013748)
(78751, -7.70303583)
(78801, -12.01287651)
(78851, -12.96887779)
(78901, 3.23646140)
(78951, 0.12164420)
(79001, 1.66794205)
(79051, -10.18643570)
(79101, -9.78625965)
(79151, 4.57733822)
(79201, 15.53046513)
(79251, -12.17693901)
(79301, -0.24415070)
(79351, -12.03536606)
(79401, -13.52074146)
(79451, -12.63032436)
(79501, -13.28710938)
(79551, -12.26651001)
(79601, -13.44698048)
(79651, -11.44675732)
(79701, 4.59771872)
(79751, -12.26361370)
(79801, -7.57167339)
(79851, -13.07028103)
(79901, -12.26016426)
(79951, -7.30687666)
(80001, -9.88914299)
(80051, -10.57309628)
(80101, 0.04043603)
(80151, -12.16425705)
(80201, -9.94679070)
(80251, 4.23760796)
(80301, -11.07707214)
(80351, 7.24221420)
(80401, -5.14763355)
(80451, 6.78585815)
(80501, -13.10240269)
(80551, -13.11167049)
(80601, -11.88174915)
(80651, -12.43223953)
(80701, 19.55765915)
(80751, -12.76587582)
(80801, -13.15904236)
(80851, 19.03174019)
(80901, -3.35605836)
(80951, -12.00479317)
(81001, 4.03991461)
(81051, 7.66383076)
(81101, -3.17908120)
(81151, -2.42140079)
(81201, -7.74596930)
(81251, -12.01169586)
(81301, -9.32458878)
(81351, -13.28791428)
(81401, -4.23062944)
(81451, -9.03992462)
(81501, -14.14550781)
(81551, -11.18953991)
(81601, -11.37592220)
(81651, -4.56878090)
(81701, -12.67498207)
(81751, -0.83382380)
(81801, -12.36290073)
(81851, -7.51193237)
(81901, -9.68705082)
(81951, -13.08084869)
(82001, -12.93964100)
(82051, -11.53692818)
(82101, -12.61669540)
(82151, -11.03900051)
(82201, -11.28487968)
(82251, -13.79440117)
(82301, -8.09257698)
(82351, -11.92037678)
(82401, -13.91122627)
(82451, -8.05801010)
(82501, -4.20636082)
(82551, -9.25625229)
(82601, -9.28300285)
(82651, -1.00859284)
(82701, -11.93652534)
(82751, -9.13401413)
(82801, -12.34877110)
(82851, -8.55690002)
(82901, -12.43845367)
(82951, -13.54116821)
(83001, -13.86126995)
(83051, -9.69202328)
(83101, -7.44102955)
(83151, -12.08144188)
(83201, 12.10275745)
(83251, -9.75079155)
(83301, -12.22794914)
(83351, -12.28881836)
(83401, -0.74292183)
(83451, -10.97008705)
(83501, -3.80784082)
(83551, -11.08413124)
(83601, -10.81922817)
(83651, -12.25898170)
(83701, -13.22111130)
(83751, -11.57820129)
(83801, 18.97279549)
(83851, -9.70837784)
(83901, -9.12175751)
(83951, -11.78680038)
(84001, 0.46894252)
(84051, -8.73978233)
(84101, -8.48389530)
(84151, -9.21487331)
(84201, -12.05983925)
(84251, -4.98673105)
(84301, -13.94099045)
(84351, -11.70213413)
(84401, -12.69015312)
(84451, -3.05227184)
(84501, -12.95638561)
(84551, -7.98863649)
(84601, -14.37741852)
(84651, -7.01807642)
(84701, -13.08621407)
(84751, -13.79532242)
(84801, -8.46165657)
(84851, -5.07557631)
(84901, -10.56098366)
(84951, -12.37980461)
(85001, -1.88083744)
(85051, -9.41152668)
(85101, -13.00797558)
(85151, -11.54507446)
(85201, -6.53560305)
(85251, -12.40039253)
(85301, -13.33081722)
(85351, -13.49217701)
(85401, -11.64136696)
(85451, -2.54331374)
(85501, -11.67119026)
(85551, -10.41957664)
(85601, -13.49912167)
(85651, -9.94101810)
(85701, -14.08034611)
(85751, -13.89173126)
(85801, 5.22840691)
(85851, -5.30861187)
(85901, -14.13954735)
(85951, -6.90163755)
(86001, -9.99089432)
(86051, -13.29899502)
(86101, -3.22055531)
(86151, -12.59049702)
(86201, -5.76246834)
(86251, -14.86713314)
(86301, -12.88405991)
(86351, -9.93766403)
(86401, -13.17763901)
(86451, -7.34762287)
(86501, -13.67303562)
(86551, -9.21990681)
(86601, 8.91619205)
(86651, -4.32838058)
(86701, 13.84146118)
(86751, -11.88480473)
(86801, -7.82911777)
(86851, -12.14689541)
(86901, -10.91411400)
(86951, -12.72174835)
(87001, 4.57676601)
(87051, -5.07645893)
(87101, 2.28140450)
(87151, -11.20432472)
(87201, -12.22841740)
(87251, -8.41588402)
(87301, -12.54728603)
(87351, 3.87208676)
(87401, -13.28635216)
(87451, -12.93956470)
(87501, -13.63469315)
(87551, -11.86336994)
(87601, -10.55398560)
(87651, -3.43692684)
(87701, -13.60892677)
(87751, -13.08611488)
(87801, -9.13855839)
(87851, -12.56512451)
(87901, -13.47207642)
(87951, -13.32337379)
(88001, -12.85689735)
(88051, -6.66054916)
(88101, -12.59981823)
(88151, -13.15276623)
(88201, -13.29152393)
(88251, -13.81637859)
(88301, -9.98202610)
(88351, -11.61910152)
(88401, -13.36614227)
(88451, 0.43873250)
(88501, -11.55747700)
(88551, -12.17502499)
(88601, -9.74469757)
(88651, -13.18411636)
(88701, -5.84081554)
(88751, -12.99015045)
(88801, -12.80251122)
(88851, -8.62739658)
(88901, -12.68943024)
(88951, -10.69906330)
(89001, -4.23674345)
(89051, -13.16351509)
(89101, -12.43403435)
(89151, -12.94914246)
(89201, -9.36141014)
(89251, -3.72984171)
(89301, -13.56601143)
(89351, -13.51445770)
(89401, -11.33917236)
(89451, -13.80278111)
(89501, -7.33793402)
(89551, -3.05212736)
(89601, -13.30970383)
(89651, 4.36556959)
(89701, 8.29821873)
(89751, 3.94013190)
(89801, -13.51190662)
(89851, -9.11585999)
(89901, -10.25131416)
(89951, -12.56117821)
(90001, -9.95477867)
(90051, -4.18321180)
(90101, -12.53637886)
(90151, -12.56817341)
(90201, -14.33568382)
(90251, -13.91145229)
(90301, -6.52183867)
(90351, -11.45802879)
(90401, -1.67487717)
(90451, -12.02379036)
(90501, -4.71934414)
(90551, -3.20041156)
(90601, -6.73909569)
(90651, -12.23767090)
(90701, -0.37785387)
(90751, -11.49160767)
(90801, -13.39022541)
(90851, -13.84477711)
(90901, -7.30408859)
(90951, -8.77039433)
(91001, -6.04954052)
(91051, -13.52682877)
(91101, -6.58223820)
(91151, -11.56912041)
(91201, -13.44641495)
(91251, -13.26304531)
(91301, -9.57912350)
(91351, 38.61034775)
(91401, -3.50702953)
(91451, -13.20676613)
(91501, -15.05787754)
(91551, -12.15377522)
(91601, -6.22895622)
(91651, -12.01896763)
(91701, -10.60148144)
(91751, -10.67244625)
(91801, -13.19318962)
(91851, -12.05967426)
(91901, -10.84364128)
(91951, -14.96548271)
(92001, -13.40701199)
(92051, -9.19552708)
(92101, -9.78627682)
(92151, -8.12728500)
(92201, -9.07710361)
(92251, -13.49589252)
(92301, -13.07991791)
(92351, -4.57589817)
(92401, -13.30285454)
(92451, 0.87867415)
(92501, 5.88091612)
(92551, -12.07482815)
(92601, -3.63771844)
(92651, -6.21213579)
(92701, -14.13961220)
(92751, -11.52768230)
(92801, 10.00775242)
(92851, -11.24743271)
(92901, -5.39338255)
(92951, -13.04820442)
(93001, -11.82121181)
(93051, 8.48977470)
(93101, -15.04714680)
(93151, -15.08726597)
(93201, -10.38518620)
(93251, -13.70748520)
(93301, -6.39786339)
(93351, -2.60968018)
(93401, -13.41989326)
(93451, -13.24547768)
(93501, -4.10574722)
(93551, -13.00255394)
(93601, -8.20597458)
(93651, -14.06563377)
(93701, -13.66431999)
(93751, -13.86424732)
(93801, -12.01555157)
(93851, -1.99365973)
(93901, -5.02449560)
(93951, -14.23696613)
(94001, -10.80287170)
(94051, -12.44030571)
(94101, -7.32859039)
(94151, -10.69414520)
(94201, -13.02184391)
(94251, -13.22195053)
(94301, -12.21984577)
(94351, -2.03482533)
(94401, 1.02280891)
(94451, -13.63595295)
(94501, -14.01198959)
(94551, 2.76324463)
(94601, -3.18685627)
(94651, -13.30322742)
(94701, 10.80070400)
(94751, -14.66685581)
(94801, -9.31220627)
(94851, -10.40071106)
(94901, 5.40061617)
(94951, 5.69567442)
(95001, -8.89260387)
(95051, -10.69877720)
(95101, -4.42224407)
(95151, -13.22146225)
(95201, -12.85826492)
(95251, 7.94969177)
(95301, -12.58251667)
(95351, 2.57224464)
(95401, 0.19673568)
(95451, -12.14253521)
(95501, -5.54246759)
(95551, -14.47620106)
(95601, -12.94526958)
(95651, -7.03186131)
(95701, -7.73220348)
(95751, -10.44803905)
(95801, -5.99134064)
(95851, -13.18138885)
(95901, -11.32652760)
(95951, -13.25683403)
(96001, -4.78592110)
(96051, -13.75299168)
(96101, -4.82822990)
(96151, 0.29910308)
(96201, -11.23672485)
(96251, -12.80000210)
(96301, 4.34336185)
(96351, -4.73975897)
(96401, -8.69406319)
(96451, -11.06462002)
(96501, -12.31637478)
(96551, -14.09263420)
(96601, -14.31431961)
(96651, -14.07417488)
(96701, -10.48767567)
(96751, -8.96794128)
(96801, -13.59079647)
(96851, -12.85869980)
(96901, -13.85928535)
(96951, -11.89672470)
(97001, -13.20674992)
(97051, -8.39925575)
(97101, 0.68747091)
(97151, -5.27106380)
(97201, -11.46090984)
(97251, -13.51697826)
(97301, -13.30618668)
(97351, -13.06273174)
(97401, -0.87479866)
(97451, -14.04099464)
(97501, -13.80691051)
(97551, 2.59635639)
(97601, -13.48536682)
(97651, -12.66249371)
(97701, -4.93380642)
(97751, 3.03132534)
(97801, -12.96939278)
(97851, -10.97571373)
(97901, -0.77894783)
(97951, -10.99696064)
(98001, -14.20889473)
(98051, -14.62529182)
(98101, -9.44117641)
(98151, -9.94454002)
(98201, -12.86396694)
(98251, -14.18588352)
(98301, -13.46719360)
(98351, 0.47890347)
(98401, 0.19605666)
(98451, -13.47475529)
(98501, -11.96886444)
(98551, -12.52605820)
(98601, -12.12972736)
(98651, -8.16824150)
(98701, -13.68291283)
(98751, -12.85341549)
(98801, -11.90322971)
(98851, -8.82850361)
(98901, 2.60401487)
(98951, -11.53803349)
(99001, -7.28563547)
(99051, -12.93548584)
(99101, -14.11210632)
(99151, 0.90820110)
(99201, -12.06475925)
(99251, -10.35273361)
(99301, -2.80088305)
(99351, -13.62352753)
(99401, -12.76380825)
(99451, -13.23267365)
(99501, -10.46611500)
(99551, -11.00128651)
(99601, -13.20707607)
(99651, -11.57166386)
(99701, -12.21313477)
(99751, -9.77376366)
(99801, -13.47729683)
(99851, -14.52827263)
(99901, -12.15402985)
(99951, -7.47861385)
(100001, -10.34430790)
(100051, -14.48754025)
(100101, 26.68759918)
(100151, -12.63377571)
(100201, -12.81497192)
(100251, -11.43468761)
(100301, -14.36813545)
(100351, -9.85127258)
(100401, -5.69424820)
(100451, -15.16200924)
(100501, -13.93931007)
(100551, -13.34777355)
(100601, -9.85181522)
(100651, -13.59013367)
(100701, -14.27674103)
(100751, -6.94627523)
(100801, -10.01308632)
(100851, -11.24692440)
(100901, -14.20042419)
(100951, -4.24311352)
(101001, -6.47456980)
(101051, -5.34819794)
(101101, -14.62920952)
(101151, -6.37249231)
(101201, -8.57409096)
(101251, 3.89315271)
(101301, -7.97503901)
(101351, -7.72528934)
(101401, -14.41391754)
(101451, -13.50745487)
(101501, -7.69694042)
(101551, -13.48860359)
(101601, -4.05129671)
(101651, 2.71476269)
(101701, 0.69707704)
(101751, -11.81711197)
(101801, -10.56184006)
(101851, -13.85882378)
(101901, -10.54557610)
(101951, -8.48012161)
(102001, -11.26626396)
(102051, -4.71101236)
(102101, -13.59104156)
(102151, 3.40537548)
(102201, -10.54795647)
(102251, -11.64557457)
(102301, -7.96637678)
(102351, 3.31810045)
(102401, -14.53438473)
(102451, -12.16919708)
(102501, 2.55991173)
(102551, -14.63822556)
(102601, -0.42621434)
(102651, -14.14543629)
(102701, -12.40953350)
(102751, -8.33810043)
(102801, -13.74304962)
(102851, -13.41320229)
(102901, -7.77908707)
(102951, -12.87312317)
(103001, -13.11348057)
(103051, -13.35390663)
(103101, -8.44307232)
(103151, -13.92063808)
(103201, -11.41101742)
(103251, -14.09187508)
(103301, -9.31250477)
(103351, -9.06204033)
(103401, -13.63808346)
(103451, -8.12994766)
(103501, -12.97268391)
(103551, -11.50040436)
(103601, -9.64095497)
(103651, -14.58513451)
(103701, -5.61439800)
(103751, -8.10490513)
(103801, -14.80605316)
(103851, -2.67944813)
(103901, -12.75995827)
(103951, -12.52353764)
(104001, -3.89275646)
(104051, -5.17090607)
(104101, -14.62228775)
(104151, -10.10494518)
(104201, -3.62690043)
(104251, -4.33912039)
(104301, -14.47996712)
(104351, -14.11233711)
(104401, -13.82015991)
(104451, -12.17999268)
(104501, -13.92328644)
(104551, -12.97393417)
(104601, 3.39140081)
(104651, -11.66715717)
(104701, -10.15134525)
(104751, -14.16180420)
(104801, -8.07514858)
(104851, -13.55748940)
(104901, -13.11632347)
(104951, -9.28265667)
(105001, -13.95715427)
(105051, -13.58481503)
(105101, -4.65552902)
(105151, -13.60855675)
(105201, -14.42118073)
(105251, -6.80312347)
(105301, -13.88519955)
(105351, -13.05176544)
(105401, -12.10208035)
(105451, -10.01761818)
(105501, -14.59832859)
(105551, -3.66696548)
(105601, -13.45464134)
(105651, -12.32111549)
(105701, -11.14385319)
(105751, -6.29053688)
(105801, -10.77777863)
(105851, 2.11581755)
(105901, -9.88640690)
(105951, -13.86534405)
(106001, -14.32256603)
(106051, -12.88849163)
(106101, -14.68876457)
(106151, -15.11621094)
(106201, -13.75862122)
(106251, -12.41133595)
(106301, -11.58735371)
(106351, -10.96352482)
(106401, -15.55268669)
(106451, -13.52454090)
(106501, -2.45283079)
(106551, 8.05003357)
(106601, -12.97355843)
(106651, -13.76680183)
(106701, -12.80358028)
(106751, -12.87199688)
(106801, -9.57459641)
(106851, -13.51957130)
(106901, -11.61350632)
(106951, -10.60422802)
(107001, 1.82004261)
(107051, -8.58235836)
(107101, -12.34870243)
(107151, -12.22819519)
(107201, -8.44752216)
(107251, -10.97317600)
(107301, 5.44578457)
(107351, -13.45440483)
(107401, -10.54881573)
(107451, -13.78314400)
(107501, -10.73107815)
(107551, -13.11935616)
(107601, -2.42851591)
(107651, -10.91973019)
(107701, -14.23479557)
(107751, -9.01305962)
(107801, -13.84922695)
(107851, -12.93243313)
(107901, -10.64984894)
(107951, -9.74411392)
(108001, -9.20020294)
(108051, -11.19186497)
(108101, -13.68866730)
(108151, -11.83650303)
(108201, -12.34105492)
(108251, -13.32922363)
(108301, -5.50972462)
(108351, 1.12064457)
(108401, -8.42062759)
(108451, -14.09230995)
(108501, 0.26314580)
(108551, -14.49753380)
(108601, -14.37741089)
(108651, -12.51913357)
(108701, -13.88628960)
(108751, -7.57252121)
(108801, -13.66293907)
(108851, -12.99533939)
(108901, -7.01733303)
(108951, -2.42429423)
(109001, -13.97359467)
(109051, -1.67835069)
(109101, -12.08721828)
(109151, -13.65125561)
(109201, -11.24001789)
(109251, -15.18107986)
(109301, -10.24217987)
(109351, -11.90506554)
(109401, -11.76384258)
(109451, 1.12065172)
(109501, 3.11303997)
(109551, -0.09713155)
(109601, -13.63979626)
(109651, -11.65484428)
(109701, -14.23322773)
(109751, -14.10165310)
(109801, -1.90762830)
(109851, -10.37282467)
(109901, -10.51878071)
(109951, -1.50528240)
(110001, -14.19948387)
(110051, -13.15611839)
(110101, -0.61455882)
(110151, -12.34201050)
(110201, -12.72927761)
(110251, -13.51093578)
(110301, 3.92279840)
(110351, 1.54303133)
(110401, -8.06158638)
(110451, -14.01757908)
(110501, -12.13414955)
(110551, -5.99223328)
(110601, -11.40100956)
(110651, -11.98701859)
(110701, -13.63505173)
(110751, -10.32024765)
(110801, -14.83906746)
(110851, -12.26329517)
(110901, -14.13484764)
(110951, -9.07296753)
(111001, -10.60260582)
(111051, -13.72052670)
(111101, -13.46268272)
(111151, -5.70479584)
(111201, -12.75079346)
(111251, -4.79789352)
(111301, -9.09410095)
(111351, -12.76449394)
(111401, -11.52457428)
(111451, -12.53025818)
(111501, -14.52489758)
(111551, -11.81641388)
(111601, 10.76640320)
(111651, -14.04018402)
(111701, -0.87944913)
(111751, -11.50460625)
(111801, -12.97730827)
(111851, -13.52493572)
(111901, -12.37943268)
(111951, -13.83730030)
(112001, 2.98458672)
(112051, -10.36244774)
(112101, -2.00307178)
(112151, -14.09234238)
(112201, -10.25455952)
(112251, 19.43346596)
(112301, -13.90076065)
(112351, -13.68738079)
(112401, -10.90617943)
(112451, -12.43031597)
(112501, -10.10913086)
(112551, -14.31494522)
(112601, -10.71468544)
(112651, -13.56831169)
(112701, -14.45909500)
(112751, -14.02884674)
(112801, -5.58520031)
(112851, -14.34167194)
(112901, -12.42775536)
(112951, -13.91613770)
(113001, -9.85751152)
(113051, -13.14716053)
(113101, -10.42639256)
(113151, -7.05229187)
(113201, -13.85097790)
(113251, -9.42023849)
(113301, -7.79013729)
(113351, -14.26802921)
(113401, 5.86557961)
(113451, -8.70332146)
(113501, -15.22027111)
(113551, -1.08830345)
(113601, 0.69383657)
(113651, -4.98521376)
(113701, -12.07841969)
(113751, -6.55706739)
(113801, -15.04716778)
(113851, 5.94471264)
(113901, -14.33663940)
(113951, -14.89355755)
(114001, -11.46600628)
(114051, -6.72152901)
(114101, -14.97176075)
(114151, -11.46247101)
(114201, -12.92286110)
(114251, -3.24166250)
(114301, -14.58019257)
(114351, -12.37578106)
(114401, -9.28123379)
(114451, 7.49390984)
(114501, -14.44596767)
(114551, -14.78118134)
(114601, -12.58314514)
(114651, -3.03392577)
(114701, -13.29562569)
(114751, -8.43685913)
(114801, -12.26176739)
(114851, -14.42468929)
(114901, -10.02584648)
(114951, -3.10962200)
(115001, -14.13687134)
(115051, -11.05116749)
(115101, -12.45674324)
(115151, -12.98960781)
(115201, -6.37804890)
(115251, -5.68303299)
(115301, -14.02340031)
(115351, -12.34845448)
(115401, -10.58424950)
(115451, -11.51037979)
(115501, -11.92435169)
(115551, -11.40930748)
(115601, -13.61217594)
(115651, -2.91777349)
(115701, -13.93140030)
(115751, -12.37614155)
(115801, -12.68648243)
(115851, -11.83249760)
(115901, -9.50189495)
(115951, -9.51164150)
(116001, -12.44239807)
(116051, -15.18813992)
(116101, -13.89029980)
(116151, -13.01223755)
(116201, -13.69002628)
(116251, -13.36861706)
(116301, -2.76860714)
(116351, -13.30645847)
(116401, -14.56155205)
(116451, -9.99152088)
(116501, -12.28178406)
(116551, -15.00409698)
(116601, -14.05188465)
(116651, -8.42111206)
(116701, -3.85910487)
(116751, -14.17716885)
(116801, -13.81587601)
(116851, -6.73536873)
(116901, -10.73454094)
(116951, -8.24524403)
(117001, -14.54016972)
(117051, -10.33819103)
(117101, -0.06531668)
(117151, -11.28512859)
(117201, -8.73803425)
(117251, -14.03005791)
(117301, -13.02473068)
(117351, -10.25478268)
(117401, -14.44159508)
(117451, -14.09916687)
(117501, -14.66217327)
(117551, -4.78990936)
(117601, 4.39140463)
(117651, -12.57800674)
(117701, -14.05877495)
(117751, -14.36980629)
(117801, -13.84486294)
(117851, -2.80236936)
(117901, -11.45279980)
(117951, -10.13128567)
(118001, -13.22557449)
(118051, -14.59046173)
(118101, -11.87779427)
(118151, -14.67418003)
(118201, -11.12806320)
(118251, -13.76929283)
(118301, -5.88607121)
(118351, -9.72080612)
(118401, -12.60212040)
(118451, -8.37458992)
(118501, -6.59140110)
(118551, -13.63898849)
(118601, -13.90718937)
(118651, -13.66404247)
(118701, -15.08160305)
(118751, -14.76790333)
(118801, -11.45128822)
(118851, -14.11818218)
(118901, -14.53109932)
(118951, -12.27337646)
(119001, 1.26059937)
(119051, -7.21472502)
(119101, -10.39522362)
(119151, -5.40722275)
(119201, -14.27937794)
(119251, -13.41054630)
(119301, -11.61888313)
(119351, -13.02237606)
(119401, -12.50818443)
(119451, -4.54449749)
(119501, 6.05155849)
(119551, 1.21285129)
(119601, -10.22197247)
(119651, -7.97185564)
(119701, 6.64252138)
(119751, -12.77493477)
(119801, -13.08412266)
(119851, -11.92656898)
(119901, -13.56237793)
(119951, -13.15888214)
(120001, -1.53678906)
(120051, -12.35515785)
(120101, -12.64476109)
(120151, -13.94301224)
(120201, -12.62985229)
(120251, -10.91701889)
(120301, -14.03465271)
(120351, -5.55797386)
(120401, -7.85640001)
(120451, -15.12617016)
(120501, -11.42175770)
(120551, -12.59315014)
(120601, -12.39810753)
(120651, -4.83894348)
(120701, -14.35605145)
(120751, -10.68731403)
(120801, 1.43302548)
(120851, 0.38310838)
(120901, -13.93326569)
(120951, -13.86389351)
(121001, -8.67828178)
(121051, -11.11570263)
(121101, -11.73543644)
(121151, -10.44554806)
(121201, -14.01620007)
(121251, -13.08082676)
(121301, -13.48158741)
(121351, -8.20775414)
(121401, -4.99820948)
(121451, 5.10321712)
(121501, -0.85620499)
(121551, -12.09677601)
(121601, -10.89401817)
(121651, -12.88984203)
(121701, -7.05312347)
(121751, -11.33002949)
(121801, -7.07919788)
(121851, -8.10076714)
(121901, 7.91362715)
(121951, -8.03913403)
(122001, -12.27739143)
(122051, -11.92917824)
(122101, -13.94752884)
(122151, -11.24563313)
(122201, -12.94950581)
(122251, -11.68993473)
(122301, -14.84690189)
(122351, -7.11582232)
(122401, -13.56366634)
(122451, -8.94677162)
(122501, -13.91626740)
(122551, -13.88746452)
(122601, -9.33405495)
(122651, -14.47357082)
(122701, -8.57130718)
(122751, -8.32073307)
(122801, -10.54777908)
(122851, -13.25684357)
(122901, -5.19816875)
(122951, -13.00309753)
(123001, -12.18555832)
(123051, -12.03232479)
(123101, -13.03335476)
(123151, 0.07819259)
(123201, -7.72152328)
(123251, -12.63856125)
(123301, 18.27947235)
(123351, -13.53849888)
(123401, -14.52311897)
(123451, -12.35108089)
(123501, -13.11317825)
(123551, -10.98931694)
(123601, -13.84498501)
(123651, -14.13001823)
(123701, 1.33034420)
(123751, -12.51880550)
(123801, -13.63811874)
(123851, -7.70862103)
(123901, -7.08518505)
(123951, -1.68179893)
(124001, -14.59521198)
(124051, -13.37167931)
(124101, -14.93643665)
(124151, -12.54730988)
(124201, -12.02496624)
(124251, -0.89885622)
(124301, -14.29887962)
(124351, -13.48705292)
(124401, 10.22302151)
(124451, -3.93638515)
(124501, -13.91808510)
(124551, -12.92137432)
(124601, -11.72028446)
(124651, 1.69380045)
(124701, -12.47992325)
(124751, -4.81794596)
(124801, -14.46413612)
(124851, -13.98980331)
(124901, -9.28652573)
(124951, 3.18315792)
