(1, 0.49501017)
(51, 0.19357757)
(101, 0.13593946)
(151, 0.11307798)
(201, 0.10050917)
(251, 0.09496195)
(301, 0.08480264)
(351, 0.08337904)
(401, 0.07444764)
(451, 0.06864898)
(501, 0.06465157)
(551, 0.05951239)
(601, 0.05784983)
(651, 0.05357841)
(701, 0.05086363)
(751, 0.05198453)
(801, 0.05199618)
(851, 0.04753526)
(901, 0.04430678)
(951, 0.04583208)
(1001, 0.04535216)
(1051, 0.04171870)
(1101, 0.04128955)
(1151, 0.03943292)
(1201, 0.04087805)
(1251, 0.03882818)
(1301, 0.03590634)
(1351, 0.03511840)
(1401, 0.03648798)
(1451, 0.03502252)
(1501, 0.03415275)
(1551, 0.03406950)
(1601, 0.03398547)
(1651, 0.03401594)
(1701, 0.03135254)
(1751, 0.03124270)
(1801, 0.03471916)
(1851, 0.03134577)
(1901, 0.03000098)
(1951, 0.03025274)
(2001, 0.02893303)
(2051, 0.02800606)
(2101, 0.02849968)
(2151, 0.02765121)
(2201, 0.03123251)
(2251, 0.02932896)
(2301, 0.02700412)
(2351, 0.02739930)
(2401, 0.03000997)
(2451, 0.02813350)
(2501, 0.02551662)
(2551, 0.02475456)
(2601, 0.02608171)
(2651, 0.02617954)
(2701, 0.02658054)
(2751, 0.02554226)
(2801, 0.02497625)
(2851, 0.02785094)
(2901, 0.02653648)
(2951, 0.02489762)
(3001, 0.02435521)
(3051, 0.02287729)
(3101, 0.02447848)
(3151, 0.02667391)
(3201, 0.02236678)
(3251, 0.02557499)
(3301, 0.02243353)
(3351, 0.02122884)
(3401, 0.02154218)
(3451, 0.02429799)
(3501, 0.02139230)
(3551, 0.02327031)
(3601, 0.02234910)
(3651, 0.02165669)
(3701, 0.02111722)
(3751, 0.02077963)
(3801, 0.02102315)
(3851, 0.02123779)
(3901, 0.02124417)
(3951, 0.02031449)
(4001, 0.02063189)
(4051, 0.02280291)
(4101, 0.01966376)
(4151, 0.02042054)
(4201, 0.01996401)
(4251, 0.02141335)
(4301, 0.02071356)
(4351, 0.02459097)
(4401, 0.01844073)
(4451, 0.02423306)
(4501, 0.02121958)
(4551, 0.01965456)
(4601, 0.01956492)
(4651, 0.01889698)
(4701, 0.01994555)
(4751, 0.01817928)
(4801, 0.01968656)
(4851, 0.01961273)
(4901, 0.01796378)
(4951, 0.01931545)
(5001, 0.01875641)
(5051, 0.01775321)
(5101, 0.01737395)
(5151, 0.01919098)
(5201, 0.01783269)
(5251, 0.01891565)
(5301, 0.01735301)
(5351, 0.01728533)
(5401, 0.01760721)
(5451, 0.01777189)
(5501, 0.01927285)
(5551, 0.01690623)
(5601, 0.01755071)
(5651, 0.01771799)
(5701, 0.01765041)
(5751, 0.01674279)
(5801, 0.01619400)
(5851, 0.01769004)
(5901, 0.01632527)
(5951, 0.01747100)
(6001, 0.01682409)
(6051, 0.01669188)
(6101, 0.01738934)
(6151, 0.01638606)
(6201, 0.01771091)
(6251, 0.01656917)
(6301, 0.01742471)
(6351, 0.01638135)
(6401, 0.01575874)
(6451, 0.01654234)
(6501, 0.01633031)
(6551, 0.01580482)
(6601, 0.01718183)
(6651, 0.01614532)
(6701, 0.01671904)
(6751, 0.01610946)
(6801, 0.01658109)
(6851, 0.01556619)
(6901, 0.01477597)
(6951, 0.01674173)
(7001, 0.01530259)
(7051, 0.01591747)
(7101, 0.01648806)
(7151, 0.01465953)
(7201, 0.01486739)
(7251, 0.01565873)
(7301, 0.01572764)
(7351, 0.01615348)
(7401, 0.01505275)
(7451, 0.01516320)
(7501, 0.01493354)
(7551, 0.01520077)
(7601, 0.01487453)
(7651, 0.01461193)
(7701, 0.01546767)
(7751, 0.01548152)
(7801, 0.01579868)
(7851, 0.01464233)
(7901, 0.01415184)
(7951, 0.01537892)
(8001, 0.01552601)
(8051, 0.01495358)
(8101, 0.01466680)
(8151, 0.01469121)
(8201, 0.01488667)
(8251, 0.01475683)
(8301, 0.01404871)
(8351, 0.01469966)
(8401, 0.01437220)
(8451, 0.01455240)
(8501, 0.01313626)
(8551, 0.01385159)
(8601, 0.01409992)
(8651, 0.01372920)
(8701, 0.01406351)
(8751, 0.01414817)
(8801, 0.01503065)
(8851, 0.01441139)
(8901, 0.01368074)
(8951, 0.01496175)
(9001, 0.01411975)
(9051, 0.01403159)
(9101, 0.01352693)
(9151, 0.01488088)
(9201, 0.01356091)
(9251, 0.01558201)
(9301, 0.01355570)
(9351, 0.01364950)
(9401, 0.01426573)
(9451, 0.01417230)
(9501, 0.01541232)
(9551, 0.01468151)
(9601, 0.01293424)
(9651, 0.01344752)
(9701, 0.01373421)
(9751, 0.01383068)
(9801, 0.01280513)
(9851, 0.01303736)
(9901, 0.01341719)
(9951, 0.01282817)
(10001, 0.01376715)
(10051, 0.01394219)
(10101, 0.01372583)
(10151, 0.01420568)
(10201, 0.01466073)
(10251, 0.01358859)
(10301, 0.01455115)
(10351, 0.01358791)
(10401, 0.01286138)
(10451, 0.01338379)
(10501, 0.01323484)
(10551, 0.01261625)
(10601, 0.01339064)
(10651, 0.01361836)
(10701, 0.01273587)
(10751, 0.01291172)
(10801, 0.01328523)
(10851, 0.01311079)
(10901, 0.01177446)
(10951, 0.01339141)
(11001, 0.01320906)
(11051, 0.01309520)
(11101, 0.01226567)
(11151, 0.01295505)
(11201, 0.01301988)
(11251, 0.01357789)
(11301, 0.01377433)
(11351, 0.01312686)
(11401, 0.01197284)
(11451, 0.01302637)
(11501, 0.01382669)
(11551, 0.01196903)
(11601, 0.01219549)
(11651, 0.01328452)
(11701, 0.01169351)
(11751, 0.01433374)
(11801, 0.01330690)
(11851, 0.01221940)
(11901, 0.01282037)
(11951, 0.01208430)
(12001, 0.01280609)
(12051, 0.01241939)
(12101, 0.01188129)
(12151, 0.01224078)
(12201, 0.01227237)
(12251, 0.01159341)
(12301, 0.01368333)
(12351, 0.01194166)
(12401, 0.01212077)
(12451, 0.01224619)
(12501, 0.01260898)
(12551, 0.01238904)
(12601, 0.01207291)
(12651, 0.01152685)
(12701, 0.01217847)
(12751, 0.01184435)
(12801, 0.01249739)
(12851, 0.01176679)
(12901, 0.01235508)
(12951, 0.01182882)
(13001, 0.01248080)
(13051, 0.01183700)
(13101, 0.01216593)
(13151, 0.01251661)
(13201, 0.01239152)
(13251, 0.01273448)
(13301, 0.01185506)
(13351, 0.01241342)
(13401, 0.01217438)
(13451, 0.01192900)
(13501, 0.01153507)
(13551, 0.01161986)
(13601, 0.01252046)
(13651, 0.01209797)
(13701, 0.01208149)
(13751, 0.01295069)
(13801, 0.01119067)
(13851, 0.01284636)
(13901, 0.01118260)
(13951, 0.01197277)
(14001, 0.01244619)
(14051, 0.01204647)
(14101, 0.01263297)
(14151, 0.01152662)
(14201, 0.01155860)
(14251, 0.01218582)
(14301, 0.01170094)
(14351, 0.01179220)
(14401, 0.01159359)
(14451, 0.01164545)
(14501, 0.01179733)
(14551, 0.01202226)
(14601, 0.01154407)
(14651, 0.01222510)
(14701, 0.01156269)
(14751, 0.01160293)
(14801, 0.01220617)
(14851, 0.01162388)
(14901, 0.01156659)
(14951, 0.01105498)
(15001, 0.01139937)
(15051, 0.01140064)
(15101, 0.01203349)
(15151, 0.01132499)
(15201, 0.01172745)
(15251, 0.01223105)
(15301, 0.01175941)
(15351, 0.01092374)
(15401, 0.01116628)
(15451, 0.01101070)
(15501, 0.01153684)
(15551, 0.01113230)
(15601, 0.01195039)
(15651, 0.01229794)
(15701, 0.01122360)
(15751, 0.01183270)
(15801, 0.01170372)
(15851, 0.01075392)
(15901, 0.01141371)
(15951, 0.01096966)
(16001, 0.01174293)
(16051, 0.01071177)
(16101, 0.01173131)
(16151, 0.01111443)
(16201, 0.01174631)
(16251, 0.01105294)
(16301, 0.01131780)
(16351, 0.01163442)
(16401, 0.01174375)
(16451, 0.01106519)
(16501, 0.01114842)
(16551, 0.01093356)
(16601, 0.01168445)
(16651, 0.01106623)
(16701, 0.01127788)
(16751, 0.01105012)
(16801, 0.01123475)
(16851, 0.01136710)
(16901, 0.01086664)
(16951, 0.01131458)
(17001, 0.01089857)
(17051, 0.01089313)
(17101, 0.01120704)
(17151, 0.01083874)
(17201, 0.01084640)
(17251, 0.01119910)
(17301, 0.01202753)
(17351, 0.01127744)
(17401, 0.01104784)
(17451, 0.01042856)
(17501, 0.01102320)
(17551, 0.01187440)
(17601, 0.01062243)
(17651, 0.01003282)
(17701, 0.01086357)
(17751, 0.01029095)
(17801, 0.01067792)
(17851, 0.01127869)
(17901, 0.01121962)
(17951, 0.01099102)
(18001, 0.01139378)
(18051, 0.01110098)
(18101, 0.01200813)
(18151, 0.01092723)
(18201, 0.01087406)
(18251, 0.01083186)
(18301, 0.01138124)
(18351, 0.01091965)
(18401, 0.01097903)
(18451, 0.01062479)
(18501, 0.01023476)
(18551, 0.01072016)
(18601, 0.01127670)
(18651, 0.01036361)
(18701, 0.01073486)
(18751, 0.01124903)
(18801, 0.01062114)
(18851, 0.01114227)
(18901, 0.01101486)
(18951, 0.01029342)
(19001, 0.01068626)
(19051, 0.01012569)
(19101, 0.01063555)
(19151, 0.01079646)
(19201, 0.01244485)
(19251, 0.01048895)
(19301, 0.01124004)
(19351, 0.01040928)
(19401, 0.01045673)
(19451, 0.01058507)
(19501, 0.01078160)
(19551, 0.01035075)
(19601, 0.01133945)
(19651, 0.00999762)
(19701, 0.01350237)
(19751, 0.01035878)
(19801, 0.01034681)
(19851, 0.01073767)
(19901, 0.01151272)
(19951, 0.01037700)
(20001, 0.01035747)
(20051, 0.01048630)
(20101, 0.01032155)
(20151, 0.01077852)
(20201, 0.01004349)
(20251, 0.01015754)
(20301, 0.01009673)
(20351, 0.01098712)
(20401, 0.01002582)
(20451, 0.01115420)
(20501, 0.01030274)
(20551, 0.00978623)
(20601, 0.01087835)
(20651, 0.00985997)
(20701, 0.01065188)
(20751, 0.01022982)
(20801, 0.00996057)
(20851, 0.01045856)
(20901, 0.01090546)
(20951, 0.01110974)
(21001, 0.01193576)
(21051, 0.01039342)
(21101, 0.00993893)
(21151, 0.01013381)
(21201, 0.01074112)
(21251, 0.00999853)
(21301, 0.01053010)
(21351, 0.00988814)
(21401, 0.01021575)
(21451, 0.01051515)
(21501, 0.01167697)
(21551, 0.01069566)
(21601, 0.01020092)
(21651, 0.00986781)
(21701, 0.01019548)
(21751, 0.01006646)
(21801, 0.01057306)
(21851, 0.01033114)
(21901, 0.00982067)
(21951, 0.00941998)
(22001, 0.01011068)
(22051, 0.01082013)
(22101, 0.00995822)
(22151, 0.01061491)
(22201, 0.01095698)
(22251, 0.01043379)
(22301, 0.01071796)
(22351, 0.01017427)
(22401, 0.01077439)
(22451, 0.01013994)
(22501, 0.01009352)
(22551, 0.00988784)
(22601, 0.01026165)
(22651, 0.01013233)
(22701, 0.00939678)
(22751, 0.01024451)
(22801, 0.00950275)
(22851, 0.01023929)
(22901, 0.00997396)
(22951, 0.00963346)
(23001, 0.00954507)
(23051, 0.00995026)
(23101, 0.00950597)
(23151, 0.00951252)
(23201, 0.00990409)
(23251, 0.00945037)
(23301, 0.00985054)
(23351, 0.01043307)
(23401, 0.00995065)
(23451, 0.00992599)
(23501, 0.01025939)
(23551, 0.00983067)
(23601, 0.01017787)
(23651, 0.01071542)
(23701, 0.00931150)
(23751, 0.00984379)
(23801, 0.00940147)
(23851, 0.01034521)
(23901, 0.00987135)
(23951, 0.01036475)
(24001, 0.01016576)
(24051, 0.01029449)
(24101, 0.00962893)
(24151, 0.01009388)
(24201, 0.01009469)
(24251, 0.00984514)
(24301, 0.00952546)
(24351, 0.00962146)
(24401, 0.00958788)
(24451, 0.01003426)
(24501, 0.00985764)
(24551, 0.01017421)
(24601, 0.00948790)
(24651, 0.00952884)
(24701, 0.01002110)
(24751, 0.00976329)
(24801, 0.00979156)
(24851, 0.01046850)
(24901, 0.01014791)
(24951, 0.01002476)
(25001, 0.01007786)
(25051, 0.01013236)
(25101, 0.00994037)
(25151, 0.00959999)
(25201, 0.00972619)
(25251, 0.00937984)
(25301, 0.00955143)
(25351, 0.00962014)
(25401, 0.00983225)
(25451, 0.00982352)
(25501, 0.01000316)
(25551, 0.00972632)
(25601, 0.00953590)
(25651, 0.00977702)
(25701, 0.00964837)
(25751, 0.00870848)
(25801, 0.01042622)
(25851, 0.00920993)
(25901, 0.00983002)
(25951, 0.00975793)
(26001, 0.00997696)
(26051, 0.01071121)
(26101, 0.00910959)
(26151, 0.00981453)
(26201, 0.00945491)
(26251, 0.01106355)
(26301, 0.00927148)
(26351, 0.00944017)
(26401, 0.00950480)
(26451, 0.00907954)
(26501, 0.00906381)
(26551, 0.00951392)
(26601, 0.00955049)
(26651, 0.00887780)
(26701, 0.00955727)
(26751, 0.00910936)
(26801, 0.01000195)
(26851, 0.00970089)
(26901, 0.00973468)
(26951, 0.00883256)
(27001, 0.00926995)
(27051, 0.00949058)
(27101, 0.00919293)
(27151, 0.00947845)
(27201, 0.00958424)
(27251, 0.00894000)
(27301, 0.00945367)
(27351, 0.00909691)
(27401, 0.00926688)
(27451, 0.01053449)
(27501, 0.00900469)
(27551, 0.00951259)
(27601, 0.01154070)
(27651, 0.00945737)
(27701, 0.00937077)
(27751, 0.01003543)
(27801, 0.00987075)
(27851, 0.00910262)
(27901, 0.00918504)
(27951, 0.00934882)
(28001, 0.00904839)
(28051, 0.00930192)
(28101, 0.00956325)
(28151, 0.00967551)
(28201, 0.00898368)
(28251, 0.00957592)
(28301, 0.00965661)
(28351, 0.00939500)
(28401, 0.00965417)
(28451, 0.00990952)
(28501, 0.00884198)
(28551, 0.00946570)
(28601, 0.00939974)
(28651, 0.00918867)
(28701, 0.00955934)
(28751, 0.00889966)
(28801, 0.00908066)
(28851, 0.00918694)
(28901, 0.00875193)
(28951, 0.00880675)
(29001, 0.00944284)
(29051, 0.01028657)
(29101, 0.01054076)
(29151, 0.00950021)
(29201, 0.00920257)
(29251, 0.00879175)
(29301, 0.00925161)
(29351, 0.00978339)
(29401, 0.00944360)
(29451, 0.00998412)
(29501, 0.00972873)
(29551, 0.00928786)
(29601, 0.00921813)
(29651, 0.01058497)
(29701, 0.00883606)
(29751, 0.00907254)
(29801, 0.00836298)
(29851, 0.00936227)
(29901, 0.00904467)
(29951, 0.00899767)
(30001, 0.00909685)
(30051, 0.00918980)
(30101, 0.00930252)
(30151, 0.00869360)
(30201, 0.00890288)
(30251, 0.00860876)
(30301, 0.00924630)
(30351, 0.00837915)
(30401, 0.00983397)
(30451, 0.00975189)
(30501, 0.00886152)
(30551, 0.00922470)
(30601, 0.00917344)
(30651, 0.00915902)
(30701, 0.00851972)
(30751, 0.00948625)
(30801, 0.00889351)
(30851, 0.00904727)
(30901, 0.00932379)
(30951, 0.00893176)
(31001, 0.00901772)
(31051, 0.00891395)
(31101, 0.00885997)
(31151, 0.00917307)
(31201, 0.00850398)
(31251, 0.00845005)
(31301, 0.00924495)
(31351, 0.00996313)
(31401, 0.00888715)
(31451, 0.00797234)
(31501, 0.00870514)
(31551, 0.00892157)
(31601, 0.00841810)
(31651, 0.00875320)
(31701, 0.00885590)
(31751, 0.00897329)
(31801, 0.00860649)
(31851, 0.00880847)
(31901, 0.00967845)
(31951, 0.00890853)
(32001, 0.00900085)
(32051, 0.00897647)
(32101, 0.00905794)
(32151, 0.00849847)
(32201, 0.00807020)
(32251, 0.00911141)
(32301, 0.00899355)
(32351, 0.00887980)
(32401, 0.00882000)
(32451, 0.00865367)
(32501, 0.00908378)
(32551, 0.00960657)
(32601, 0.00918413)
(32651, 0.00854439)
(32701, 0.00892006)
(32751, 0.00861260)
(32801, 0.00882094)
(32851, 0.00859918)
(32901, 0.00814511)
(32951, 0.00874453)
(33001, 0.00935206)
(33051, 0.00939790)
(33101, 0.00919492)
(33151, 0.00860792)
(33201, 0.01043539)
(33251, 0.00886860)
(33301, 0.00954184)
(33351, 0.00856746)
(33401, 0.00866122)
(33451, 0.00962899)
(33501, 0.00848950)
(33551, 0.00847770)
(33601, 0.00893067)
(33651, 0.00852889)
(33701, 0.00835295)
(33751, 0.00864907)
(33801, 0.00847565)
(33851, 0.00816114)
(33901, 0.00840377)
(33951, 0.00859922)
(34001, 0.00928349)
(34051, 0.00959611)
(34101, 0.00914856)
(34151, 0.00864728)
(34201, 0.00875866)
(34251, 0.00898869)
(34301, 0.00814456)
(34351, 0.00839089)
(34401, 0.00818650)
(34451, 0.00971972)
(34501, 0.00812821)
(34551, 0.00856485)
(34601, 0.00842888)
(34651, 0.00831348)
(34701, 0.00865621)
(34751, 0.00873127)
(34801, 0.00866713)
(34851, 0.00877769)
(34901, 0.00890127)
(34951, 0.00868477)
(35001, 0.00878458)
(35051, 0.00852342)
(35101, 0.00864417)
(35151, 0.00879688)
(35201, 0.00842844)
(35251, 0.00828622)
(35301, 0.00834867)
(35351, 0.00822543)
(35401, 0.00851649)
(35451, 0.00842518)
(35501, 0.00838888)
(35551, 0.00932974)
(35601, 0.00822137)
(35651, 0.00854831)
(35701, 0.00827756)
(35751, 0.00847917)
(35801, 0.01007478)
(35851, 0.00824228)
(35901, 0.00847976)
(35951, 0.00856876)
(36001, 0.00884358)
(36051, 0.00833183)
(36101, 0.00853152)
(36151, 0.00889476)
(36201, 0.00881223)
(36251, 0.00871721)
(36301, 0.00841814)
(36351, 0.00904501)
(36401, 0.00835799)
(36451, 0.00814838)
(36501, 0.00841292)
(36551, 0.00793516)
(36601, 0.00860362)
(36651, 0.00895559)
(36701, 0.00869310)
(36751, 0.00923693)
(36801, 0.00940740)
(36851, 0.00866668)
(36901, 0.00815505)
(36951, 0.00823618)
(37001, 0.01002841)
(37051, 0.00917718)
(37101, 0.00871752)
(37151, 0.00888514)
(37201, 0.00815865)
(37251, 0.00863460)
(37301, 0.00876904)
(37351, 0.00817926)
(37401, 0.00865051)
(37451, 0.00823356)
(37501, 0.00819764)
(37551, 0.00812261)
(37601, 0.00795355)
(37651, 0.00869774)
(37701, 0.00866783)
(37751, 0.00877365)
(37801, 0.00835375)
(37851, 0.00901777)
(37901, 0.00882774)
(37951, 0.00850261)
(38001, 0.00881661)
(38051, 0.00813680)
(38101, 0.00934383)
(38151, 0.00975316)
(38201, 0.00801432)
(38251, 0.00786948)
(38301, 0.00758951)
(38351, 0.00919829)
(38401, 0.00793416)
(38451, 0.00830353)
(38501, 0.00798224)
(38551, 0.00868312)
(38601, 0.00838478)
(38651, 0.00877977)
(38701, 0.00990137)
(38751, 0.00859017)
(38801, 0.00818792)
(38851, 0.00780040)
(38901, 0.00809207)
(38951, 0.00856923)
(39001, 0.00806144)
(39051, 0.00849169)
(39101, 0.00880026)
(39151, 0.00865303)
(39201, 0.00830822)
(39251, 0.00835053)
(39301, 0.00912402)
(39351, 0.00833966)
(39401, 0.00845942)
(39451, 0.00854765)
(39501, 0.00883597)
(39551, 0.00812330)
(39601, 0.00859683)
(39651, 0.00856251)
(39701, 0.00849352)
(39751, 0.00833990)
(39801, 0.00843347)
(39851, 0.00784734)
(39901, 0.00813577)
(39951, 0.00814689)
(40001, 0.00834783)
(40051, 0.00790732)
(40101, 0.00796441)
(40151, 0.00819832)
(40201, 0.00827632)
(40251, 0.00858921)
(40301, 0.00780693)
(40351, 0.00886959)
(40401, 0.00828866)
(40451, 0.00788410)
(40501, 0.00882223)
(40551, 0.00812733)
(40601, 0.00786006)
(40651, 0.00800919)
(40701, 0.00919672)
(40751, 0.00865680)
(40801, 0.00856868)
(40851, 0.00848235)
(40901, 0.00818715)
(40951, 0.00915153)
(41001, 0.00869511)
(41051, 0.00827668)
(41101, 0.00851691)
(41151, 0.00879625)
(41201, 0.00733808)
(41251, 0.00849418)
(41301, 0.00832939)
(41351, 0.00803413)
(41401, 0.00809133)
(41451, 0.00799317)
(41501, 0.00829817)
(41551, 0.00811902)
(41601, 0.00834036)
(41651, 0.00788245)
(41701, 0.00843182)
(41751, 0.00818534)
(41801, 0.00874867)
(41851, 0.00838407)
(41901, 0.00803902)
(41951, 0.00798750)
(42001, 0.00802042)
(42051, 0.00799001)
(42101, 0.00801602)
(42151, 0.00866981)
(42201, 0.00833773)
(42251, 0.00848920)
(42301, 0.00960028)
(42351, 0.00838270)
(42401, 0.00939118)
(42451, 0.00779339)
(42501, 0.00851998)
(42551, 0.00811838)
(42601, 0.00802347)
(42651, 0.00845174)
(42701, 0.00847115)
(42751, 0.00764808)
(42801, 0.00801447)
(42851, 0.00805642)
(42901, 0.00801798)
(42951, 0.00920639)
(43001, 0.00774590)
(43051, 0.00787865)
(43101, 0.00836444)
(43151, 0.00826615)
(43201, 0.00869911)
(43251, 0.00855530)
(43301, 0.00783225)
(43351, 0.00795114)
(43401, 0.00819988)
(43451, 0.00780190)
(43501, 0.00853526)
(43551, 0.00788653)
(43601, 0.00811020)
(43651, 0.00775612)
(43701, 0.00804336)
(43751, 0.00811917)
(43801, 0.00777034)
(43851, 0.00795454)
(43901, 0.00811664)
(43951, 0.00796447)
(44001, 0.00814059)
(44051, 0.00883672)
(44101, 0.00802884)
(44151, 0.00779949)
(44201, 0.00758386)
(44251, 0.00823678)
(44301, 0.00852393)
(44351, 0.00827829)
(44401, 0.00757494)
(44451, 0.00842704)
(44501, 0.00787099)
(44551, 0.00835968)
(44601, 0.00777626)
(44651, 0.00812610)
(44701, 0.00747684)
(44751, 0.00779710)
(44801, 0.00790091)
(44851, 0.00805428)
(44901, 0.00812119)
(44951, 0.00779603)
(45001, 0.00820119)
(45051, 0.00794410)
(45101, 0.00789796)
(45151, 0.00752669)
(45201, 0.00819420)
(45251, 0.00788884)
(45301, 0.00751801)
(45351, 0.00784641)
(45401, 0.00773806)
(45451, 0.00810128)
(45501, 0.00835971)
(45551, 0.00767934)
(45601, 0.00783766)
(45651, 0.00748842)
(45701, 0.00817528)
(45751, 0.00822329)
(45801, 0.00757352)
(45851, 0.00745910)
(45901, 0.00797020)
(45951, 0.00736837)
(46001, 0.00789461)
(46051, 0.00760224)
(46101, 0.00802433)
(46151, 0.00795747)
(46201, 0.00796805)
(46251, 0.00770540)
(46301, 0.00791857)
(46351, 0.00789962)
(46401, 0.00781919)
(46451, 0.00773625)
(46501, 0.00802483)
(46551, 0.00778796)
(46601, 0.00748432)
(46651, 0.00760484)
(46701, 0.00835729)
(46751, 0.00843611)
(46801, 0.00804914)
(46851, 0.00787650)
(46901, 0.00806928)
(46951, 0.00828367)
(47001, 0.00780416)
(47051, 0.00764539)
(47101, 0.00774881)
(47151, 0.00846658)
(47201, 0.00861499)
(47251, 0.00817857)
(47301, 0.00829464)
(47351, 0.00752619)
(47401, 0.00823774)
(47451, 0.00879964)
(47501, 0.00825678)
(47551, 0.00797423)
(47601, 0.00806624)
(47651, 0.00775712)
(47701, 0.00799673)
(47751, 0.00818671)
(47801, 0.00775754)
(47851, 0.00829391)
(47901, 0.00846724)
(47951, 0.00835850)
(48001, 0.00855337)
(48051, 0.00791600)
(48101, 0.00791057)
(48151, 0.00771143)
(48201, 0.00771962)
(48251, 0.00708686)
(48301, 0.00933142)
(48351, 0.00772390)
(48401, 0.00797363)
(48451, 0.00773823)
(48501, 0.00791583)
(48551, 0.00722903)
(48601, 0.00740536)
(48651, 0.00759273)
(48701, 0.00758832)
(48751, 0.00824192)
(48801, 0.00810197)
(48851, 0.00784454)
(48901, 0.00858083)
(48951, 0.00834513)
(49001, 0.00825484)
(49051, 0.00734822)
(49101, 0.00799512)
(49151, 0.00797787)
(49201, 0.00783385)
(49251, 0.00780933)
(49301, 0.00805270)
(49351, 0.00825655)
(49401, 0.00823708)
(49451, 0.00844150)
(49501, 0.00783209)
(49551, 0.00803219)
(49601, 0.00767611)
(49651, 0.00902585)
(49701, 0.00745186)
(49751, 0.00721262)
(49801, 0.00786682)
(49851, 0.00811971)
(49901, 0.00820917)
(49951, 0.00741725)
(50001, 0.00790509)
(50051, 0.00825514)
(50101, 0.00769873)
(50151, 0.00774034)
(50201, 0.00725944)
(50251, 0.00761206)
(50301, 0.00753559)
(50351, 0.00785911)
(50401, 0.00704828)
(50451, 0.00808374)
(50501, 0.00803891)
(50551, 0.00768938)
(50601, 0.00818380)
(50651, 0.00736591)
(50701, 0.00751534)
(50751, 0.00758054)
(50801, 0.00708225)
(50851, 0.00714500)
(50901, 0.00749127)
(50951, 0.00778847)
(51001, 0.00847985)
(51051, 0.00757055)
(51101, 0.00740977)
(51151, 0.00748467)
(51201, 0.00731296)
(51251, 0.00840221)
(51301, 0.00737331)
(51351, 0.00801171)
(51401, 0.00779583)
(51451, 0.00812089)
(51501, 0.00782928)
(51551, 0.00749933)
(51601, 0.00794887)
(51651, 0.00728998)
(51701, 0.00772516)
(51751, 0.00791845)
(51801, 0.00821311)
(51851, 0.00746993)
(51901, 0.00762237)
(51951, 0.00731782)
(52001, 0.00763365)
(52051, 0.00774006)
(52101, 0.00791840)
(52151, 0.00754854)
(52201, 0.00732529)
(52251, 0.00791951)
(52301, 0.00750249)
(52351, 0.00743839)
(52401, 0.00772653)
(52451, 0.00722084)
(52501, 0.00809004)
(52551, 0.00751334)
(52601, 0.00747294)
(52651, 0.00723774)
(52701, 0.00753744)
(52751, 0.00779457)
(52801, 0.00725669)
(52851, 0.00793122)
(52901, 0.00751724)
(52951, 0.00735487)
(53001, 0.00713713)
(53051, 0.00789145)
(53101, 0.00765210)
(53151, 0.00751031)
(53201, 0.00757498)
(53251, 0.00813246)
(53301, 0.00744465)
(53351, 0.00765688)
(53401, 0.00810784)
(53451, 0.00790075)
(53501, 0.00766035)
(53551, 0.00749456)
(53601, 0.00777829)
(53651, 0.00728856)
(53701, 0.00730811)
(53751, 0.00738965)
(53801, 0.00735475)
(53851, 0.00803121)
(53901, 0.00739936)
(53951, 0.00735496)
(54001, 0.00728128)
(54051, 0.00810277)
(54101, 0.00787477)
(54151, 0.00787804)
(54201, 0.00711452)
(54251, 0.00769398)
(54301, 0.00716807)
(54351, 0.00699385)
(54401, 0.00736961)
(54451, 0.00814240)
(54501, 0.00768654)
(54551, 0.00722304)
(54601, 0.00755288)
(54651, 0.00858234)
(54701, 0.00775601)
(54751, 0.00770337)
(54801, 0.00752677)
(54851, 0.00722492)
(54901, 0.00735233)
(54951, 0.00787059)
(55001, 0.00711490)
(55051, 0.00803961)
(55101, 0.00767807)
(55151, 0.00817989)
(55201, 0.00814188)
(55251, 0.00735911)
(55301, 0.00797879)
(55351, 0.00690512)
(55401, 0.00753033)
(55451, 0.00748180)
(55501, 0.00764067)
(55551, 0.00765896)
(55601, 0.00785408)
(55651, 0.00725553)
(55701, 0.00810739)
(55751, 0.00806360)
(55801, 0.00746324)
(55851, 0.00739980)
(55901, 0.00799590)
(55951, 0.00731197)
(56001, 0.00732694)
(56051, 0.00703782)
(56101, 0.00746708)
(56151, 0.00763807)
(56201, 0.00845739)
(56251, 0.00808593)
(56301, 0.00703130)
(56351, 0.00767859)
(56401, 0.00697748)
(56451, 0.00726272)
(56501, 0.00731469)
(56551, 0.00733150)
(56601, 0.00717909)
(56651, 0.00813636)
(56701, 0.00762047)
(56751, 0.00769491)
(56801, 0.00761472)
(56851, 0.00713087)
(56901, 0.00706171)
(56951, 0.00709285)
(57001, 0.00775537)
(57051, 0.00774072)
(57101, 0.00756079)
(57151, 0.00742088)
(57201, 0.00775823)
(57251, 0.00712757)
(57301, 0.00757605)
(57351, 0.00777693)
(57401, 0.00771513)
(57451, 0.00738328)
(57501, 0.00778014)
(57551, 0.00729961)
(57601, 0.00722803)
(57651, 0.00800880)
(57701, 0.00824149)
(57751, 0.00677073)
(57801, 0.00777093)
(57851, 0.00750001)
(57901, 0.00766067)
(57951, 0.00701581)
(58001, 0.00792866)
(58051, 0.00750179)
(58101, 0.00820622)
(58151, 0.00793619)
(58201, 0.00704888)
(58251, 0.00757545)
(58301, 0.00750415)
(58351, 0.00721102)
(58401, 0.00717560)
(58451, 0.00775639)
(58501, 0.00732080)
(58551, 0.00853496)
(58601, 0.00769903)
(58651, 0.00784766)
(58701, 0.00743777)
(58751, 0.00734598)
(58801, 0.00720617)
(58851, 0.00728583)
(58901, 0.00808063)
(58951, 0.00725905)
(59001, 0.00750395)
(59051, 0.00739808)
(59101, 0.00738832)
(59151, 0.00727999)
(59201, 0.00686412)
(59251, 0.00718831)
(59301, 0.00762143)
(59351, 0.00742850)
(59401, 0.00750155)
(59451, 0.00672847)
(59501, 0.00814966)
(59551, 0.00813355)
(59601, 0.00748835)
(59651, 0.00764662)
(59701, 0.00748601)
(59751, 0.00763074)
(59801, 0.00703888)
(59851, 0.00743956)
(59901, 0.00727032)
(59951, 0.00852911)
(60001, 0.00689632)
(60051, 0.00680020)
(60101, 0.00772632)
(60151, 0.00771033)
(60201, 0.00750175)
(60251, 0.00710142)
(60301, 0.00729293)
(60351, 0.00759900)
(60401, 0.00725769)
(60451, 0.00696930)
(60501, 0.00734636)
(60551, 0.00834729)
(60601, 0.00743650)
(60651, 0.00738441)
(60701, 0.00720214)
(60751, 0.00730672)
(60801, 0.00704302)
(60851, 0.00699456)
(60901, 0.00755737)
(60951, 0.00730305)
(61001, 0.00805187)
(61051, 0.00721763)
(61101, 0.00666234)
(61151, 0.00807417)
(61201, 0.00725194)
(61251, 0.00762680)
(61301, 0.00721288)
(61351, 0.00730646)
(61401, 0.00713030)
(61451, 0.00696593)
(61501, 0.00767071)
(61551, 0.00678635)
(61601, 0.00731241)
(61651, 0.00681937)
(61701, 0.00751508)
(61751, 0.00729127)
(61801, 0.00739086)
(61851, 0.00742717)
(61901, 0.00727062)
(61951, 0.00783105)
(62001, 0.00696843)
(62051, 0.00714710)
(62101, 0.00809046)
(62151, 0.00707033)
(62201, 0.00717351)
(62251, 0.00707285)
(62301, 0.00696932)
(62351, 0.00758827)
(62401, 0.00741648)
(62451, 0.00671190)
(62501, 0.00731235)
(62551, 0.00720323)
(62601, 0.00791119)
(62651, 0.00718979)
(62701, 0.00701798)
(62751, 0.00731857)
(62801, 0.00729209)
(62851, 0.00730256)
(62901, 0.00732864)
(62951, 0.00736357)
(63001, 0.00765845)
(63051, 0.00696360)
(63101, 0.00736659)
(63151, 0.00764644)
(63201, 0.00720493)
(63251, 0.00789305)
(63301, 0.00744091)
(63351, 0.00723720)
(63401, 0.00724999)
(63451, 0.00701841)
(63501, 0.00736179)
(63551, 0.00706745)
(63601, 0.00750239)
(63651, 0.00707922)
(63701, 0.00690825)
(63751, 0.00746811)
(63801, 0.00724468)
(63851, 0.00733268)
(63901, 0.00742619)
(63951, 0.00740811)
(64001, 0.00729145)
(64051, 0.00796121)
(64101, 0.00749257)
(64151, 0.00745878)
(64201, 0.00719257)
(64251, 0.00792317)
(64301, 0.00835103)
(64351, 0.00843523)
(64401, 0.00706882)
(64451, 0.00712612)
(64501, 0.00701232)
(64551, 0.00769727)
(64601, 0.00704634)
(64651, 0.00753638)
(64701, 0.00741838)
(64751, 0.00660339)
(64801, 0.00695512)
(64851, 0.00750054)
(64901, 0.00731856)
(64951, 0.00761983)
(65001, 0.00715153)
(65051, 0.00720920)
(65101, 0.00720250)
(65151, 0.00739251)
(65201, 0.00714700)
(65251, 0.00712252)
(65301, 0.00744748)
(65351, 0.00861396)
(65401, 0.00721674)
(65451, 0.00727671)
(65501, 0.00703277)
(65551, 0.00712553)
(65601, 0.00705586)
(65651, 0.00734392)
(65701, 0.00719879)
(65751, 0.00735789)
(65801, 0.00678748)
(65851, 0.00763792)
(65901, 0.00687618)
(65951, 0.00753468)
(66001, 0.00725100)
(66051, 0.00690578)
(66101, 0.00694812)
(66151, 0.00695774)
(66201, 0.00716311)
(66251, 0.00686742)
(66301, 0.00711538)
(66351, 0.00709317)
(66401, 0.00740966)
(66451, 0.00692135)
(66501, 0.00814105)
(66551, 0.00715574)
(66601, 0.00757777)
(66651, 0.00701092)
(66701, 0.00702772)
(66751, 0.00763392)
(66801, 0.00754638)
(66851, 0.00758955)
(66901, 0.00688945)
(66951, 0.00693798)
(67001, 0.00702158)
(67051, 0.00734511)
(67101, 0.00744513)
(67151, 0.00745169)
(67201, 0.00657493)
(67251, 0.00752453)
(67301, 0.00669048)
(67351, 0.00664033)
(67401, 0.00750305)
(67451, 0.00691848)
(67501, 0.00735562)
(67551, 0.00703901)
(67601, 0.00742849)
(67651, 0.00727909)
(67701, 0.00702107)
(67751, 0.00730222)
(67801, 0.00719387)
(67851, 0.00704260)
(67901, 0.00697257)
(67951, 0.00700322)
(68001, 0.00739338)
(68051, 0.00692787)
(68101, 0.00696300)
(68151, 0.00757862)
(68201, 0.00751189)
(68251, 0.00671244)
(68301, 0.00725313)
(68351, 0.00696898)
(68401, 0.00680766)
(68451, 0.00708782)
(68501, 0.00733192)
(68551, 0.00645984)
(68601, 0.00727262)
(68651, 0.00759840)
(68701, 0.00742423)
(68751, 0.00725936)
(68801, 0.00669223)
(68851, 0.00738106)
(68901, 0.00722749)
(68951, 0.00686371)
(69001, 0.00753978)
(69051, 0.00680684)
(69101, 0.00768105)
(69151, 0.00764618)
(69201, 0.00698450)
(69251, 0.00726108)
(69301, 0.00742957)
(69351, 0.00845238)
(69401, 0.00715929)
(69451, 0.00779209)
(69501, 0.00738966)
(69551, 0.00721615)
(69601, 0.00719675)
(69651, 0.00791848)
(69701, 0.00734068)
(69751, 0.00729147)
(69801, 0.00664241)
(69851, 0.00732946)
(69901, 0.00730676)
(69951, 0.00666419)
(70001, 0.00687810)
(70051, 0.00710974)
(70101, 0.00772236)
(70151, 0.00698979)
(70201, 0.00711312)
(70251, 0.00714107)
(70301, 0.00685719)
(70351, 0.00790231)
(70401, 0.00715941)
(70451, 0.00757493)
(70501, 0.00635468)
(70551, 0.00698417)
(70601, 0.00752469)
(70651, 0.00757764)
(70701, 0.00675625)
(70751, 0.00731511)
(70801, 0.00697808)
(70851, 0.00744538)
(70901, 0.00718909)
(70951, 0.00717972)
(71001, 0.00729917)
(71051, 0.00669903)
(71101, 0.00733225)
(71151, 0.00806192)
(71201, 0.00693515)
(71251, 0.00683541)
(71301, 0.00726861)
(71351, 0.00665471)
(71401, 0.00701283)
(71451, 0.00704325)
(71501, 0.00693735)
(71551, 0.00749331)
(71601, 0.00737477)
(71651, 0.00741172)
(71701, 0.00756837)
(71751, 0.00754745)
(71801, 0.00708350)
(71851, 0.00687526)
(71901, 0.00693245)
(71951, 0.00731742)
(72001, 0.00678348)
(72051, 0.00701028)
(72101, 0.00686346)
(72151, 0.00713792)
(72201, 0.00717604)
(72251, 0.00731590)
(72301, 0.00745076)
(72351, 0.00739845)
(72401, 0.00675630)
(72451, 0.00679244)
(72501, 0.00710741)
(72551, 0.00662561)
(72601, 0.00754762)
(72651, 0.00672078)
(72701, 0.00664320)
(72751, 0.00723113)
(72801, 0.00803191)
(72851, 0.00657667)
(72901, 0.00662404)
(72951, 0.00689725)
(73001, 0.00691822)
(73051, 0.00656105)
(73101, 0.00685763)
(73151, 0.00675868)
(73201, 0.00782976)
(73251, 0.00699234)
(73301, 0.00708148)
(73351, 0.00705263)
(73401, 0.00671493)
(73451, 0.00677876)
(73501, 0.00695200)
(73551, 0.00792041)
(73601, 0.00678183)
(73651, 0.00726483)
(73701, 0.00694255)
(73751, 0.00717971)
(73801, 0.00692643)
(73851, 0.00686348)
(73901, 0.00675516)
(73951, 0.00755240)
(74001, 0.00702617)
(74051, 0.00743944)
(74101, 0.00733259)
(74151, 0.00712721)
(74201, 0.00756475)
(74251, 0.00670804)
(74301, 0.00706450)
(74351, 0.00733549)
(74401, 0.00697504)
(74451, 0.00726976)
(74501, 0.00649371)
(74551, 0.00675371)
(74601, 0.00686302)
(74651, 0.00685289)
(74701, 0.00728379)
(74751, 0.00749308)
(74801, 0.00650293)
(74851, 0.00680945)
(74901, 0.00707124)
(74951, 0.00748990)
(75001, 0.00710826)
(75051, 0.00680999)
(75101, 0.00731958)
(75151, 0.00664344)
(75201, 0.00706377)
(75251, 0.00673663)
(75301, 0.00721843)
(75351, 0.00665009)
(75401, 0.00702925)
(75451, 0.00696091)
(75501, 0.00694337)
(75551, 0.00684959)
(75601, 0.00679875)
(75651, 0.00646770)
(75701, 0.00697591)
(75751, 0.00669225)
(75801, 0.00671022)
(75851, 0.00675190)
(75901, 0.00702325)
(75951, 0.00724399)
(76001, 0.00713276)
(76051, 0.00781423)
(76101, 0.00635187)
(76151, 0.00652746)
(76201, 0.00647457)
(76251, 0.00731337)
(76301, 0.00665367)
(76351, 0.00676689)
(76401, 0.00656804)
(76451, 0.00680920)
(76501, 0.00667730)
(76551, 0.00684069)
(76601, 0.00760641)
(76651, 0.00774078)
(76701, 0.00684139)
(76751, 0.00633381)
(76801, 0.00702914)
(76851, 0.00744831)
(76901, 0.00739639)
(76951, 0.00654433)
(77001, 0.00694983)
(77051, 0.00736671)
(77101, 0.00702714)
(77151, 0.00784703)
(77201, 0.00687681)
(77251, 0.00692143)
(77301, 0.00675345)
(77351, 0.00721624)
(77401, 0.00694762)
(77451, 0.00675007)
(77501, 0.00671715)
(77551, 0.00717136)
(77601, 0.00707471)
(77651, 0.00675078)
(77701, 0.00653571)
(77751, 0.00659703)
(77801, 0.00685711)
(77851, 0.00672930)
(77901, 0.00704863)
(77951, 0.00706308)
(78001, 0.00676983)
(78051, 0.00715790)
(78101, 0.00691670)
(78151, 0.00720020)
(78201, 0.00671318)
(78251, 0.00676775)
(78301, 0.00686808)
(78351, 0.00669955)
(78401, 0.00688712)
(78451, 0.00706540)
(78501, 0.00722657)
(78551, 0.00699664)
(78601, 0.00716427)
(78651, 0.00770789)
(78701, 0.00676637)
(78751, 0.00661340)
(78801, 0.00723714)
(78851, 0.00669083)
(78901, 0.00687184)
(78951, 0.00686884)
(79001, 0.00658409)
(79051, 0.00666544)
(79101, 0.00705318)
(79151, 0.00786692)
(79201, 0.00707984)
(79251, 0.00653604)
(79301, 0.00827523)
(79351, 0.00676396)
(79401, 0.00657653)
(79451, 0.00663601)
(79501, 0.00691752)
(79551, 0.00713952)
(79601, 0.00691075)
(79651, 0.00710791)
(79701, 0.00716782)
(79751, 0.00721307)
(79801, 0.00732915)
(79851, 0.00659502)
(79901, 0.00684779)
(79951, 0.00664665)
(80001, 0.00642596)
(80051, 0.00721048)
(80101, 0.00724836)
(80151, 0.00656654)
(80201, 0.00629438)
(80251, 0.00650674)
(80301, 0.00690086)
(80351, 0.00746105)
(80401, 0.00760608)
(80451, 0.00746510)
(80501, 0.00678901)
(80551, 0.00692025)
(80601, 0.00646133)
(80651, 0.00676325)
(80701, 0.00627938)
(80751, 0.00719939)
(80801, 0.00675027)
(80851, 0.00693816)
(80901, 0.00662871)
(80951, 0.00682985)
(81001, 0.00680539)
(81051, 0.00618921)
(81101, 0.00647051)
(81151, 0.00679410)
(81201, 0.00721967)
(81251, 0.00699372)
(81301, 0.00700829)
(81351, 0.00635407)
(81401, 0.00664212)
(81451, 0.00746286)
(81501, 0.00655239)
(81551, 0.00680261)
(81601, 0.00740844)
(81651, 0.00642448)
(81701, 0.00707685)
(81751, 0.00667488)
(81801, 0.00691615)
(81851, 0.00684503)
(81901, 0.00719123)
(81951, 0.00666356)
(82001, 0.00659205)
(82051, 0.00680418)
(82101, 0.00695869)
(82151, 0.00684909)
(82201, 0.00702650)
(82251, 0.00642501)
(82301, 0.00651456)
(82351, 0.00674943)
(82401, 0.00662459)
(82451, 0.00714909)
(82501, 0.00691466)
(82551, 0.00675203)
(82601, 0.00659899)
(82651, 0.00673780)
(82701, 0.00659381)
(82751, 0.00706519)
(82801, 0.00651405)
(82851, 0.00734589)
(82901, 0.00682940)
(82951, 0.00667318)
(83001, 0.00662737)
(83051, 0.00658523)
(83101, 0.00685260)
(83151, 0.00672112)
(83201, 0.00707982)
(83251, 0.00673973)
(83301, 0.00702838)
(83351, 0.00672030)
(83401, 0.00733281)
(83451, 0.00695428)
(83501, 0.00659888)
(83551, 0.00715893)
(83601, 0.00680613)
(83651, 0.00664223)
(83701, 0.00653556)
(83751, 0.00707136)
(83801, 0.00763552)
(83851, 0.00672638)
(83901, 0.00648291)
(83951, 0.00667112)
(84001, 0.00704712)
(84051, 0.00701035)
(84101, 0.00684724)
(84151, 0.00648679)
(84201, 0.00642349)
(84251, 0.00633204)
(84301, 0.00643250)
(84351, 0.00689566)
(84401, 0.00695492)
(84451, 0.00661481)
(84501, 0.00680453)
(84551, 0.00692266)
(84601, 0.00634639)
(84651, 0.00756455)
(84701, 0.00683107)
(84751, 0.00643097)
(84801, 0.00676871)
(84851, 0.00645627)
(84901, 0.00636630)
(84951, 0.00645834)
(85001, 0.00728947)
(85051, 0.00726594)
(85101, 0.00694259)
(85151, 0.00649698)
(85201, 0.00662474)
(85251, 0.00657646)
(85301, 0.00633933)
(85351, 0.00679586)
(85401, 0.00703875)
(85451, 0.00733769)
(85501, 0.00708671)
(85551, 0.00678792)
(85601, 0.00677002)
(85651, 0.00710208)
(85701, 0.00654370)
(85751, 0.00670908)
(85801, 0.00645407)
(85851, 0.00711939)
(85901, 0.00661066)
(85951, 0.00689887)
(86001, 0.00719372)
(86051, 0.00647043)
(86101, 0.00659243)
(86151, 0.00649071)
(86201, 0.00655585)
(86251, 0.00642820)
(86301, 0.00676706)
(86351, 0.00669289)
(86401, 0.00627755)
(86451, 0.00658228)
(86501, 0.00640757)
(86551, 0.00754219)
(86601, 0.00607995)
(86651, 0.00731455)
(86701, 0.00703035)
(86751, 0.00756015)
(86801, 0.00688348)
(86851, 0.00698633)
(86901, 0.00680130)
(86951, 0.00678170)
(87001, 0.00725028)
(87051, 0.00769875)
(87101, 0.00756560)
(87151, 0.00698905)
(87201, 0.00686050)
(87251, 0.00690161)
(87301, 0.00635691)
(87351, 0.00622379)
(87401, 0.00662674)
(87451, 0.00692259)
(87501, 0.00674384)
(87551, 0.00707409)
(87601, 0.00702464)
(87651, 0.00708550)
(87701, 0.00690688)
(87751, 0.00655349)
(87801, 0.00703467)
(87851, 0.00645923)
(87901, 0.00685786)
(87951, 0.00674421)
(88001, 0.00662489)
(88051, 0.00748164)
(88101, 0.00669334)
(88151, 0.00701233)
(88201, 0.00695231)
(88251, 0.00619037)
(88301, 0.00692537)
(88351, 0.00666732)
(88401, 0.00661349)
(88451, 0.00613710)
(88501, 0.00677375)
(88551, 0.00673753)
(88601, 0.00661354)
(88651, 0.00620453)
(88701, 0.00603883)
(88751, 0.00668552)
(88801, 0.00649784)
(88851, 0.00684063)
(88901, 0.00699483)
(88951, 0.00666198)
(89001, 0.00703593)
(89051, 0.00652271)
(89101, 0.00663587)
(89151, 0.00685436)
(89201, 0.00722722)
(89251, 0.00655614)
(89301, 0.00666647)
(89351, 0.00636649)
(89401, 0.00640912)
(89451, 0.00675525)
(89501, 0.00673795)
(89551, 0.00684884)
(89601, 0.00658348)
(89651, 0.00772443)
(89701, 0.00693751)
(89751, 0.00661012)
(89801, 0.00633944)
(89851, 0.00649296)
(89901, 0.00671509)
(89951, 0.00683093)
(90001, 0.00656226)
(90051, 0.00759645)
(90101, 0.00656566)
(90151, 0.00655808)
(90201, 0.00644327)
(90251, 0.00679767)
(90301, 0.00636332)
(90351, 0.00666687)
(90401, 0.00664019)
(90451, 0.00694896)
(90501, 0.00701515)
(90551, 0.00689543)
(90601, 0.00633332)
(90651, 0.00653127)
(90701, 0.00622296)
(90751, 0.00707293)
(90801, 0.00633791)
(90851, 0.00668119)
(90901, 0.00708328)
(90951, 0.00625650)
(91001, 0.00716240)
(91051, 0.00681081)
(91101, 0.00671734)
(91151, 0.00680511)
(91201, 0.00682578)
(91251, 0.00662354)
(91301, 0.00627726)
(91351, 0.00769220)
(91401, 0.00632338)
(91451, 0.00681451)
(91501, 0.00623412)
(91551, 0.00680531)
(91601, 0.00649259)
(91651, 0.00672131)
(91701, 0.00692496)
(91751, 0.00654401)
(91801, 0.00665107)
(91851, 0.00705625)
(91901, 0.00655338)
(91951, 0.00585940)
(92001, 0.00654807)
(92051, 0.00681364)
(92101, 0.00652334)
(92151, 0.00647679)
(92201, 0.00675455)
(92251, 0.00680938)
(92301, 0.00685191)
(92351, 0.00731543)
(92401, 0.00647582)
(92451, 0.00635192)
(92501, 0.00794033)
(92551, 0.00600223)
(92601, 0.00693276)
(92651, 0.00625093)
(92701, 0.00616824)
(92751, 0.00689458)
(92801, 0.00610746)
(92851, 0.00619252)
(92901, 0.00645274)
(92951, 0.00653097)
(93001, 0.00679446)
(93051, 0.00638689)
(93101, 0.00624388)
(93151, 0.00613079)
(93201, 0.00704987)
(93251, 0.00674119)
(93301, 0.00743371)
(93351, 0.00709183)
(93401, 0.00649894)
(93451, 0.00669250)
(93501, 0.00639114)
(93551, 0.00685316)
(93601, 0.00656503)
(93651, 0.00632546)
(93701, 0.00659986)
(93751, 0.00658582)
(93801, 0.00664612)
(93851, 0.00639113)
(93901, 0.00633800)
(93951, 0.00624698)
(94001, 0.00664326)
(94051, 0.00662739)
(94101, 0.00689269)
(94151, 0.00678376)
(94201, 0.00669894)
(94251, 0.00687629)
(94301, 0.00670944)
(94351, 0.00616425)
(94401, 0.00668482)
(94451, 0.00647669)
(94501, 0.00655914)
(94551, 0.00702733)
(94601, 0.00720523)
(94651, 0.00666472)
(94701, 0.00727415)
(94751, 0.00625161)
(94801, 0.00688448)
(94851, 0.00684977)
(94901, 0.00718417)
(94951, 0.00625889)
(95001, 0.00695408)
(95051, 0.00690649)
(95101, 0.00676885)
(95151, 0.00675362)
(95201, 0.00665472)
(95251, 0.00744955)
(95301, 0.00628547)
(95351, 0.00709971)
(95401, 0.00681243)
(95451, 0.00665933)
(95501, 0.00648959)
(95551, 0.00637135)
(95601, 0.00633658)
(95651, 0.00669148)
(95701, 0.00638428)
(95751, 0.00664016)
(95801, 0.00626326)
(95851, 0.00666979)
(95901, 0.00681848)
(95951, 0.00686058)
(96001, 0.00654893)
(96051, 0.00658422)
(96101, 0.00685993)
(96151, 0.00672331)
(96201, 0.00665522)
(96251, 0.00681429)
(96301, 0.00674974)
(96351, 0.00714544)
(96401, 0.00645915)
(96451, 0.00686634)
(96501, 0.00609128)
(96551, 0.00648191)
(96601, 0.00631584)
(96651, 0.00638588)
(96701, 0.00640103)
(96751, 0.00641809)
(96801, 0.00623119)
(96851, 0.00633078)
(96901, 0.00658785)
(96951, 0.00638954)
(97001, 0.00634357)
(97051, 0.00712020)
(97101, 0.00714240)
(97151, 0.00631438)
(97201, 0.00631059)
(97251, 0.00643426)
(97301, 0.00655560)
(97351, 0.00693631)
(97401, 0.00615886)
(97451, 0.00624851)
(97501, 0.00640436)
(97551, 0.00632625)
(97601, 0.00619108)
(97651, 0.00654011)
(97701, 0.00698780)
(97751, 0.00694866)
(97801, 0.00660334)
(97851, 0.00648786)
(97901, 0.00627898)
(97951, 0.00626351)
(98001, 0.00623919)
(98051, 0.00623980)
(98101, 0.00602543)
(98151, 0.00655498)
(98201, 0.00670196)
(98251, 0.00654908)
(98301, 0.00640314)
(98351, 0.00717538)
(98401, 0.00698653)
(98451, 0.00629441)
(98501, 0.00692316)
(98551, 0.00658393)
(98601, 0.00638799)
(98651, 0.00703366)
(98701, 0.00655320)
(98751, 0.00658630)
(98801, 0.00706576)
(98851, 0.00636833)
(98901, 0.00739857)
(98951, 0.00689805)
(99001, 0.00648689)
(99051, 0.00655716)
(99101, 0.00641765)
(99151, 0.00641205)
(99201, 0.00670846)
(99251, 0.00675346)
(99301, 0.00600407)
(99351, 0.00627775)
(99401, 0.00687706)
(99451, 0.00678172)
(99501, 0.00630058)
(99551, 0.00658693)
(99601, 0.00612903)
(99651, 0.00598061)
(99701, 0.00719503)
(99751, 0.00635328)
(99801, 0.00671259)
(99851, 0.00625759)
(99901, 0.00669081)
(99951, 0.00683203)
(100001, 0.00666687)
(100051, 0.00626047)
(100101, 0.00742863)
(100151, 0.00628897)
(100201, 0.00614112)
(100251, 0.00656727)
(100301, 0.00622873)
(100351, 0.00625013)
(100401, 0.00645100)
(100451, 0.00591363)
(100501, 0.00636800)
(100551, 0.00658730)
(100601, 0.00643033)
(100651, 0.00654722)
(100701, 0.00633878)
(100751, 0.00615515)
(100801, 0.00674255)
(100851, 0.00654243)
(100901, 0.00626722)
(100951, 0.00680385)
(101001, 0.00697352)
(101051, 0.00614662)
(101101, 0.00619501)
(101151, 0.00661421)
(101201, 0.00658952)
(101251, 0.00584280)
(101301, 0.00608619)
(101351, 0.00687990)
(101401, 0.00616719)
(101451, 0.00634680)
(101501, 0.00610808)
(101551, 0.00647531)
(101601, 0.00784984)
(101651, 0.00697045)
(101701, 0.00621544)
(101751, 0.00713950)
(101801, 0.00673665)
(101851, 0.00654318)
(101901, 0.00671770)
(101951, 0.00654082)
(102001, 0.00635236)
(102051, 0.00677692)
(102101, 0.00637240)
(102151, 0.00690309)
(102201, 0.00607429)
(102251, 0.00647356)
(102301, 0.00653413)
(102351, 0.00626778)
(102401, 0.00630800)
(102451, 0.00696994)
(102501, 0.00607476)
(102551, 0.00610855)
(102601, 0.00586500)
(102651, 0.00630069)
(102701, 0.00645913)
(102751, 0.00621448)
(102801, 0.00634820)
(102851, 0.00678021)
(102901, 0.00665686)
(102951, 0.00616614)
(103001, 0.00641095)
(103051, 0.00664419)
(103101, 0.00590610)
(103151, 0.00597882)
(103201, 0.00693335)
(103251, 0.00606362)
(103301, 0.00714432)
(103351, 0.00652901)
(103401, 0.00635586)
(103451, 0.00627925)
(103501, 0.00617500)
(103551, 0.00604585)
(103601, 0.00614526)
(103651, 0.00614128)
(103701, 0.00709031)
(103751, 0.00673680)
(103801, 0.00605787)
(103851, 0.00660623)
(103901, 0.00625655)
(103951, 0.00666036)
(104001, 0.00703166)
(104051, 0.00686297)
(104101, 0.00610310)
(104151, 0.00706854)
(104201, 0.00639367)
(104251, 0.00661540)
(104301, 0.00619874)
(104351, 0.00623913)
(104401, 0.00644401)
(104451, 0.00638138)
(104501, 0.00638079)
(104551, 0.00634183)
(104601, 0.00735330)
(104651, 0.00649454)
(104701, 0.00731111)
(104751, 0.00622325)
(104801, 0.00638124)
(104851, 0.00636004)
(104901, 0.00642227)
(104951, 0.00630781)
(105001, 0.00633219)
(105051, 0.00635555)
(105101, 0.00662274)
(105151, 0.00656334)
(105201, 0.00630303)
(105251, 0.00651443)
(105301, 0.00635790)
(105351, 0.00641510)
(105401, 0.00631104)
(105451, 0.00662424)
(105501, 0.00607037)
(105551, 0.00623437)
(105601, 0.00662471)
(105651, 0.00631055)
(105701, 0.00677200)
(105751, 0.00711138)
(105801, 0.00640644)
(105851, 0.00605350)
(105901, 0.00650176)
(105951, 0.00632494)
(106001, 0.00619889)
(106051, 0.00651574)
(106101, 0.00603669)
(106151, 0.00596954)
(106201, 0.00623713)
(106251, 0.00638454)
(106301, 0.00628971)
(106351, 0.00612283)
(106401, 0.00587129)
(106451, 0.00649091)
(106501, 0.00659941)
(106551, 0.00710187)
(106601, 0.00657289)
(106651, 0.00640838)
(106701, 0.00672288)
(106751, 0.00667834)
(106801, 0.00680931)
(106851, 0.00611035)
(106901, 0.00668484)
(106951, 0.00640675)
(107001, 0.00693286)
(107051, 0.00691292)
(107101, 0.00654462)
(107151, 0.00643361)
(107201, 0.00613067)
(107251, 0.00610441)
(107301, 0.00597623)
(107351, 0.00630290)
(107401, 0.00592294)
(107451, 0.00663163)
(107501, 0.00663836)
(107551, 0.00620218)
(107601, 0.00667626)
(107651, 0.00615280)
(107701, 0.00637063)
(107751, 0.00689416)
(107801, 0.00619217)
(107851, 0.00641665)
(107901, 0.00633592)
(107951, 0.00696407)
(108001, 0.00650384)
(108051, 0.00624062)
(108101, 0.00656503)
(108151, 0.00635208)
(108201, 0.00679027)
(108251, 0.00617525)
(108301, 0.00674709)
(108351, 0.00624034)
(108401, 0.00662023)
(108451, 0.00619286)
(108501, 0.00640117)
(108551, 0.00617945)
(108601, 0.00639515)
(108651, 0.00594957)
(108701, 0.00638927)
(108751, 0.00603426)
(108801, 0.00605298)
(108851, 0.00657903)
(108901, 0.00648873)
(108951, 0.00684262)
(109001, 0.00648633)
(109051, 0.00726127)
(109101, 0.00624315)
(109151, 0.00657230)
(109201, 0.00623129)
(109251, 0.00614142)
(109301, 0.00646817)
(109351, 0.00688955)
(109401, 0.00616385)
(109451, 0.00679270)
(109501, 0.00691343)
(109551, 0.00597725)
(109601, 0.00611092)
(109651, 0.00708805)
(109701, 0.00604550)
(109751, 0.00606852)
(109801, 0.00613705)
(109851, 0.00668758)
(109901, 0.00656180)
(109951, 0.00610152)
(110001, 0.00648135)
(110051, 0.00689621)
(110101, 0.00661398)
(110151, 0.00682171)
(110201, 0.00589733)
(110251, 0.00637427)
(110301, 0.00594004)
(110351, 0.00731940)
(110401, 0.00649175)
(110451, 0.00606479)
(110501, 0.00659628)
(110551, 0.00638387)
(110601, 0.00610512)
(110651, 0.00679555)
(110701, 0.00683601)
(110751, 0.00665025)
(110801, 0.00629394)
(110851, 0.00593275)
(110901, 0.00610075)
(110951, 0.00649058)
(111001, 0.00624298)
(111051, 0.00638124)
(111101, 0.00655499)
(111151, 0.00653487)
(111201, 0.00608783)
(111251, 0.00615927)
(111301, 0.00684854)
(111351, 0.00639278)
(111401, 0.00605964)
(111451, 0.00637545)
(111501, 0.00604892)
(111551, 0.00591421)
(111601, 0.00678815)
(111651, 0.00624655)
(111701, 0.00614414)
(111751, 0.00642680)
(111801, 0.00680667)
(111851, 0.00646889)
(111901, 0.00620820)
(111951, 0.00640119)
(112001, 0.00672070)
(112051, 0.00634635)
(112101, 0.00684992)
(112151, 0.00641147)
(112201, 0.00593318)
(112251, 0.00697529)
(112301, 0.00628895)
(112351, 0.00631976)
(112401, 0.00629238)
(112451, 0.00623224)
(112501, 0.00656757)
(112551, 0.00631344)
(112601, 0.00601822)
(112651, 0.00662856)
(112701, 0.00617410)
(112751, 0.00610945)
(112801, 0.00670399)
(112851, 0.00606239)
(112901, 0.00635497)
(112951, 0.00640567)
(113001, 0.00636204)
(113051, 0.00641493)
(113101, 0.00584188)
(113151, 0.00598479)
(113201, 0.00636367)
(113251, 0.00674800)
(113301, 0.00615198)
(113351, 0.00580910)
(113401, 0.00711432)
(113451, 0.00641269)
(113501, 0.00597543)
(113551, 0.00720687)
(113601, 0.00696099)
(113651, 0.00667309)
(113701, 0.00577107)
(113751, 0.00593995)
(113801, 0.00595542)
(113851, 0.00773802)
(113901, 0.00601561)
(113951, 0.00603342)
(114001, 0.00664757)
(114051, 0.00607199)
(114101, 0.00613717)
(114151, 0.00657458)
(114201, 0.00658994)
(114251, 0.00664101)
(114301, 0.00589112)
(114351, 0.00632973)
(114401, 0.00639715)
(114451, 0.00667906)
(114501, 0.00632469)
(114551, 0.00596258)
(114601, 0.00656861)
(114651, 0.00579230)
(114701, 0.00613680)
(114751, 0.00684154)
(114801, 0.00593315)
(114851, 0.00623730)
(114901, 0.00659028)
(114951, 0.00582722)
(115001, 0.00619963)
(115051, 0.00620445)
(115101, 0.00676982)
(115151, 0.00597166)
(115201, 0.00584142)
(115251, 0.00648034)
(115301, 0.00631363)
(115351, 0.00606047)
(115401, 0.00658929)
(115451, 0.00616834)
(115501, 0.00621691)
(115551, 0.00615763)
(115601, 0.00593438)
(115651, 0.00569896)
(115701, 0.00614458)
(115751, 0.00636612)
(115801, 0.00611264)
(115851, 0.00612000)
(115901, 0.00658152)
(115951, 0.00608241)
(116001, 0.00627427)
(116051, 0.00605079)
(116101, 0.00635158)
(116151, 0.00594505)
(116201, 0.00620748)
(116251, 0.00644887)
(116301, 0.00641488)
(116351, 0.00612131)
(116401, 0.00609310)
(116451, 0.00630512)
(116501, 0.00602675)
(116551, 0.00603168)
(116601, 0.00604870)
(116651, 0.00687830)
(116701, 0.00611713)
(116751, 0.00603645)
(116801, 0.00619140)
(116851, 0.00608007)
(116901, 0.00630054)
(116951, 0.00588823)
(117001, 0.00615202)
(117051, 0.00616414)
(117101, 0.00619614)
(117151, 0.00690250)
(117201, 0.00607996)
(117251, 0.00634423)
(117301, 0.00597459)
(117351, 0.00608851)
(117401, 0.00612730)
(117451, 0.00615539)
(117501, 0.00602286)
(117551, 0.00666868)
(117601, 0.00695851)
(117651, 0.00670220)
(117701, 0.00626631)
(117751, 0.00609825)
(117801, 0.00589600)
(117851, 0.00616919)
(117901, 0.00620578)
(117951, 0.00588261)
(118001, 0.00620771)
(118051, 0.00605556)
(118101, 0.00666928)
(118151, 0.00612513)
(118201, 0.00605261)
(118251, 0.00637627)
(118301, 0.00684491)
(118351, 0.00616954)
(118401, 0.00634746)
(118451, 0.00646711)
(118501, 0.00668616)
(118551, 0.00598211)
(118601, 0.00607077)
(118651, 0.00608377)
(118701, 0.00590489)
(118751, 0.00617943)
(118801, 0.00569201)
(118851, 0.00607547)
(118901, 0.00594175)
(118951, 0.00616345)
(119001, 0.00589650)
(119051, 0.00614110)
(119101, 0.00634295)
(119151, 0.00686948)
(119201, 0.00638638)
(119251, 0.00653959)
(119301, 0.00691869)
(119351, 0.00596220)
(119401, 0.00626304)
(119451, 0.00573287)
(119501, 0.00654065)
(119551, 0.00568077)
(119601, 0.00589032)
(119651, 0.00611268)
(119701, 0.00628323)
(119751, 0.00593441)
(119801, 0.00595991)
(119851, 0.00651027)
(119901, 0.00607254)
(119951, 0.00586339)
(120001, 0.00626312)
(120051, 0.00600269)
(120101, 0.00585222)
(120151, 0.00647580)
(120201, 0.00675408)
(120251, 0.00644540)
(120301, 0.00601491)
(120351, 0.00612291)
(120401, 0.00666370)
(120451, 0.00601957)
(120501, 0.00633542)
(120551, 0.00625998)
(120601, 0.00684633)
(120651, 0.00666693)
(120701, 0.00628558)
(120751, 0.00640312)
(120801, 0.00673178)
(120851, 0.00708897)
(120901, 0.00608490)
(120951, 0.00619785)
(121001, 0.00688774)
(121051, 0.00649059)
(121101, 0.00594229)
(121151, 0.00660510)
(121201, 0.00571440)
(121251, 0.00648787)
(121301, 0.00596636)
(121351, 0.00601708)
(121401, 0.00676625)
(121451, 0.00623610)
(121501, 0.00685552)
(121551, 0.00666143)
(121601, 0.00577312)
(121651, 0.00639370)
(121701, 0.00598725)
(121751, 0.00587795)
(121801, 0.00651438)
(121851, 0.00633206)
(121901, 0.00752004)
(121951, 0.00650780)
(122001, 0.00647300)
(122051, 0.00580871)
(122101, 0.00615123)
(122151, 0.00624764)
(122201, 0.00612441)
(122251, 0.00619978)
(122301, 0.00599341)
(122351, 0.00685615)
(122401, 0.00619377)
(122451, 0.00571706)
(122501, 0.00623561)
(122551, 0.00621800)
(122601, 0.00644957)
(122651, 0.00624911)
(122701, 0.00652393)
(122751, 0.00616531)
(122801, 0.00655365)
(122851, 0.00669972)
(122901, 0.00693966)
(122951, 0.00597991)
(123001, 0.00640717)
(123051, 0.00618232)
(123101, 0.00607948)
(123151, 0.00669851)
(123201, 0.00611728)
(123251, 0.00637031)
(123301, 0.00647797)
(123351, 0.00615078)
(123401, 0.00598184)
(123451, 0.00683580)
(123501, 0.00583772)
(123551, 0.00596396)
(123601, 0.00644922)
(123651, 0.00582217)
(123701, 0.00659012)
(123751, 0.00575296)
(123801, 0.00633254)
(123851, 0.00674675)
(123901, 0.00637279)
(123951, 0.00658510)
(124001, 0.00607979)
(124051, 0.00612977)
(124101, 0.00583309)
(124151, 0.00616688)
(124201, 0.00614697)
(124251, 0.00566173)
(124301, 0.00617973)
(124351, 0.00646051)
(124401, 0.00589525)
(124451, 0.00634254)
(124501, 0.00611143)
(124551, 0.00622526)
(124601, 0.00598148)
(124651, 0.00699815)
(124701, 0.00601532)
(124751, 0.00604838)
(124801, 0.00612597)
(124851, 0.00605262)
(124901, 0.00608954)
(124951, 0.00574309)
