(1, 1257.18913108)
(51, 375.68239581)
(101, 253.67444371)
(151, 233.92515472)
(201, 218.71964137)
(251, 227.85363111)
(301, 160.86218781)
(351, 183.07278306)
(401, 142.61290410)
(451, 121.03196843)
(501, 115.94078544)
(551, 90.18245409)
(601, 85.93540083)
(651, 93.63930944)
(701, 65.69901984)
(751, 77.68950038)
(801, 85.87425233)
(851, 68.86754132)
(901, 45.99709562)
(951, 56.18622561)
(1001, 66.28450627)
(1051, 50.45760767)
(1101, 46.90072694)
(1151, 40.16352550)
(1201, 53.56579065)
(1251, 60.01443540)
(1301, 29.81794889)
(1351, 26.95797562)
(1401, 40.26837485)
(1451, 35.61669496)
(1501, 33.25150611)
(1551, 36.09535929)
(1601, 31.31155123)
(1651, 43.86039768)
(1701, 25.01334637)
(1751, 21.68600702)
(1801, 51.69675797)
(1851, 26.81737675)
(1901, 26.09926513)
(1951, 33.67875189)
(2001, 17.50944895)
(2051, 16.85275482)
(2101, 17.07137571)
(2151, 16.31172088)
(2201, 49.33778505)
(2251, 25.44028672)
(2301, 18.30251544)
(2351, 22.15300008)
(2401, 35.55662638)
(2451, 32.34563822)
(2501, 13.63631082)
(2551, 11.06431959)
(2601, 15.12041438)
(2651, 19.78886654)
(2701, 19.53546091)
(2751, 16.08693443)
(2801, 20.85861569)
(2851, 37.28224653)
(2901, 19.95260834)
(2951, 15.97002379)
(3001, 17.25092033)
(3051, 9.75536182)
(3101, 13.14711782)
(3151, 31.11978260)
(3201, 7.90746742)
(3251, 22.70751589)
(3301, 8.60723909)
(3351, 4.26614260)
(3401, 5.89139967)
(3451, 19.56271720)
(3501, 6.15109134)
(3551, 18.86156953)
(3601, 11.42245714)
(3651, 8.68399232)
(3701, 7.09343029)
(3751, 7.20876653)
(3801, 9.69138626)
(3851, 14.13214477)
(3901, 14.84197026)
(3951, 5.77704783)
(4001, 11.25582923)
(4051, 22.39169805)
(4101, 9.76356700)
(4151, 7.81432750)
(4201, 4.63188957)
(4251, 9.60433864)
(4301, 10.21566041)
(4351, 41.45327218)
(4401, 1.85464973)
(4451, 38.26933561)
(4501, 12.09758602)
(4551, 5.92798616)
(4601, 15.89806831)
(4651, 7.13086609)
(4701, 13.06555581)
(4751, 2.71850077)
(4801, 7.96457162)
(4851, 8.40465817)
(4901, 5.17776155)
(4951, 11.33956916)
(5001, 8.75192910)
(5051, 5.86662954)
(5101, 5.14776879)
(5151, 10.38431489)
(5201, 6.82384354)
(5251, 17.45636314)
(5301, 5.72421840)
(5351, 4.52750682)
(5401, 10.18512245)
(5451, 5.78734453)
(5501, 12.44907473)
(5551, 3.41439777)
(5601, 6.57587153)
(5651, 9.30898360)
(5701, 4.62831699)
(5751, 2.22772287)
(5801, 5.70461506)
(5851, 6.70279995)
(5901, 2.34326429)
(5951, 3.28144623)
(6001, 5.33485540)
(6051, 4.60631764)
(6101, 5.22705724)
(6151, 4.98286958)
(6201, 5.34656489)
(6251, 0.14053198)
(6301, 9.58288226)
(6351, 4.31596744)
(6401, -1.80441568)
(6451, 2.37873582)
(6501, 1.16408981)
(6551, -0.88678247)
(6601, 7.87760785)
(6651, 2.08010738)
(6701, 9.55772436)
(6751, 1.72395694)
(6801, 8.16701126)
(6851, -1.12798002)
(6901, 7.67880223)
(6951, 2.07273624)
(7001, -1.85341290)
(7051, 0.04641737)
(7101, 5.00412215)
(7151, 3.40358194)
(7201, 1.46333091)
(7251, -0.00090712)
(7301, 0.46097306)
(7351, 2.03383336)
(7401, 5.99666285)
(7451, 0.56893789)
(7501, -1.17733472)
(7551, -1.61731377)
(7601, -2.03550049)
(7651, 1.94216289)
(7701, 1.54913805)
(7751, 3.29116803)
(7801, 15.33099496)
(7851, 2.91695041)
(7901, 3.24738785)
(7951, 1.02288732)
(8001, 3.83030242)
(8051, -1.47762622)
(8101, -1.85149971)
(8151, -1.90782272)
(8201, -1.13074730)
(8251, -0.33804292)
(8301, -0.96848596)
(8351, 8.73445008)
(8401, -2.50708735)
(8451, -1.91128514)
(8501, 14.17174919)
(8551, -1.98501408)
(8601, 26.94093316)
(8651, 11.24476529)
(8701, 6.07503632)
(8751, -2.69831540)
(8801, 9.79333950)
(8851, 6.91074773)
(8901, -2.95832659)
(8951, 5.41756026)
(9001, -2.19555010)
(9051, 7.37696551)
(9101, 7.37046842)
(9151, 1.45383847)
(9201, -3.30482085)
(9251, 9.80624116)
(9301, -3.69044488)
(9351, -1.99735673)
(9401, 0.97498304)
(9451, 10.37905756)
(9501, 9.89007571)
(9551, 4.70420559)
(9601, -1.52239835)
(9651, -1.33716050)
(9701, 6.01417002)
(9751, -3.61977660)
(9801, 2.31063571)
(9851, -2.71704300)
(9901, 6.95646128)
(9951, 6.59225276)
(10001, -1.46333395)
(10051, 4.70058570)
(10101, -3.05405105)
(10151, 3.53846984)
(10201, 25.51551066)
(10251, 12.39120888)
(10301, 2.18912714)
(10351, 2.36679508)
(10401, -4.47693083)
(10451, -3.63764423)
(10501, -4.29641931)
(10551, -4.81247778)
(10601, -1.41679594)
(10651, 12.94571297)
(10701, -2.53112551)
(10751, -4.38277660)
(10801, -2.93326291)
(10851, -4.36372894)
(10901, -4.75882690)
(10951, -1.81418340)
(11001, -3.23007745)
(11051, -4.04032839)
(11101, -3.59093203)
(11151, -3.90105193)
(11201, -4.23331444)
(11251, -2.01769269)
(11301, 0.15795771)
(11351, -3.51898646)
(11401, 29.81745803)
(11451, -4.59174736)
(11501, -1.41017077)
(11551, -5.79288721)
(11601, -2.40036995)
(11651, 11.43388263)
(11701, -7.74185486)
(11751, -0.33914746)
(11801, -0.42758054)
(11851, -5.64541656)
(11901, 3.13294116)
(11951, -3.21080615)
(12001, -0.47611330)
(12051, -4.34604581)
(12101, 3.58434930)
(12151, -1.44757367)
(12201, -4.94476197)
(12251, 7.67940871)
(12301, 5.12456914)
(12351, -3.85572765)
(12401, -4.01177537)
(12451, -1.01983936)
(12501, -1.10634739)
(12551, -1.25563968)
(12601, -3.52079741)
(12651, -7.81442503)
(12701, 1.69808331)
(12751, -1.18265571)
(12801, -0.23165685)
(12851, -7.13616624)
(12901, -5.31823206)
(12951, -5.47829219)
(13001, -2.09716515)
(13051, -6.53325866)
(13101, -5.55033367)
(13151, -1.99581271)
(13201, -2.50812151)
(13251, 1.07849330)
(13301, -5.21227065)
(13351, -1.55955401)
(13401, 1.44841288)
(13451, -3.22961560)
(13501, -3.23257872)
(13551, -6.37809800)
(13601, -3.84137759)
(13651, 6.37704681)
(13701, -2.19398788)
(13751, 2.39822721)
(13801, -0.76969014)
(13851, -4.01113708)
(13901, -5.28610977)
(13951, -4.82316328)
(14001, -2.99600896)
(14051, -4.47170114)
(14101, -1.42850626)
(14151, -7.46238455)
(14201, 3.59707199)
(14251, -4.54919616)
(14301, -6.23466583)
(14351, 2.20890591)
(14401, 5.49448818)
(14451, -6.55359982)
(14501, 0.15387926)
(14551, -3.70588795)
(14601, 0.80005984)
(14651, -1.38738491)
(14701, -5.52606605)
(14751, -6.54556563)
(14801, -3.99776864)
(14851, -5.58836179)
(14901, -4.63325967)
(14951, -8.27794233)
(15001, -6.40781619)
(15051, -3.49197806)
(15101, 0.40173221)
(15151, -7.40211216)
(15201, -5.15174839)
(15251, -1.60517190)
(15301, -5.59945439)
(15351, -7.33991605)
(15401, -1.06314257)
(15451, 13.91562403)
(15501, -2.62842705)
(15551, -2.26530492)
(15601, -1.97524729)
(15651, 1.34673301)
(15701, -5.69996835)
(15751, 0.80692864)
(15801, -2.85071852)
(15851, -6.36269595)
(15901, -6.26369719)
(15951, 13.13826063)
(16001, 6.01807930)
(16051, -8.58177866)
(16101, -1.84221103)
(16151, -3.23830253)
(16201, -3.79510056)
(16251, -6.88304042)
(16301, -6.01185821)
(16351, -3.88617879)
(16401, -3.41493953)
(16451, -5.96968157)
(16501, -6.13715901)
(16551, -4.31324522)
(16601, 9.74480373)
(16651, 25.20376680)
(16701, 1.47092507)
(16751, -5.53562211)
(16801, -5.64158455)
(16851, -5.67145408)
(16901, -6.62752493)
(16951, -6.80407209)
(17001, -8.05391338)
(17051, -7.12982810)
(17101, -5.79937093)
(17151, -7.14048043)
(17201, -5.39349826)
(17251, -5.31730188)
(17301, -2.13626771)
(17351, -6.63189613)
(17401, -6.80346934)
(17451, -6.64655491)
(17501, -4.52782684)
(17551, -4.07986093)
(17601, -6.56208706)
(17651, 8.18864404)
(17701, -6.68765756)
(17751, -8.03739272)
(17801, -7.95596494)
(17851, 3.10453153)
(17901, -5.54715807)
(17951, -4.01298332)
(18001, 8.76079041)
(18051, -4.21861826)
(18101, -1.02803686)
(18151, -0.95651961)
(18201, -6.67636049)
(18251, 1.08508993)
(18301, -4.98753905)
(18351, -2.15796841)
(18401, -7.54969467)
(18451, -8.46647497)
(18501, 7.47878798)
(18551, -6.46851926)
(18601, -6.79983779)
(18651, -7.69245104)
(18701, -0.05548406)
(18751, -4.69450633)
(18801, -6.86444942)
(18851, -4.89357558)
(18901, -6.39965422)
(18951, -7.47594893)
(19001, -5.21611427)
(19051, -8.29201073)
(19101, -5.02709126)
(19151, -6.72942468)
(19201, -3.04936136)
(19251, 11.66705512)
(19301, -2.08159732)
(19351, -1.58214333)
(19401, -7.65414018)
(19451, -8.00323432)
(19501, -7.63239179)
(19551, -7.14878764)
(19601, -6.32978037)
(19651, -8.95829912)
(19701, 33.89300305)
(19751, -7.00554357)
(19801, -8.06255329)
(19851, -4.92654876)
(19901, 3.79327762)
(19951, -7.27458475)
(20001, -8.01076229)
(20051, -5.31641564)
(20101, -7.46918333)
(20151, -7.90334519)
(20201, -8.74641695)
(20251, -4.54914660)
(20301, -9.10084945)
(20351, -6.88075139)
(20401, -5.40371870)
(20451, 0.25652235)
(20501, -7.56357519)
(20551, -7.09087749)
(20601, -2.72780668)
(20651, 2.11610770)
(20701, -3.34893682)
(20751, -9.32864595)
(20801, 1.73108821)
(20851, -7.11871773)
(20901, -5.82600101)
(20951, 13.02178228)
(21001, 2.89785989)
(21051, -8.40675669)
(21101, -8.09329228)
(21151, -8.22420533)
(21201, -2.66450268)
(21251, -8.93247483)
(21301, -7.57324371)
(21351, -8.09884122)
(21401, -7.58532267)
(21451, 13.81279287)
(21501, 16.38891407)
(21551, 1.07090745)
(21601, -2.76337603)
(21651, -5.65109229)
(21701, 5.47909760)
(21751, -7.20059250)
(21801, -8.22187040)
(21851, -4.85819287)
(21901, -8.60009612)
(21951, 1.52415431)
(22001, -8.09671503)
(22051, -5.25269477)
(22101, -9.27998204)
(22151, -5.20277307)
(22201, -4.15144815)
(22251, -4.87132218)
(22301, -6.10777321)
(22351, -8.28755112)
(22401, -4.75131552)
(22451, -8.51738607)
(22501, -7.03620280)
(22551, -3.47760596)
(22601, -4.30995479)
(22651, -8.35326881)
(22701, -8.95163051)
(22751, -7.73179367)
(22801, -7.75146122)
(22851, -4.07207092)
(22901, -7.61597386)
(22951, -9.86874464)
(23001, -10.10830098)
(23051, -3.81129196)
(23101, -3.37638395)
(23151, -4.60144442)
(23201, -7.93870203)
(23251, -9.46382415)
(23301, -8.30903741)
(23351, -4.40437513)
(23401, -4.85009335)
(23451, -9.06703615)
(23501, -5.27867317)
(23551, -8.23331947)
(23601, 1.24764552)
(23651, -2.74035586)
(23701, -4.80581328)
(23751, -9.26892687)
(23801, -4.43675590)
(23851, 16.20765158)
(23901, -8.56251541)
(23951, 2.29152533)
(24001, 12.36434262)
(24051, -7.33723336)
(24101, -6.97817206)
(24151, -6.67168164)
(24201, 0.56051714)
(24251, -7.56803214)
(24301, -9.23814987)
(24351, -9.54764365)
(24401, -6.24482567)
(24451, -7.63520721)
(24501, -9.76470441)
(24551, 6.46947421)
(24601, -9.98411810)
(24651, -0.66134114)
(24701, -2.59511405)
(24751, -3.89490083)
(24801, -2.40487557)
(24851, 0.96306967)
(24901, 2.52489211)
(24951, -5.05420960)
(25001, -2.02546382)
(25051, 6.72007924)
(25101, 4.41034137)
(25151, 7.41999299)
(25201, -4.85974988)
(25251, -4.82483238)
(25301, -8.05145330)
(25351, -7.34607896)
(25401, -7.83283541)
(25451, -6.61880396)
(25501, -8.44157865)
(25551, -2.48682168)
(25601, -9.84087260)
(25651, -3.90949724)
(25701, -5.36657701)
(25751, -0.09069352)
(25801, 14.76776459)
(25851, -5.80675152)
(25901, -1.77796466)
(25951, 2.19577262)
(26001, -1.84549683)
(26051, 2.29406343)
(26101, -1.57658622)
(26151, -7.78391968)
(26201, -3.82122242)
(26251, 8.14258393)
(26301, -8.81786273)
(26351, -8.47505713)
(26401, -4.55269768)
(26451, 22.63146134)
(26501, -10.10967639)
(26551, -8.32200766)
(26601, -5.13791726)
(26651, 7.94936015)
(26701, -9.50724194)
(26751, -10.06587220)
(26801, -6.12583188)
(26851, -6.73267187)
(26901, -8.47601421)
(26951, 17.34791585)
(27001, -9.63287507)
(27051, -8.61870996)
(27101, -8.60903081)
(27151, -7.42642492)
(27201, -5.83475419)
(27251, 11.40895724)
(27301, -10.03617901)
(27351, -8.97375751)
(27401, -10.02888006)
(27451, 2.84861604)
(27501, -10.65027988)
(27551, -8.51309740)
(27601, 42.73833783)
(27651, -10.00961719)
(27701, -6.68842309)
(27751, -3.67037376)
(27801, -7.71697267)
(27851, -10.65532041)
(27901, -5.18602323)
(27951, -10.21552939)
(28001, -10.68089734)
(28051, -9.75361462)
(28101, -2.31691710)
(28151, -7.67970503)
(28201, -0.51240049)
(28251, -4.96429388)
(28301, 3.94604803)
(28351, -7.75631025)
(28401, -9.43687489)
(28451, -5.97597060)
(28501, -5.14880895)
(28551, -7.73338466)
(28601, -9.56133173)
(28651, -9.30641671)
(28701, 8.11519364)
(28751, -9.90861521)
(28801, -2.77663163)
(28851, -10.29421034)
(28901, -4.73956145)
(28951, -10.87000674)
(29001, -5.35208653)
(29051, 34.43034178)
(29101, -3.22479713)
(29151, 4.25859884)
(29201, -10.46189644)
(29251, -11.17490147)
(29301, -2.01677196)
(29351, 0.86920233)
(29401, -5.95461111)
(29451, 1.92851055)
(29501, -8.69156970)
(29551, -8.74571601)
(29601, -9.88052743)
(29651, -4.63660151)
(29701, -6.55903613)
(29751, -4.07132759)
(29801, -5.07241988)
(29851, -5.64097252)
(29901, -6.54390518)
(29951, 0.28118584)
(30001, -4.92441726)
(30051, -6.03814886)
(30101, -8.70438873)
(30151, -6.84555594)
(30201, -9.67025451)
(30251, -5.01122862)
(30301, 3.80029358)
(30351, 3.27995851)
(30401, -8.35667371)
(30451, 4.75304083)
(30501, -9.84469775)
(30551, -9.93316302)
(30601, -8.34604670)
(30651, -3.15579717)
(30701, 3.47938337)
(30751, -0.69442099)
(30801, -8.47068908)
(30851, -10.29822243)
(30901, -9.24247992)
(30951, -8.39120862)
(31001, -8.44280821)
(31051, -8.71772822)
(31101, -9.99865410)
(31151, -5.05898579)
(31201, -8.51769596)
(31251, -1.77855538)
(31301, 0.48692717)
(31351, 8.97927001)
(31401, -10.90000772)
(31451, 20.91514269)
(31501, -8.98502387)
(31551, -6.03733980)
(31601, -7.14866405)
(31651, -10.37941602)
(31701, -8.23916688)
(31751, -10.69624676)
(31801, -6.18865451)
(31851, -4.27554942)
(31901, 2.75505765)
(31951, -8.64029182)
(32001, -8.66988894)
(32051, -10.73388883)
(32101, -4.28791469)
(32151, -11.03768523)
(32201, -8.90849585)
(32251, -0.09815418)
(32301, -8.08565642)
(32351, -9.28153867)
(32401, -9.14125253)
(32451, -10.05639252)
(32501, -10.04705566)
(32551, 14.75515134)
(32601, -9.65756026)
(32651, -10.05518921)
(32701, -10.03139551)
(32751, -3.18815174)
(32801, -8.28075418)
(32851, -9.68132938)
(32901, -12.24368943)
(32951, -9.69174629)
(33001, 3.02331911)
(33051, -7.59473619)
(33101, 0.10784882)
(33151, -10.57423833)
(33201, 12.19002292)
(33251, -10.60712304)
(33301, 2.66427856)
(33351, -11.29958498)
(33401, -5.23907769)
(33451, -4.92903472)
(33501, -10.41884340)
(33551, -11.19563401)
(33601, -10.03699553)
(33651, -11.51354649)
(33701, -11.90377692)
(33751, -8.92815112)
(33801, -0.58896656)
(33851, -4.17787610)
(33901, -7.19595540)
(33951, -4.81420568)
(34001, -9.28854598)
(34051, 3.17955903)
(34101, -7.30617473)
(34151, -11.04776431)
(34201, -7.72474023)
(34251, -9.24411179)
(34301, -10.83717988)
(34351, -10.13823909)
(34401, 18.85364924)
(34451, -3.28432224)
(34501, 12.17170425)
(34551, -9.35975790)
(34601, -11.48243063)
(34651, -11.14755878)
(34701, -8.91308239)
(34751, -10.49273341)
(34801, -8.96220220)
(34851, -7.62422577)
(34901, -9.78477974)
(34951, -8.18935790)
(35001, -7.77568997)
(35051, -10.05367332)
(35101, -10.28586809)
(35151, -10.54119335)
(35201, -11.12779662)
(35251, 2.49195766)
(35301, -7.70580390)
(35351, 0.88651880)
(35401, 17.06545258)
(35451, -5.10736579)
(35501, -0.17779169)
(35551, 9.46568157)
(35601, -7.37670468)
(35651, -11.10224105)
(35701, -11.74988844)
(35751, -9.93768386)
(35801, 1.88312217)
(35851, -10.40052376)
(35901, -11.06233839)
(35951, -9.56300781)
(36001, -9.67807385)
(36051, -11.63064833)
(36101, -9.62126356)
(36151, -7.48223325)
(36201, 2.24905635)
(36251, -9.35807901)
(36301, -10.63057326)
(36351, -10.45020770)
(36401, -9.32988241)
(36451, -12.38626382)
(36501, -7.40004998)
(36551, -10.39081553)
(36601, -3.37186845)
(36651, -9.80722471)
(36701, -0.72983798)
(36751, -6.99326746)
(36801, -4.82564730)
(36851, -10.58769274)
(36901, -10.01877918)
(36951, -9.97192981)
(37001, 5.06746921)
(37051, -3.14734227)
(37101, -3.42639510)
(37151, -7.05616733)
(37201, -8.03838881)
(37251, -9.97278423)
(37301, -8.74315790)
(37351, -11.78700702)
(37401, -10.66886493)
(37451, -9.81128845)
(37501, -10.45709650)
(37551, -8.52785752)
(37601, -10.10482617)
(37651, -9.28608362)
(37701, -7.83377741)
(37751, -3.36640275)
(37801, -11.67740881)
(37851, -8.78273230)
(37901, -5.23254205)
(37951, -10.96870220)
(38001, -3.89496732)
(38051, -11.13906034)
(38101, 0.73902788)
(38151, 2.91889783)
(38201, -12.11597302)
(38251, -12.16035958)
(38301, 0.36601349)
(38351, -2.95802046)
(38401, -6.31029398)
(38451, -10.04407893)
(38501, -11.77633973)
(38551, 0.48966555)
(38601, -10.47169209)
(38651, -6.44218548)
(38701, 13.91152506)
(38751, -10.65025524)
(38801, -10.72865774)
(38851, -10.45852863)
(38901, -11.21274892)
(38951, -10.07585959)
(39001, -11.48909603)
(39051, -10.34020758)
(39101, -9.77782210)
(39151, -9.93475402)
(39201, -8.11290118)
(39251, -9.54110490)
(39301, 1.62345272)
(39351, -9.98952658)
(39401, -10.99257394)
(39451, -8.22608374)
(39501, -10.09864404)
(39551, -10.99027473)
(39601, 3.85602523)
(39651, -8.85145381)
(39701, -3.42691751)
(39751, -8.94768459)
(39801, -0.31076477)
(39851, -6.05811098)
(39901, -6.70848160)
(39951, -0.94420255)
(40001, -10.93372057)
(40051, 1.18725558)
(40101, 4.80883637)
(40151, -10.37498127)
(40201, -9.90725394)
(40251, -10.35398751)
(40301, -3.60153344)
(40351, 10.69927821)
(40401, -6.97213082)
(40451, -6.50284145)
(40501, -7.99130997)
(40551, 2.29412860)
(40601, -4.13786500)
(40651, -10.03092214)
(40701, -8.49264634)
(40751, -9.78825084)
(40801, -10.09928029)
(40851, -10.13237283)
(40901, -7.37147000)
(40951, -1.74083613)
(41001, -5.17039313)
(41051, -11.07422832)
(41101, -7.34082644)
(41151, -7.67492104)
(41201, -5.24738465)
(41251, -10.86897293)
(41301, -11.94157128)
(41351, -12.33527098)
(41401, -11.70524311)
(41451, -11.88446288)
(41501, -3.93953528)
(41551, -12.02893817)
(41601, -11.24884126)
(41651, -11.99131814)
(41701, -6.68480841)
(41751, -8.55786131)
(41801, -3.58369869)
(41851, -10.87265619)
(41901, -10.88745825)
(41951, -9.58540250)
(42001, -11.38098813)
(42051, -10.80089548)
(42101, 0.24456777)
(42151, -5.21237252)
(42201, -7.65576701)
(42251, -10.22045735)
(42301, 17.97355034)
(42351, -10.73093916)
(42401, 0.91461669)
(42451, -10.44845769)
(42501, 3.90480731)
(42551, -10.40554120)
(42601, -11.98269829)
(42651, -10.71824496)
(42701, -2.73980737)
(42751, -2.57839340)
(42801, -10.63067950)
(42851, -11.79302833)
(42901, -6.96647859)
(42951, -7.40450698)
(43001, -12.63700867)
(43051, -12.19952241)
(43101, -8.65527673)
(43151, -5.67965813)
(43201, -4.54002126)
(43251, -6.40589587)
(43301, -11.55896220)
(43351, -11.68328250)
(43401, -11.69555061)
(43451, -10.92990242)
(43501, 1.47089126)
(43551, -5.11550234)
(43601, -11.41329727)
(43651, -11.93732684)
(43701, -8.51058071)
(43751, -9.90306729)
(43801, -4.36738760)
(43851, -11.60421587)
(43901, -4.54556424)
(43951, -7.35175044)
(44001, -11.03037782)
(44051, -0.07302909)
(44101, -10.59901717)
(44151, -7.92422659)
(44201, -9.26430264)
(44251, -8.72979427)
(44301, -9.77498305)
(44351, -10.45653710)
(44401, -2.01637303)
(44451, -7.68722837)
(44501, -12.00345024)
(44551, -9.32553118)
(44601, -8.86895739)
(44651, -9.79407819)
(44701, -10.63962884)
(44751, -8.91456604)
(44801, -11.91438175)
(44851, -2.34820696)
(44901, -4.60061248)
(44951, -12.93747498)
(45001, -8.94709099)
(45051, -11.85909284)
(45101, -12.07759806)
(45151, -9.81813797)
(45201, -10.30875185)
(45251, -11.72916009)
(45301, -5.73669782)
(45351, -12.01050596)
(45401, -8.31789894)
(45451, -11.07863048)
(45501, -8.10116099)
(45551, -9.44561979)
(45601, -3.63687759)
(45651, -7.54627541)
(45701, -11.25219516)
(45751, -7.84260951)
(45801, -6.97061950)
(45851, -7.48754571)
(45901, -11.17120696)
(45951, 0.07003894)
(46001, -10.57188607)
(46051, -12.50319504)
(46101, -4.89768291)
(46151, -10.53724449)
(46201, -10.74801902)
(46251, -12.24701151)
(46301, -10.97231369)
(46351, -10.63591965)
(46401, -9.67764123)
(46451, -11.61789616)
(46501, -10.80869157)
(46551, -11.95303963)
(46601, -11.45737943)
(46651, -8.40641721)
(46701, -9.21557978)
(46751, -9.52841228)
(46801, -10.95623818)
(46851, -12.13500070)
(46901, -6.64554305)
(46951, -10.13662030)
(47001, -11.00394467)
(47051, -12.81354957)
(47101, -8.20092513)
(47151, -4.86450092)
(47201, 7.76239267)
(47251, 0.52598875)
(47301, 0.29033910)
(47351, -13.13543604)
(47401, -8.62596232)
(47451, 20.75634015)
(47501, -9.26899082)
(47551, -10.35884193)
(47601, -11.40458265)
(47651, -11.48232893)
(47701, -9.23016716)
(47751, 0.76658458)
(47801, -11.29215553)
(47851, 16.74966442)
(47901, -10.76481743)
(47951, 5.36258918)
(48001, -6.28176177)
(48051, -7.87920293)
(48101, -11.09778338)
(48151, -12.11292122)
(48201, -6.44674354)
(48251, 1.10048648)
(48301, 9.00708223)
(48351, -10.46627232)
(48401, -7.30067913)
(48451, -12.43044283)
(48501, -11.54411748)
(48551, -10.60111185)
(48601, -1.14529807)
(48651, -11.19107651)
(48701, -12.59437244)
(48751, 0.50667312)
(48801, -10.78997811)
(48851, -11.93437415)
(48901, -9.23959851)
(48951, -3.43560819)
(49001, -10.71246699)
(49051, -13.07517663)
(49101, -8.85651187)
(49151, -11.39902590)
(49201, -11.60325916)
(49251, 2.44022194)
(49301, -11.50129260)
(49351, -4.89938669)
(49401, -10.39590479)
(49451, 6.42047505)
(49501, -10.71231703)
(49551, -7.35634049)
(49601, -11.99877778)
(49651, 6.54199091)
(49701, -7.44643207)
(49751, -5.17190422)
(49801, -11.42394011)
(49851, -8.59583734)
(49901, -7.14443951)
(49951, -10.05221879)
(50001, -3.88359848)
(50051, -1.22713076)
(50101, -12.13954012)
(50151, -8.45733211)
(50201, -3.47915252)
(50251, -12.80993009)
(50301, -11.10858250)
(50351, -6.01020720)
(50401, 11.75016516)
(50451, -1.09001173)
(50501, -10.57436405)
(50551, -6.47365652)
(50601, -8.51359709)
(50651, 12.66503877)
(50701, -8.39246567)
(50751, -12.72239598)
(50801, 17.52631556)
(50851, -11.63400702)
(50901, -12.90560499)
(50951, -11.89177937)
(51001, -0.00761559)
(51051, -11.85561164)
(51101, -8.41691792)
(51151, -11.84431207)
(51201, -12.69924688)
(51251, -6.54225687)
(51301, -13.25925810)
(51351, -11.16569315)
(51401, -11.44189970)
(51451, -3.10948729)
(51501, -9.62783973)
(51551, -12.70541080)
(51601, -7.09355348)
(51651, -6.74656213)
(51701, -11.45085259)
(51751, -10.15622640)
(51801, -10.01129932)
(51851, -12.49774731)
(51901, -9.71736965)
(51951, -11.12475114)
(52001, -10.86511223)
(52051, -8.62788211)
(52101, -10.92137162)
(52151, -12.51369831)
(52201, -9.22546710)
(52251, -10.44311447)
(52301, -10.71884079)
(52351, -4.66493402)
(52401, -10.68162224)
(52451, -13.27289423)
(52501, -9.94716803)
(52551, -5.61598004)
(52601, -11.33087804)
(52651, -5.54269576)
(52701, -12.97451877)
(52751, -11.37957136)
(52801, -11.19691953)
(52851, -0.00235601)
(52901, -12.62263453)
(52951, 11.20840867)
(53001, -13.05551682)
(53051, -10.50287186)
(53101, -2.82669477)
(53151, -1.23855905)
(53201, -11.54566601)
(53251, -6.40548153)
(53301, -3.16596346)
(53351, -9.22759846)
(53401, -10.42406390)
(53451, -6.50365823)
(53501, -12.54015625)
(53551, -11.23453838)
(53601, -11.58299366)
(53651, -12.18537898)
(53701, -12.47678247)
(53751, -13.44657351)
(53801, -12.49822858)
(53851, -11.66336422)
(53901, -12.43595664)
(53951, -3.69239928)
(54001, -6.90451137)
(54051, -11.85286168)
(54101, -9.53193948)
(54151, -10.72510195)
(54201, -1.70035567)
(54251, -8.80520334)
(54301, -12.02213702)
(54351, -12.09888636)
(54401, -12.80911950)
(54451, -10.44280229)
(54501, -11.40638124)
(54551, -12.09616769)
(54601, -10.35256655)
(54651, -7.69263930)
(54701, -6.20467661)
(54751, -4.03626246)
(54801, -10.99090572)
(54851, -9.95019352)
(54901, -10.23000619)
(54951, -10.72979878)
(55001, -11.80399530)
(55051, -11.00336833)
(55101, -11.11758746)
(55151, -11.44195256)
(55201, -10.04630587)
(55251, -7.71043779)
(55301, -5.29285182)
(55351, -4.31434912)
(55401, -9.40519172)
(55451, -11.08370107)
(55501, -5.64406341)
(55551, -9.68416253)
(55601, -10.66353541)
(55651, -12.87992694)
(55701, -6.93142288)
(55751, -6.85734379)
(55801, -5.28577100)
(55851, -7.84975308)
(55901, 13.32000155)
(55951, -12.31422412)
(56001, -8.67159639)
(56051, -11.27457163)
(56101, -12.59121114)
(56151, -10.61910693)
(56201, -0.43160149)
(56251, 1.45661136)
(56301, -7.20846600)
(56351, -12.12812284)
(56401, 5.89610728)
(56451, -13.00203240)
(56501, -7.12395959)
(56551, -9.16068849)
(56601, -12.88170954)
(56651, 2.77694505)
(56701, -11.40084460)
(56751, -11.79489496)
(56801, -8.69741999)
(56851, -6.49152694)
(56901, -10.64925022)
(56951, 4.04645289)
(57001, -6.64201280)
(57051, -9.09114595)
(57101, -11.59352712)
(57151, -5.68058914)
(57201, -10.01154542)
(57251, -12.27275925)
(57301, -12.25675139)
(57351, -8.22800989)
(57401, -10.73479153)
(57451, -6.15639379)
(57501, -3.25014663)
(57551, -12.51273695)
(57601, -9.48137524)
(57651, 6.96268551)
(57701, -0.16998539)
(57751, 1.50696588)
(57801, -11.70647252)
(57851, -10.63814864)
(57901, -0.38038253)
(57951, -10.01330573)
(58001, -8.29093887)
(58051, -9.83975172)
(58101, -1.95822093)
(58151, -9.94328645)
(58201, -9.25453269)
(58251, -10.35352346)
(58301, -12.72165294)
(58351, -9.29706299)
(58401, -9.45782430)
(58451, -11.15987937)
(58501, -13.38682062)
(58551, 28.61497715)
(58601, -8.18533954)
(58651, -5.58771526)
(58701, -11.09668255)
(58751, -9.92667408)
(58801, -13.38837787)
(58851, -11.84439892)
(58901, -11.15520800)
(58951, -10.58082818)
(59001, -11.62005141)
(59051, -9.68229680)
(59101, -5.36005811)
(59151, -11.90660577)
(59201, -8.26837568)
(59251, -11.93736931)
(59301, -12.28570068)
(59351, -7.72612840)
(59401, -11.97080279)
(59451, -7.52897102)
(59501, -3.22267292)
(59551, -5.94050673)
(59601, -8.02434800)
(59651, -11.36223754)
(59701, -4.55745553)
(59751, -9.36954113)
(59801, -11.79754370)
(59851, -10.06171570)
(59901, -10.75070721)
(59951, 8.98892611)
(60001, 5.66013998)
(60051, -11.29728465)
(60101, -8.48463412)
(60151, -10.48389982)
(60201, -7.93703002)
(60251, -11.63569571)
(60301, -11.24638308)
(60351, -11.90933077)
(60401, -12.17031960)
(60451, -13.94435555)
(60501, -10.58566068)
(60551, -5.91041623)
(60601, -9.78378158)
(60651, -7.77131029)
(60701, -12.18467165)
(60751, -12.97961452)
(60801, -10.15299281)
(60851, -11.73264010)
(60901, -12.20133809)
(60951, -11.41846876)
(61001, 24.13071937)
(61051, -7.29213625)
(61101, -1.48042727)
(61151, -0.90463888)
(61201, -13.04559310)
(61251, -8.33341984)
(61301, -10.19353794)
(61351, -12.97497240)
(61401, -12.99866941)
(61451, -13.44046605)
(61501, -11.87191443)
(61551, -11.97074240)
(61601, -11.00287649)
(61651, 1.51047507)
(61701, -10.01909351)
(61751, -13.02027624)
(61801, -11.95663425)
(61851, -9.39922649)
(61901, -9.77179839)
(61951, -2.15988062)
(62001, -13.22199833)
(62051, -9.53277516)
(62101, -6.19527070)
(62151, -12.31195822)
(62201, -10.34330133)
(62251, -12.04404464)
(62301, -12.39046875)
(62351, -12.39263083)
(62401, -2.60129067)
(62451, 0.72789250)
(62501, -12.93287791)
(62551, -6.44213574)
(62601, -9.91720119)
(62651, -12.71361222)
(62701, -8.73210259)
(62751, -6.65319455)
(62801, -10.45240772)
(62851, -1.05689885)
(62901, -5.70333569)
(62951, -12.42023473)
(63001, -11.41267285)
(63051, -4.60969725)
(63101, -5.88610952)
(63151, -9.36711599)
(63201, -12.44721975)
(63251, 4.34182762)
(63301, -11.24151757)
(63351, -11.06664885)
(63401, -12.14298437)
(63451, -12.65798021)
(63501, -10.18650619)
(63551, -13.52935049)
(63601, -12.07547562)
(63651, -12.95052022)
(63701, 3.60489952)
(63751, -11.59821799)
(63801, -8.76172020)
(63851, -12.98537125)
(63901, -11.96859145)
(63951, -10.97057050)
(64001, -11.49793197)
(64051, 16.63194728)
(64101, -6.77211768)
(64151, -7.32477297)
(64201, -9.44397978)
(64251, -6.89741240)
(64301, 4.13122265)
(64351, 1.80444202)
(64401, 6.35667564)
(64451, -5.02646092)
(64501, -9.82449522)
(64551, -11.48309822)
(64601, -12.54853959)
(64651, -12.46309433)
(64701, -12.20889556)
(64751, 3.53384191)
(64801, -12.85754420)
(64851, -8.98259410)
(64901, -8.02340208)
(64951, -10.10518275)
(65001, -12.34644816)
(65051, -12.98191959)
(65101, -12.88010458)
(65151, -9.95130420)
(65201, -11.71846727)
(65251, -12.53533286)
(65301, -12.37450748)
(65351, 10.37252306)
(65401, -6.99591839)
(65451, -12.74562862)
(65501, -12.86632546)
(65551, -7.72855285)
(65601, -13.64923437)
(65651, -11.33021280)
(65701, -6.68162848)
(65751, -8.51588425)
(65801, -10.71167124)
(65851, -3.89449266)
(65901, -14.02709717)
(65951, -8.04423407)
(66001, -11.33140240)
(66051, -13.88899475)
(66101, -10.05151978)
(66151, -2.24241250)
(66201, -13.13086900)
(66251, -13.63307754)
(66301, -12.26656768)
(66351, -8.74329117)
(66401, -12.73588002)
(66451, -11.04901658)
(66501, -3.92208250)
(66551, -9.26309796)
(66601, -5.46154879)
(66651, -12.67638343)
(66701, 5.05841566)
(66751, -8.37038795)
(66801, -11.54256965)
(66851, -10.85532414)
(66901, -11.65780631)
(66951, -12.15742703)
(67001, -13.40845718)
(67051, -12.34999178)
(67101, -5.33190660)
(67151, -9.29012702)
(67201, -12.37435308)
(67251, -12.27539442)
(67301, -12.21193713)
(67351, -14.39313239)
(67401, -8.15325738)
(67451, -12.67353201)
(67501, -12.52547279)
(67551, -13.54309499)
(67601, -9.86308076)
(67651, -12.19911869)
(67701, -12.51583491)
(67751, -7.82162469)
(67801, -12.87860556)
(67851, -7.11222403)
(67901, -2.89924481)
(67951, -13.59257305)
(68001, -11.75565057)
(68051, -12.46690842)
(68101, -12.26271069)
(68151, -11.48206824)
(68201, -11.47756248)
(68251, -9.89416465)
(68301, -12.69415794)
(68351, -12.01115447)
(68401, -13.83131219)
(68451, -12.97859188)
(68501, -6.63552679)
(68551, -6.90042455)
(68601, -12.75921817)
(68651, -10.79335392)
(68701, -12.00940075)
(68751, -11.78966235)
(68801, 7.35738112)
(68851, -7.01574494)
(68901, -11.64238158)
(68951, -12.77611499)
(69001, -4.19830730)
(69051, -11.37268283)
(69101, -5.58710092)
(69151, -12.32278155)
(69201, -6.01736092)
(69251, -11.06701423)
(69301, -7.65221318)
(69351, -4.69286355)
(69401, -0.85736289)
(69451, -7.41849747)
(69501, -6.91665043)
(69551, -12.82860643)
(69601, -8.98025472)
(69651, -10.34194879)
(69701, -10.05788914)
(69751, -10.27992992)
(69801, -13.64727831)
(69851, -8.30508354)
(69901, -11.24900610)
(69951, -12.73791681)
(70001, -10.79647086)
(70051, -12.48694093)
(70101, -5.99714256)
(70151, -7.34381200)
(70201, -12.72904280)
(70251, -10.90117591)
(70301, -12.92014028)
(70351, -3.26360708)
(70401, -6.66679144)
(70451, -5.07758384)
(70501, 9.89366611)
(70551, -9.06383318)
(70601, -10.45207675)
(70651, -10.95326587)
(70701, -8.88678603)
(70751, -10.24613314)
(70801, -9.53342955)
(70851, -10.87675052)
(70901, -3.83264168)
(70951, -12.80175875)
(71001, -11.32686034)
(71051, -13.43954583)
(71101, -12.77021221)
(71151, 5.91729680)
(71201, -12.64191699)
(71251, -1.53730316)
(71301, -8.04317329)
(71351, -5.63330197)
(71401, -10.60305551)
(71451, -12.63984860)
(71501, -13.00713608)
(71551, -9.29118564)
(71601, -12.05077393)
(71651, -10.14489752)
(71701, -11.72137846)
(71751, -7.49826128)
(71801, -6.18609855)
(71851, -4.06865084)
(71901, -8.96814904)
(71951, 1.32834988)
(72001, -13.50415161)
(72051, -5.08572792)
(72101, -7.70443415)
(72151, -12.03360571)
(72201, -12.08900223)
(72251, -11.29690200)
(72301, 8.59331448)
(72351, -4.72920561)
(72401, -10.53614232)
(72451, -13.41103437)
(72501, -9.84463714)
(72551, 6.70649965)
(72601, -2.29391566)
(72651, -11.74688207)
(72701, -10.20465135)
(72751, -10.66462103)
(72801, 0.97548062)
(72851, -13.88805319)
(72901, -3.05780591)
(72951, -10.20967364)
(73001, -12.30314925)
(73051, -6.11608243)
(73101, -14.02507455)
(73151, -10.21576840)
(73201, -8.93456152)
(73251, -6.66983129)
(73301, -13.44207804)
(73351, -10.85600926)
(73401, -10.01385780)
(73451, -13.68701877)
(73501, -9.28132854)
(73551, 1.24185090)
(73601, -13.21537662)
(73651, -11.85266848)
(73701, -8.71481645)
(73751, -12.36529443)
(73801, -12.96070687)
(73851, -10.77497571)
(73901, -1.60616148)
(73951, -4.94327623)
(74001, -8.83541523)
(74051, -8.95474838)
(74101, -5.45675899)
(74151, -0.58404855)
(74201, -11.31148642)
(74251, -13.17232284)
(74301, -8.56813736)
(74351, -10.88020316)
(74401, -10.92352485)
(74451, -11.15467069)
(74501, -0.28628980)
(74551, -10.94323396)
(74601, -9.56142461)
(74651, -8.53400486)
(74701, -11.89272421)
(74751, -9.79432780)
(74801, -14.39750203)
(74851, -13.58707429)
(74901, -12.02898968)
(74951, -3.58720978)
(75001, -12.33075620)
(75051, -13.72304504)
(75101, -8.79800178)
(75151, -12.72487273)
(75201, -12.11512879)
(75251, -13.94954479)
(75301, -9.83474537)
(75351, -7.87082314)
(75401, -9.41387165)
(75451, -12.79060769)
(75501, -12.23286189)
(75551, -11.30075032)
(75601, -12.48434015)
(75651, -13.84926966)
(75701, -9.06717898)
(75751, -10.44010419)
(75801, -13.52494042)
(75851, 9.59970698)
(75901, -12.98110628)
(75951, 1.42959933)
(76001, -11.08128735)
(76051, 15.07149374)
(76101, -12.49159384)
(76151, -11.85489112)
(76201, -5.91645026)
(76251, -8.02272964)
(76301, -10.50859476)
(76351, -11.46681304)
(76401, -8.76683437)
(76451, -10.31946982)
(76501, -13.25095268)
(76551, -5.45212362)
(76601, 16.29165333)
(76651, -6.20672204)
(76701, -12.84943778)
(76751, 4.09224251)
(76801, -13.25502321)
(76851, -8.26166696)
(76901, -0.21382663)
(76951, -12.87666859)
(77001, -12.45879985)
(77051, -10.85292289)
(77101, -12.85757935)
(77151, -2.56394163)
(77201, -8.55586424)
(77251, -12.57002403)
(77301, -12.67381685)
(77351, -2.96418028)
(77401, -12.94094989)
(77451, -13.83473954)
(77501, -9.75083206)
(77551, -9.27371958)
(77601, -12.53914949)
(77651, -13.88022395)
(77701, -3.56049513)
(77751, -12.59524294)
(77801, -11.35582228)
(77851, -9.38963057)
(77901, -10.78487998)
(77951, -12.72400906)
(78001, -11.77394050)
(78051, -12.35059251)
(78101, -8.95963406)
(78151, -1.94120722)
(78201, -10.24039818)
(78251, -13.08871289)
(78301, -13.32253545)
(78351, -12.63569698)
(78401, -8.55017120)
(78451, -10.75748353)
(78501, -0.53562570)
(78551, -12.27432274)
(78601, -12.18420788)
(78651, -6.32950155)
(78701, -12.05869613)
(78751, -7.67143429)
(78801, -11.98171179)
(78851, -12.93739421)
(78901, 3.26808435)
(78951, 0.15271771)
(79001, 1.69972864)
(79051, -10.15487432)
(79101, -9.75484307)
(79151, 4.60922208)
(79201, 15.56166120)
(79251, -12.14523669)
(79301, -0.21220404)
(79351, -12.00418192)
(79401, -13.48971429)
(79451, -12.59851296)
(79501, -13.25585909)
(79551, -12.23506580)
(79601, -13.41535634)
(79651, -11.41518911)
(79701, 4.62974211)
(79751, -12.23199282)
(79801, -7.54013140)
(79851, -13.03895086)
(79901, -12.22914753)
(79951, -7.27532697)
(80001, -9.85714374)
(80051, -10.54132514)
(80101, 0.07208680)
(80151, -12.13294372)
(80201, -9.91504691)
(80251, 4.26942955)
(80301, -11.04593918)
(80351, 7.27382137)
(80401, -5.11625995)
(80451, 6.81749272)
(80501, -13.07086419)
(80551, -13.08047553)
(80601, -11.85057803)
(80651, -12.40057492)
(80701, 19.58942559)
(80751, -12.73418582)
(80801, -13.12802546)
(80851, 19.06311954)
(80901, -3.32466317)
(80951, -11.97316710)
(81001, 4.07131844)
(81051, 7.69597697)
(81101, -3.14744420)
(81151, -2.38969266)
(81201, -7.71439194)
(81251, -11.98020349)
(81301, -9.29295864)
(81351, -13.25627108)
(81401, -4.19907707)
(81451, -9.00815566)
(81501, -14.11360685)
(81551, -11.15818370)
(81601, -11.34459515)
(81651, -4.53718995)
(81701, -12.64307086)
(81751, -0.80244444)
(81801, -12.33149318)
(81851, -7.48018535)
(81901, -9.65576434)
(81951, -13.04880470)
(82001, -12.90829394)
(82051, -11.50536149)
(82101, -12.58554940)
(82151, -11.00710073)
(82201, -11.25335691)
(82251, -13.76280366)
(82301, -8.06120506)
(82351, -11.88811119)
(82401, -13.87964226)
(82451, -8.02681175)
(82501, -4.17496844)
(82551, -9.22464692)
(82601, -9.25122450)
(82651, -0.97697644)
(82701, -11.90518017)
(82751, -9.10271639)
(82801, -12.31760352)
(82851, -8.52513763)
(82901, -12.40720340)
(82951, -13.51001847)
(83001, -13.82956074)
(83051, -9.66036310)
(83101, -7.40993008)
(83151, -12.05027561)
(83201, 12.13434195)
(83251, -9.71911677)
(83301, -12.19646651)
(83351, -12.25754288)
(83401, -0.71084985)
(83451, -10.93860365)
(83501, -3.77626789)
(83551, -11.05264378)
(83601, -10.78780897)
(83651, -12.22786529)
(83701, -13.18946683)
(83751, -11.54669029)
(83801, 19.00464166)
(83851, -9.67652075)
(83901, -9.09012542)
(83951, -11.75580792)
(84001, 0.50005390)
(84051, -8.70840231)
(84101, -8.45282491)
(84151, -9.18319640)
(84201, -12.02874701)
(84251, -4.95493526)
(84301, -13.90991377)
(84351, -11.67071196)
(84401, -12.65876562)
(84451, -3.02079728)
(84501, -12.92487034)
(84551, -7.95702335)
(84601, -14.34564914)
(84651, -6.98605769)
(84701, -13.05465240)
(84751, -13.76415082)
(84801, -8.43062036)
(84851, -5.04388968)
(84901, -10.52935221)
(84951, -12.34805453)
(85001, -1.84912948)
(85051, -9.37994860)
(85101, -12.97683654)
(85151, -11.51392560)
(85201, -6.50383356)
(85251, -12.36915242)
(85301, -13.29929562)
(85351, -13.46081445)
(85401, -11.60982978)
(85451, -2.51148356)
(85501, -11.63980981)
(85551, -10.38765753)
(85601, -13.46766484)
(85651, -9.90969810)
(85701, -14.04891189)
(85751, -13.86028405)
(85801, 5.25952593)
(85851, -5.27692164)
(85901, -14.10809007)
(85951, -6.87016519)
(86001, -9.95946844)
(86051, -13.26766476)
(86101, -3.18921527)
(86151, -12.55907208)
(86201, -5.73123775)
(86251, -14.83545034)
(86301, -12.85253005)
(86351, -9.90668113)
(86401, -13.14657072)
(86451, -7.31598230)
(86501, -13.64210465)
(86551, -9.18836511)
(86601, 8.94779671)
(86651, -4.29664360)
(86701, 13.87313157)
(86751, -11.85293460)
(86801, -7.79747977)
(86851, -12.11574088)
(86901, -10.88266897)
(86951, -12.69006999)
(87001, 4.60818641)
(87051, -5.04450183)
(87101, 2.31341330)
(87151, -11.17274888)
(87201, -12.19701544)
(87251, -8.38428434)
(87301, -12.51552639)
(87351, 3.90360969)
(87401, -13.25487051)
(87451, -12.90833554)
(87501, -13.60332055)
(87551, -11.83191763)
(87601, -10.52278072)
(87651, -3.40519018)
(87701, -13.57723503)
(87751, -13.05504564)
(87801, -9.10743116)
(87851, -12.53368005)
(87901, -13.44096680)
(87951, -13.29206312)
(88001, -12.82534110)
(88051, -6.62886277)
(88101, -12.56850694)
(88151, -13.12132756)
(88201, -13.26002011)
(88251, -13.78454193)
(88301, -9.95023652)
(88351, -11.58768963)
(88401, -13.33466729)
(88451, 0.47023737)
(88501, -11.52570255)
(88551, -12.14398039)
(88601, -9.71379733)
(88651, -13.15256146)
(88701, -5.80940218)
(88751, -12.95853614)
(88801, -12.77108066)
(88851, -8.59589331)
(88901, -12.65807050)
(88951, -10.66733383)
(89001, -4.20530212)
(89051, -13.13216964)
(89101, -12.40269322)
(89151, -12.91777940)
(89201, -9.32941418)
(89251, -3.69843427)
(89301, -13.53473288)
(89351, -13.48329470)
(89401, -11.30770143)
(89451, -13.77105871)
(89501, -7.30642235)
(89551, -3.02043632)
(89601, -13.27841006)
(89651, 4.39738651)
(89701, 8.32964395)
(89751, 3.97193405)
(89801, -13.48041821)
(89851, -9.08439015)
(89901, -10.22007261)
(89951, -12.52956645)
(90001, -9.92339314)
(90051, -4.15145098)
(90101, -12.50539572)
(90151, -12.53664544)
(90201, -14.30412386)
(90251, -13.88021371)
(90301, -6.49025134)
(90351, -11.42672820)
(90401, -1.64286312)
(90451, -11.99213726)
(90501, -4.68745500)
(90551, -3.16889308)
(90601, -6.70721625)
(90651, -12.20636069)
(90701, -0.34625765)
(90751, -11.45992448)
(90801, -13.35895606)
(90851, -13.81315644)
(90901, -7.27202402)
(90951, -8.73879891)
(91001, -6.01814133)
(91051, -13.49522591)
(91101, -6.55066364)
(91151, -11.53788570)
(91201, -13.41507857)
(91251, -13.23174869)
(91301, -9.54787353)
(91351, 38.64263968)
(91401, -3.47551306)
(91451, -13.17547632)
(91501, -15.02673132)
(91551, -12.12204122)
(91601, -6.19735310)
(91651, -11.98713160)
(91701, -10.56993495)
(91751, -10.64104319)
(91801, -13.16179161)
(91851, -12.02786347)
(91901, -10.81183003)
(91951, -14.93381846)
(92001, -13.37569289)
(92051, -9.16439104)
(92101, -9.75481221)
(92151, -8.09558055)
(92201, -9.04547032)
(92251, -13.46447538)
(92301, -13.04809443)
(92351, -4.54418356)
(92401, -13.27166428)
(92451, 0.91026365)
(92501, 5.91286357)
(92551, -12.04306232)
(92601, -3.60629824)
(92651, -6.18083767)
(92701, -14.10838639)
(92751, -11.49657936)
(92801, 10.03948068)
(92851, -11.21589818)
(92901, -5.36225876)
(92951, -13.01708334)
(93001, -11.78982238)
(93051, 8.52145289)
(93101, -15.01581740)
(93151, -15.05587817)
(93201, -10.35334823)
(93251, -13.67624098)
(93301, -6.36562480)
(93351, -2.57795932)
(93401, -13.38884625)
(93451, -13.21396893)
(93501, -4.07436459)
(93551, -12.97130844)
(93601, -8.17457867)
(93651, -14.03418927)
(93701, -13.63295678)
(93751, -13.83306263)
(93801, -11.98414276)
(93851, -1.96227186)
(93901, -4.99279043)
(93951, -14.20558941)
(94001, -10.77127220)
(94051, -12.40898928)
(94101, -7.29714798)
(94151, -10.66330237)
(94201, -12.99010930)
(94251, -13.19047273)
(94301, -12.18823364)
(94351, -2.00332340)
(94401, 1.05446986)
(94451, -13.60450354)
(94501, -13.98060857)
(94551, 2.79422374)
(94601, -3.15499033)
(94651, -13.27175548)
(94701, 10.83272633)
(94751, -14.63533870)
(94801, -9.28026912)
(94851, -10.36930735)
(94901, 5.43282010)
(94951, 5.72717338)
(95001, -8.86114777)
(95051, -10.66729736)
(95101, -4.39039927)
(95151, -13.18996859)
(95201, -12.82693348)
(95251, 7.98200339)
(95301, -12.55118304)
(95351, 2.60381900)
(95401, 0.22873623)
(95451, -12.11147568)
(95501, -5.51093018)
(95551, -14.44468385)
(95601, -12.91390233)
(95651, -7.00018934)
(95701, -7.70072481)
(95751, -10.41663543)
(95801, -5.96004510)
(95851, -13.14956331)
(95901, -11.29511723)
(95951, -13.22541652)
(96001, -4.75435614)
(96051, -13.72148006)
(96101, -4.79672305)
(96151, 0.33013063)
(96201, -11.20526206)
(96251, -12.76866865)
(96301, 4.37506225)
(96351, -4.70849533)
(96401, -8.66206394)
(96451, -11.03286269)
(96501, -12.28479513)
(96551, -14.06105512)
(96601, -14.28272419)
(96651, -14.04276909)
(96701, -10.45604116)
(96751, -8.93631124)
(96801, -13.55962251)
(96851, -12.82709469)
(96901, -13.82796568)
(96951, -11.86488947)
(97001, -13.17528245)
(97051, -8.36761117)
(97101, 0.71914891)
(97151, -5.23959679)
(97201, -11.42970938)
(97251, -13.48535381)
(97301, -13.27465143)
(97351, -13.03119530)
(97401, -0.84317851)
(97451, -14.00941921)
(97501, -13.77533771)
(97551, 2.62767581)
(97601, -13.45381251)
(97651, -12.63117393)
(97701, -4.90185998)
(97751, 3.06270799)
(97801, -12.93790861)
(97851, -10.94437585)
(97901, -0.74725316)
(97951, -10.96573859)
(98001, -14.17785156)
(98051, -14.59405924)
(98101, -9.40947777)
(98151, -9.91298886)
(98201, -12.83258995)
(98251, -14.15451386)
(98301, -13.43599671)
(98351, 0.51051541)
(98401, 0.22734562)
(98451, -13.44285932)
(98501, -11.93735469)
(98551, -12.49451093)
(98601, -12.09827658)
(98651, -8.13681287)
(98701, -13.65216308)
(98751, -12.82238714)
(98801, -11.87177791)
(98851, -8.79734145)
(98901, 2.63611296)
(98951, -11.50672752)
(99001, -7.25414344)
(99051, -12.90378808)
(99101, -14.08054166)
(99151, 0.93947504)
(99201, -12.03346233)
(99251, -10.32093197)
(99301, -2.76882847)
(99351, -13.59209945)
(99401, -12.73227496)
(99451, -13.20134053)
(99501, -10.43480454)
(99551, -10.96993013)
(99601, -13.17560806)
(99651, -11.54005251)
(99701, -12.18106722)
(99751, -9.74239673)
(99801, -13.44581860)
(99851, -14.49723351)
(99901, -12.12244610)
(99951, -7.44757389)
(100001, -10.31270703)
(100051, -14.45633872)
(100101, 26.71924456)
(100151, -12.60253381)
(100201, -12.78351891)
(100251, -11.40306463)
(100301, -14.33677455)
(100351, -9.81944512)
(100401, -5.66252571)
(100451, -15.13033374)
(100501, -13.90820303)
(100551, -13.31642099)
(100601, -9.82007256)
(100651, -13.55847693)
(100701, -14.24534518)
(100751, -6.91463755)
(100801, -9.98162404)
(100851, -11.21552998)
(100901, -14.16916887)
(100951, -4.21193495)
(101001, -6.44277545)
(101051, -5.31655562)
(101101, -14.59773384)
(101151, -6.34108064)
(101201, -8.54254894)
(101251, 3.92471382)
(101301, -7.94328668)
(101351, -7.69416111)
(101401, -14.38273692)
(101451, -13.47609944)
(101501, -7.66564588)
(101551, -13.45689160)
(101601, -4.01916312)
(101651, 2.74672788)
(101701, 0.72874863)
(101751, -11.78557487)
(101801, -10.53021411)
(101851, -13.82748074)
(101901, -10.51414422)
(101951, -8.44884709)
(102001, -11.23473680)
(102051, -4.67920657)
(102101, -13.55929935)
(102151, 3.43728160)
(102201, -10.51644466)
(102251, -11.61394161)
(102301, -7.93481880)
(102351, 3.34962066)
(102401, -14.50263317)
(102451, -12.13757879)
(102501, 2.59143215)
(102551, -14.60667261)
(102601, -0.39486130)
(102651, -14.11360278)
(102701, -12.37812751)
(102751, -8.30646599)
(102801, -13.71166324)
(102851, -13.38186267)
(102901, -7.74771981)
(102951, -12.84170130)
(103001, -13.08200733)
(103051, -13.32259043)
(103101, -8.41177238)
(103151, -13.88925216)
(103201, -11.37952846)
(103251, -14.06029399)
(103301, -9.28097871)
(103351, -9.03121535)
(103401, -13.60669463)
(103451, -8.09866700)
(103501, -12.94147355)
(103551, -11.46884154)
(103601, -9.60951204)
(103651, -14.55384470)
(103701, -5.58297686)
(103751, -8.07350995)
(103801, -14.77447928)
(103851, -2.64777892)
(103901, -12.72867488)
(103951, -12.49169114)
(104001, -3.86102215)
(104051, -5.13923274)
(104101, -14.59075198)
(104151, -10.07288878)
(104201, -3.59583556)
(104251, -4.30744965)
(104301, -14.44810520)
(104351, -14.08089241)
(104401, -13.78895633)
(104451, -12.14812869)
(104501, -13.89189090)
(104551, -12.94277004)
(104601, 3.42358739)
(104651, -11.63562460)
(104701, -10.11981194)
(104751, -14.13012423)
(104801, -8.04329787)
(104851, -13.52627996)
(104901, -13.08468506)
(104951, -9.25127308)
(105001, -13.92573078)
(105051, -13.55309408)
(105101, -4.62450176)
(105151, -13.57716635)
(105201, -14.38989640)
(105251, -6.77138941)
(105301, -13.85328215)
(105351, -13.02033853)
(105401, -12.07070511)
(105451, -9.98624795)
(105501, -14.56687566)
(105551, -3.63550173)
(105601, -13.42321748)
(105651, -12.29003957)
(105701, -11.11216813)
(105751, -6.25876681)
(105801, -10.74642462)
(105851, 2.14696211)
(105901, -9.85474592)
(105951, -13.83395395)
(106001, -14.29147078)
(106051, -12.85698700)
(106101, -14.65717001)
(106151, -15.08484355)
(106201, -13.72708266)
(106251, -12.37969895)
(106301, -11.55584697)
(106351, -10.93202643)
(106401, -15.52141234)
(106451, -13.49298662)
(106501, -2.42132702)
(106551, 8.08175911)
(106601, -12.94189077)
(106651, -13.73527126)
(106701, -12.77199832)
(106751, -12.84073214)
(106801, -9.54318365)
(106851, -13.48831837)
(106901, -11.58196009)
(106951, -10.57278650)
(107001, 1.85150693)
(107051, -8.55106483)
(107101, -12.31739919)
(107151, -12.19660458)
(107201, -8.41623501)
(107251, -10.94158479)
(107301, 5.47722441)
(107351, -13.42321738)
(107401, -10.51684317)
(107451, -13.75156051)
(107501, -10.69985807)
(107551, -13.08763803)
(107601, -2.39726008)
(107651, -10.88839224)
(107701, -14.20344678)
(107751, -8.98157844)
(107801, -13.81786117)
(107851, -12.90082999)
(107901, -10.61836179)
(107951, -9.71248830)
(108001, -9.16878958)
(108051, -11.16068581)
(108101, -13.65714847)
(108151, -11.80526200)
(108201, -12.30921528)
(108251, -13.29798148)
(108301, -5.47782888)
(108351, 1.15251692)
(108401, -8.38920926)
(108451, -14.06104715)
(108501, 0.29481119)
(108551, -14.46642798)
(108601, -14.34618190)
(108651, -12.48768444)
(108701, -13.85516631)
(108751, -7.54109819)
(108801, -13.63143132)
(108851, -12.96357272)
(108901, -6.98591727)
(108951, -2.39291971)
(109001, -13.94220479)
(109051, -1.64635389)
(109101, -12.05594352)
(109151, -13.61955418)
(109201, -11.20818328)
(109251, -15.14962547)
(109301, -10.21050254)
(109351, -11.87323495)
(109401, -11.73254844)
(109451, 1.15276358)
(109501, 3.14426950)
(109551, -0.06533327)
(109601, -13.60845911)
(109651, -11.62304035)
(109701, -14.20216898)
(109751, -14.07004796)
(109801, -1.87624228)
(109851, -10.34138063)
(109901, -10.48718531)
(109951, -1.47376963)
(110001, -14.16780705)
(110051, -13.12453643)
(110101, -0.58334192)
(110151, -12.31045733)
(110201, -12.69791830)
(110251, -13.47971088)
(110301, 3.95433356)
(110351, 1.57480025)
(110401, -8.03021464)
(110451, -13.98603432)
(110501, -12.10274812)
(110551, -5.96026682)
(110601, -11.36965157)
(110651, -11.95540968)
(110701, -13.60382778)
(110751, -10.28880175)
(110801, -14.80756174)
(110851, -12.23179847)
(110901, -14.10355710)
(110951, -9.04157313)
(111001, -10.57132574)
(111051, -13.68881320)
(111101, -13.43128886)
(111151, -5.67303884)
(111201, -12.71932042)
(111251, -4.76641956)
(111301, -9.06235204)
(111351, -12.73300830)
(111401, -11.49314907)
(111451, -12.49869929)
(111501, -14.49355513)
(111551, -11.78512760)
(111601, 10.79792440)
(111651, -14.00867194)
(111701, -0.84802086)
(111751, -11.47358796)
(111801, -12.94559104)
(111851, -13.49314368)
(111901, -12.34813923)
(111951, -13.80573386)
(112001, 3.01648711)
(112051, -10.33094762)
(112101, -1.97146802)
(112151, -14.06069135)
(112201, -10.22280893)
(112251, 19.46557681)
(112301, -13.86943212)
(112351, -13.65598324)
(112401, -10.87450372)
(112451, -12.39858630)
(112501, -10.07778527)
(112551, -14.28385557)
(112601, -10.68293786)
(112651, -13.53694069)
(112701, -14.42758575)
(112751, -13.99742408)
(112801, -5.55374437)
(112851, -14.31042029)
(112901, -12.39613217)
(112951, -13.88453449)
(113001, -9.82611020)
(113051, -13.11538679)
(113101, -10.39486492)
(113151, -7.02049631)
(113201, -13.81939185)
(113251, -9.38855663)
(113301, -7.75838168)
(113351, -14.23644130)
(113401, 5.89754556)
(113451, -8.67157952)
(113501, -15.18867806)
(113551, -1.05641903)
(113601, 0.72536588)
(113651, -4.95373584)
(113701, -12.04699982)
(113751, -6.52592757)
(113801, -15.01589489)
(113851, 5.97633963)
(113901, -14.30519724)
(113951, -14.86207190)
(114001, -11.43453280)
(114051, -6.68994166)
(114101, -14.94016603)
(114151, -11.43096118)
(114201, -12.89109241)
(114251, -3.21002303)
(114301, -14.54857238)
(114351, -12.34439101)
(114401, -9.24957612)
(114451, 7.52539656)
(114501, -14.41414854)
(114551, -14.75008462)
(114601, -12.55148464)
(114651, -3.00224229)
(114701, -13.26382608)
(114751, -8.40510293)
(114801, -12.23063011)
(114851, -14.39327338)
(114901, -9.99448270)
(114951, -3.07821706)
(115001, -14.10547187)
(115051, -11.01974213)
(115101, -12.42504096)
(115151, -12.95828902)
(115201, -6.34661807)
(115251, -5.65129716)
(115301, -13.99175566)
(115351, -12.31733061)
(115401, -10.55293944)
(115451, -11.47906843)
(115501, -11.89284114)
(115551, -11.37796053)
(115601, -13.58054307)
(115651, -2.88659590)
(115701, -13.90002519)
(115751, -12.34481384)
(115801, -12.65495065)
(115851, -11.80135507)
(115901, -9.47070223)
(115951, -9.48026110)
(116001, -12.41077816)
(116051, -15.15624666)
(116101, -13.85889390)
(116151, -12.98080745)
(116201, -13.65862556)
(116251, -13.33718494)
(116301, -2.73740524)
(116351, -13.27506364)
(116401, -14.52994732)
(116451, -9.96016622)
(116501, -12.24979128)
(116551, -14.97262120)
(116601, -14.02059224)
(116651, -8.38893659)
(116701, -3.82783904)
(116751, -14.14566075)
(116801, -13.78454761)
(116851, -6.70372987)
(116901, -10.70353943)
(116951, -8.21401990)
(117001, -14.50867189)
(117051, -10.30679828)
(117101, -0.03408039)
(117151, -11.25316167)
(117201, -8.70628025)
(117251, -13.99832530)
(117301, -12.99281455)
(117351, -10.22333682)
(117401, -14.41010205)
(117451, -14.06743610)
(117501, -14.63093270)
(117551, -4.75824363)
(117601, 4.42299758)
(117651, -12.54605500)
(117701, -14.02750501)
(117751, -14.33854252)
(117801, -13.81358746)
(117851, -2.77081970)
(117901, -11.42155592)
(117951, -10.09965539)
(118001, -13.19419570)
(118051, -14.55866255)
(118101, -11.84599300)
(118151, -14.64257967)
(118201, -11.09652625)
(118251, -13.73795192)
(118301, -5.85436517)
(118351, -9.68923286)
(118401, -12.57086116)
(118451, -8.34299909)
(118501, -6.55974187)
(118551, -13.60759084)
(118601, -13.87554346)
(118651, -13.63272887)
(118701, -15.05020406)
(118751, -14.73623572)
(118801, -11.41952721)
(118851, -14.08651710)
(118901, -14.49968015)
(118951, -12.24195439)
(119001, 1.29219529)
(119051, -7.18310152)
(119101, -10.36349599)
(119151, -5.37536917)
(119201, -14.24809717)
(119251, -13.37895094)
(119301, -11.58743419)
(119351, -12.99112385)
(119401, -12.47644766)
(119451, -4.51317481)
(119501, 6.08303408)
(119551, 1.24427428)
(119601, -10.19057600)
(119651, -7.94027224)
(119701, 6.67434219)
(119751, -12.74403165)
(119801, -13.05267699)
(119851, -11.89539281)
(119901, -13.53071561)
(119951, -13.12725437)
(120001, -1.50531502)
(120051, -12.32371042)
(120101, -12.61316929)
(120151, -13.91146252)
(120201, -12.59812211)
(120251, -10.88567137)
(120301, -14.00310741)
(120351, -5.52654076)
(120401, -7.82476900)
(120451, -15.09459705)
(120501, -11.39019308)
(120551, -12.56185631)
(120601, -12.36652911)
(120651, -4.80692993)
(120701, -14.32451336)
(120751, -10.65558247)
(120801, 1.46502403)
(120851, 0.41493998)
(120901, -13.90193292)
(120951, -13.83225182)
(121001, -8.64693350)
(121051, -11.08437525)
(121101, -11.70389772)
(121151, -10.41398346)
(121201, -13.98475115)
(121251, -13.04951188)
(121301, -13.45019121)
(121351, -8.17619088)
(121401, -4.96634037)
(121451, 5.13465172)
(121501, -0.82434773)
(121551, -12.06501782)
(121601, -10.86265999)
(121651, -12.85849655)
(121701, -7.02156470)
(121751, -11.29886626)
(121801, -7.04785815)
(121851, -8.06926008)
(121901, 7.94511231)
(121951, -8.00773107)
(122001, -12.24581255)
(122051, -11.89792044)
(122101, -13.91595656)
(122151, -11.21469145)
(122201, -12.91782722)
(122251, -11.65846608)
(122301, -14.81557357)
(122351, -7.08419523)
(122401, -13.53237568)
(122451, -8.91530376)
(122501, -13.88494822)
(122551, -13.85585696)
(122601, -9.30247507)
(122651, -14.44221311)
(122701, -8.54003383)
(122751, -8.28935774)
(122801, -10.51590148)
(122851, -13.22523615)
(122901, -5.16612707)
(122951, -12.97180753)
(123001, -12.15420158)
(123051, -12.00109892)
(123101, -13.00154311)
(123151, 0.10989594)
(123201, -7.69008571)
(123251, -12.60714851)
(123301, 18.31081503)
(123351, -13.50700466)
(123401, -14.49172512)
(123451, -12.31960539)
(123501, -13.08178679)
(123551, -10.95806210)
(123601, -13.81344697)
(123651, -14.09845535)
(123701, 1.36209178)
(123751, -12.48744811)
(123801, -13.60659174)
(123851, -7.67706960)
(123901, -7.05349821)
(123951, -1.65050517)
(124001, -14.56381123)
(124051, -13.34010757)
(124101, -14.90489797)
(124151, -12.51573845)
(124201, -11.99352588)
(124251, -0.86723444)
(124301, -14.26719742)
(124351, -13.45546575)
(124401, 10.25489938)
(124451, -3.90490558)
(124501, -13.88688921)
(124551, -12.88969298)
(124601, -11.68903719)
(124651, 1.72539606)
(124701, -12.44875580)
(124751, -4.78657080)
(124801, -14.43275258)
(124851, -13.95823612)
(124901, -9.25507132)
(124951, 3.21505135)
