(1, 0.55939436)
(51, 0.25258628)
(101, 0.20037575)
(151, 0.18441279)
(201, 0.17425247)
(251, 0.16905159)
(301, 0.14817746)
(351, 0.15075515)
(401, 0.13614215)
(451, 0.12533867)
(501, 0.12220008)
(551, 0.11304707)
(601, 0.10809256)
(651, 0.11033656)
(701, 0.10126995)
(751, 0.10290235)
(801, 0.10466096)
(851, 0.09643276)
(901, 0.08632437)
(951, 0.09154700)
(1001, 0.09445092)
(1051, 0.08693311)
(1101, 0.08401214)
(1151, 0.08369547)
(1201, 0.08987653)
(1251, 0.09375799)
(1301, 0.07525411)
(1351, 0.07354966)
(1401, 0.07971285)
(1451, 0.07786310)
(1501, 0.07402604)
(1551, 0.07540659)
(1601, 0.07531209)
(1651, 0.08029906)
(1701, 0.07011233)
(1751, 0.06859631)
(1801, 0.08418181)
(1851, 0.07133500)
(1901, 0.07196919)
(1951, 0.07595384)
(2001, 0.06511052)
(2051, 0.06398750)
(2101, 0.06537452)
(2151, 0.06449959)
(2201, 0.08271518)
(2251, 0.06828181)
(2301, 0.06430307)
(2351, 0.06733793)
(2401, 0.07331917)
(2451, 0.07538395)
(2501, 0.06198774)
(2551, 0.05957142)
(2601, 0.06141378)
(2651, 0.06345052)
(2701, 0.06439646)
(2751, 0.06262222)
(2801, 0.06560686)
(2851, 0.07618020)
(2901, 0.06529643)
(2951, 0.06329848)
(3001, 0.06394844)
(3051, 0.05773669)
(3101, 0.06142149)
(3151, 0.07012736)
(3201, 0.05636255)
(3251, 0.06721567)
(3301, 0.05658641)
(3351, 0.05350621)
(3401, 0.05501648)
(3451, 0.06250606)
(3501, 0.05474416)
(3551, 0.06241030)
(3601, 0.05844535)
(3651, 0.05567705)
(3701, 0.05629670)
(3751, 0.05515231)
(3801, 0.05739526)
(3851, 0.06007200)
(3901, 0.06360930)
(3951, 0.05398122)
(4001, 0.06263518)
(4051, 0.06812891)
(4101, 0.06131827)
(4151, 0.05620976)
(4201, 0.05258247)
(4251, 0.05570928)
(4301, 0.05649664)
(4351, 0.07423823)
(4401, 0.05124396)
(4451, 0.07511976)
(4501, 0.05813519)
(4551, 0.05365498)
(4601, 0.05864135)
(4651, 0.05491961)
(4701, 0.05742047)
(4751, 0.05084119)
(4801, 0.05465953)
(4851, 0.05704463)
(4901, 0.05429128)
(4951, 0.05789729)
(5001, 0.05615618)
(5051, 0.05482145)
(5101, 0.05544730)
(5151, 0.05654893)
(5201, 0.05777521)
(5251, 0.06344634)
(5301, 0.05429166)
(5351, 0.05473865)
(5401, 0.06114566)
(5451, 0.05593241)
(5501, 0.05910622)
(5551, 0.05217933)
(5601, 0.05372615)
(5651, 0.06068525)
(5701, 0.05223136)
(5751, 0.05216905)
(5801, 0.05279475)
(5851, 0.05630580)
(5901, 0.05147822)
(5951, 0.05062665)
(6001, 0.05399281)
(6051, 0.05454859)
(6101, 0.05321483)
(6151, 0.05169277)
(6201, 0.05216814)
(6251, 0.04744787)
(6301, 0.05967131)
(6351, 0.05264970)
(6401, 0.04665279)
(6451, 0.04961581)
(6501, 0.04848214)
(6551, 0.04721997)
(6601, 0.05532230)
(6651, 0.04942142)
(6701, 0.06031074)
(6751, 0.04953871)
(6801, 0.05609805)
(6851, 0.04738244)
(6901, 0.06029893)
(6951, 0.04950875)
(7001, 0.04621686)
(7051, 0.04763737)
(7101, 0.05517944)
(7151, 0.05225816)
(7201, 0.05085177)
(7251, 0.04715319)
(7301, 0.04816635)
(7351, 0.04975348)
(7401, 0.05797436)
(7451, 0.04916239)
(7501, 0.04749412)
(7551, 0.04687945)
(7601, 0.04579336)
(7651, 0.05367710)
(7701, 0.04868707)
(7751, 0.05195638)
(7801, 0.06542797)
(7851, 0.05284499)
(7901, 0.05311245)
(7951, 0.04931373)
(8001, 0.05310043)
(8051, 0.04717101)
(8101, 0.04778101)
(8151, 0.04607924)
(8201, 0.04750910)
(8251, 0.04735861)
(8301, 0.05019876)
(8351, 0.05745503)
(8401, 0.04571052)
(8451, 0.04569212)
(8501, 0.06973614)
(8551, 0.04670308)
(8601, 0.07524031)
(8651, 0.06728029)
(8701, 0.05566185)
(8751, 0.04565999)
(8801, 0.05934744)
(8851, 0.06078779)
(8901, 0.04556997)
(8951, 0.05365429)
(9001, 0.04480829)
(9051, 0.05824637)
(9101, 0.06002685)
(9151, 0.04771851)
(9201, 0.04585177)
(9251, 0.05327001)
(9301, 0.04436862)
(9351, 0.04650816)
(9401, 0.05054031)
(9451, 0.06230848)
(9501, 0.05641405)
(9551, 0.05353717)
(9601, 0.04832697)
(9651, 0.04688402)
(9701, 0.05675912)
(9751, 0.04403362)
(9801, 0.05550220)
(9851, 0.04797797)
(9901, 0.06072040)
(9951, 0.06001038)
(10001, 0.04714395)
(10051, 0.05810079)
(10101, 0.04489594)
(10151, 0.05349251)
(10201, 0.07096297)
(10251, 0.06571050)
(10301, 0.04793334)
(10351, 0.04989547)
(10401, 0.04309112)
(10451, 0.04396761)
(10501, 0.04367591)
(10551, 0.04439126)
(10601, 0.04752916)
(10651, 0.06552815)
(10701, 0.04909609)
(10751, 0.04313900)
(10801, 0.04495676)
(10851, 0.04341277)
(10901, 0.04596346)
(10951, 0.04809803)
(11001, 0.04660750)
(11051, 0.04327077)
(11101, 0.04701180)
(11151, 0.04399316)
(11201, 0.04318708)
(11251, 0.04508213)
(11301, 0.04806058)
(11351, 0.04465527)
(11401, 0.08546228)
(11451, 0.04305887)
(11501, 0.04533899)
(11551, 0.04265568)
(11601, 0.04771491)
(11651, 0.06066858)
(11701, 0.04079165)
(11751, 0.04699037)
(11801, 0.04808738)
(11851, 0.04395657)
(11901, 0.05302016)
(11951, 0.04574841)
(12001, 0.04823340)
(12051, 0.04450211)
(12101, 0.05773550)
(12151, 0.05088113)
(12201, 0.04405121)
(12251, 0.06086593)
(12301, 0.05326474)
(12351, 0.04427096)
(12401, 0.04480847)
(12451, 0.05140899)
(12501, 0.04779903)
(12551, 0.04666467)
(12601, 0.04611365)
(12651, 0.03991606)
(12701, 0.05316781)
(12751, 0.05227753)
(12801, 0.04864205)
(12851, 0.04077694)
(12901, 0.04350466)
(12951, 0.04379620)
(13001, 0.04562086)
(13051, 0.04159274)
(13101, 0.04228442)
(13151, 0.04706230)
(13201, 0.04458779)
(13251, 0.04949287)
(13301, 0.04246958)
(13351, 0.04757109)
(13401, 0.05441472)
(13451, 0.04725641)
(13501, 0.04552718)
(13551, 0.04271023)
(13601, 0.04329404)
(13651, 0.05851400)
(13701, 0.04969381)
(13751, 0.04995585)
(13801, 0.05097499)
(13851, 0.04317630)
(13901, 0.04250099)
(13951, 0.04332462)
(14001, 0.04494888)
(14051, 0.04322537)
(14101, 0.04765177)
(14151, 0.04059921)
(14201, 0.05853233)
(14251, 0.04457270)
(14301, 0.04114884)
(14351, 0.05397528)
(14401, 0.05904945)
(14451, 0.04080062)
(14501, 0.04867284)
(14551, 0.04579108)
(14601, 0.05326844)
(14651, 0.04558529)
(14701, 0.04279159)
(14751, 0.04163710)
(14801, 0.04342477)
(14851, 0.04283723)
(14901, 0.04371009)
(14951, 0.03944895)
(15001, 0.04141742)
(15051, 0.04721421)
(15101, 0.04715207)
(15151, 0.03965846)
(15201, 0.04211955)
(15251, 0.04626713)
(15301, 0.04230051)
(15351, 0.04183511)
(15401, 0.04825975)
(15451, 0.06407680)
(15501, 0.04560654)
(15551, 0.04996125)
(15601, 0.04499587)
(15651, 0.05021892)
(15701, 0.04337776)
(15751, 0.04997620)
(15801, 0.04617022)
(15851, 0.04452064)
(15901, 0.04342181)
(15951, 0.06791456)
(16001, 0.06083495)
(16051, 0.03956891)
(16101, 0.05057221)
(16151, 0.04388615)
(16201, 0.04588571)
(16251, 0.04142176)
(16301, 0.04076328)
(16351, 0.04446212)
(16401, 0.04640077)
(16451, 0.04391070)
(16501, 0.04184790)
(16551, 0.04542862)
(16601, 0.06006632)
(16651, 0.07994631)
(16701, 0.05675719)
(16751, 0.04402898)
(16801, 0.04188513)
(16851, 0.04190867)
(16901, 0.04177134)
(16951, 0.04088476)
(17001, 0.03988162)
(17051, 0.04020804)
(17101, 0.04103912)
(17151, 0.04134359)
(17201, 0.04283231)
(17251, 0.04259955)
(17301, 0.04711128)
(17351, 0.04064203)
(17401, 0.04076591)
(17451, 0.04163178)
(17501, 0.04497000)
(17551, 0.04337182)
(17601, 0.04234945)
(17651, 0.06589536)
(17701, 0.04280407)
(17751, 0.04097599)
(17801, 0.03969052)
(17851, 0.05485387)
(17901, 0.04298792)
(17951, 0.04576924)
(18001, 0.05960501)
(18051, 0.04458075)
(18101, 0.04973112)
(18151, 0.04770780)
(18201, 0.04251350)
(18251, 0.05462594)
(18301, 0.04342704)
(18351, 0.04909126)
(18401, 0.03980783)
(18451, 0.03891413)
(18501, 0.06191817)
(18551, 0.04207243)
(18601, 0.04060837)
(18651, 0.03938825)
(18701, 0.04804030)
(18751, 0.04421773)
(18801, 0.04159690)
(18851, 0.04247912)
(18901, 0.04116334)
(18951, 0.04081963)
(19001, 0.04409125)
(19051, 0.04094316)
(19101, 0.04438804)
(19151, 0.04161860)
(19201, 0.04332142)
(19251, 0.06782416)
(19301, 0.04466501)
(19351, 0.05254988)
(19401, 0.03965663)
(19451, 0.03987336)
(19501, 0.03912163)
(19551, 0.04165636)
(19601, 0.04071434)
(19651, 0.03898844)
(19701, 0.08301432)
(19751, 0.04066449)
(19801, 0.03943063)
(19851, 0.04437549)
(19901, 0.05452278)
(19951, 0.04249060)
(20001, 0.03934835)
(20051, 0.04311455)
(20101, 0.04027021)
(20151, 0.03955158)
(20201, 0.03959875)
(20251, 0.04678813)
(20301, 0.03866161)
(20351, 0.03987428)
(20401, 0.04733043)
(20451, 0.04993152)
(20501, 0.04213187)
(20551, 0.04320053)
(20601, 0.04754459)
(20651, 0.05839192)
(20701, 0.04721864)
(20751, 0.03814517)
(20801, 0.05613275)
(20851, 0.04190952)
(20901, 0.04207089)
(20951, 0.06200866)
(21001, 0.04826849)
(21051, 0.03867565)
(21101, 0.04080158)
(21151, 0.04000776)
(21201, 0.04759730)
(21251, 0.04009669)
(21301, 0.04095067)
(21351, 0.04094523)
(21401, 0.03964993)
(21451, 0.06756204)
(21501, 0.07101855)
(21551, 0.05362529)
(21601, 0.04765837)
(21651, 0.04469956)
(21701, 0.05917453)
(21751, 0.04264614)
(21801, 0.03911870)
(21851, 0.04509847)
(21901, 0.03872281)
(21951, 0.05524425)
(22001, 0.04037033)
(22051, 0.04196290)
(22101, 0.03841648)
(22151, 0.04106836)
(22201, 0.04394881)
(22251, 0.04668210)
(22301, 0.04254366)
(22351, 0.03977608)
(22401, 0.04352111)
(22451, 0.03970847)
(22501, 0.04181514)
(22551, 0.04992570)
(22601, 0.04729879)
(22651, 0.03880924)
(22701, 0.03928445)
(22751, 0.04028354)
(22801, 0.04165750)
(22851, 0.04666294)
(22901, 0.04020517)
(22951, 0.03788248)
(23001, 0.03796980)
(23051, 0.04557801)
(23101, 0.05086172)
(23151, 0.04866159)
(23201, 0.04180779)
(23251, 0.03867142)
(23301, 0.03891140)
(23351, 0.04535278)
(23401, 0.04463235)
(23451, 0.03862993)
(23501, 0.04475068)
(23551, 0.04102179)
(23601, 0.05464315)
(23651, 0.04818360)
(23701, 0.04545511)
(23751, 0.03838792)
(23801, 0.04867527)
(23851, 0.07132881)
(23901, 0.03965379)
(23951, 0.05582354)
(24001, 0.06271684)
(24051, 0.04004794)
(24101, 0.04252784)
(24151, 0.04277430)
(24201, 0.05052702)
(24251, 0.04139187)
(24301, 0.03850092)
(24351, 0.03787212)
(24401, 0.04408994)
(24451, 0.04026603)
(24501, 0.03776027)
(24551, 0.05980046)
(24601, 0.03756586)
(24651, 0.05326989)
(24701, 0.05148693)
(24751, 0.04466450)
(24801, 0.04711335)
(24851, 0.05035740)
(24901, 0.05460075)
(24951, 0.04334223)
(25001, 0.05110317)
(25051, 0.05388412)
(25101, 0.05782635)
(25151, 0.06393710)
(25201, 0.04493833)
(25251, 0.04923902)
(25301, 0.04241290)
(25351, 0.04190495)
(25401, 0.03938018)
(25451, 0.04155362)
(25501, 0.03918522)
(25551, 0.05027208)
(25601, 0.03767293)
(25651, 0.04694989)
(25701, 0.04642335)
(25751, 0.05576455)
(25801, 0.06906811)
(25851, 0.04791874)
(25901, 0.05126633)
(25951, 0.05685857)
(26001, 0.04785949)
(26051, 0.05282569)
(26101, 0.05167951)
(26151, 0.03916588)
(26201, 0.04893725)
(26251, 0.06261205)
(26301, 0.03852118)
(26351, 0.03833373)
(26401, 0.04655945)
(26451, 0.07701641)
(26501, 0.03846631)
(26551, 0.04031850)
(26601, 0.04428805)
(26651, 0.06528504)
(26701, 0.03773526)
(26751, 0.03730512)
(26801, 0.04080389)
(26851, 0.04161956)
(26901, 0.03870283)
(26951, 0.07474622)
(27001, 0.03761814)
(27051, 0.04027217)
(27101, 0.03922937)
(27151, 0.04163951)
(27201, 0.04384770)
(27251, 0.06592615)
(27301, 0.03712453)
(27351, 0.03970827)
(27401, 0.03701160)
(27451, 0.05599754)
(27501, 0.03721665)
(27551, 0.03950891)
(27601, 0.09060318)
(27651, 0.03729585)
(27701, 0.04377424)
(27751, 0.04675810)
(27801, 0.03932646)
(27851, 0.03667643)
(27901, 0.04565744)
(27951, 0.03724094)
(28001, 0.03653132)
(28051, 0.03786604)
(28101, 0.04924218)
(28151, 0.04260884)
(28201, 0.05335388)
(28251, 0.04456200)
(28301, 0.05916172)
(28351, 0.04313618)
(28401, 0.03753415)
(28451, 0.04337579)
(28501, 0.04651809)
(28551, 0.04226943)
(28601, 0.03781834)
(28651, 0.03983505)
(28701, 0.06494218)
(28751, 0.03890906)
(28801, 0.05287963)
(28851, 0.03702782)
(28901, 0.04916595)
(28951, 0.03646030)
(29001, 0.04471172)
(29051, 0.08607253)
(29101, 0.04285763)
(29151, 0.05571290)
(29201, 0.03672631)
(29251, 0.03656256)
(29301, 0.05257642)
(29351, 0.05343695)
(29401, 0.04179771)
(29451, 0.05252262)
(29501, 0.03784315)
(29551, 0.03897104)
(29601, 0.03718837)
(29651, 0.04217007)
(29701, 0.04520589)
(29751, 0.04802293)
(29801, 0.04896959)
(29851, 0.04558932)
(29901, 0.04241306)
(29951, 0.05457661)
(30001, 0.04616692)
(30051, 0.04252487)
(30101, 0.03874625)
(30151, 0.04339401)
(30201, 0.03914496)
(30251, 0.04766488)
(30301, 0.06104616)
(30351, 0.05948402)
(30401, 0.03842329)
(30451, 0.05816864)
(30501, 0.03841785)
(30551, 0.03721112)
(30601, 0.04156281)
(30651, 0.05043449)
(30701, 0.05675873)
(30751, 0.05396352)
(30801, 0.04163354)
(30851, 0.03740968)
(30901, 0.03813248)
(30951, 0.04079737)
(31001, 0.04097847)
(31051, 0.04022583)
(31101, 0.03788848)
(31151, 0.04785283)
(31201, 0.04264533)
(31251, 0.05208617)
(31301, 0.05169817)
(31351, 0.06045448)
(31401, 0.03639044)
(31451, 0.07712843)
(31501, 0.03959467)
(31551, 0.04428093)
(31601, 0.04508065)
(31651, 0.03817745)
(31701, 0.04157871)
(31751, 0.03635764)
(31801, 0.04550749)
(31851, 0.04645848)
(31901, 0.05567770)
(31951, 0.04152112)
(32001, 0.04086304)
(32051, 0.03619553)
(32101, 0.04842770)
(32151, 0.03651394)
(32201, 0.04257746)
(32251, 0.05038257)
(32301, 0.03961807)
(32351, 0.03930045)
(32401, 0.03873803)
(32451, 0.03911178)
(32501, 0.03766793)
(32551, 0.06741247)
(32601, 0.03731642)
(32651, 0.03707401)
(32701, 0.03735686)
(32751, 0.05173106)
(32801, 0.04007039)
(32851, 0.03879536)
(32901, 0.03558125)
(32951, 0.03857518)
(33001, 0.05413921)
(33051, 0.04041394)
(33101, 0.04708787)
(33151, 0.03770502)
(33201, 0.06344412)
(33251, 0.03661319)
(33301, 0.05839686)
(33351, 0.03620020)
(33401, 0.04546238)
(33451, 0.04577754)
(33501, 0.03767301)
(33551, 0.03609607)
(33601, 0.03690238)
(33651, 0.03597026)
(33701, 0.03564290)
(33751, 0.03989759)
(33801, 0.05482935)
(33851, 0.04856246)
(33901, 0.04559541)
(33951, 0.04648281)
(34001, 0.03762248)
(34051, 0.05178306)
(34101, 0.03993333)
(34151, 0.03594804)
(34201, 0.04284869)
(34251, 0.03880028)
(34301, 0.03872748)
(34351, 0.04052269)
(34401, 0.07652842)
(34451, 0.04836039)
(34501, 0.07047457)
(34551, 0.04096487)
(34601, 0.03590055)
(34651, 0.03765505)
(34701, 0.03831764)
(34751, 0.03814757)
(34801, 0.04021635)
(34851, 0.04304590)
(34901, 0.03733772)
(34951, 0.04341266)
(35001, 0.04091620)
(35051, 0.03929988)
(35101, 0.03646628)
(35151, 0.03723125)
(35201, 0.03685020)
(35251, 0.05656052)
(35301, 0.04316850)
(35351, 0.05621487)
(35401, 0.07307665)
(35451, 0.04816186)
(35501, 0.05488491)
(35551, 0.06171457)
(35601, 0.04323553)
(35651, 0.03613415)
(35701, 0.03544090)
(35751, 0.03936502)
(35801, 0.05305110)
(35851, 0.03801599)
(35901, 0.03634001)
(35951, 0.03867864)
(36001, 0.03734478)
(36051, 0.03595945)
(36101, 0.03990198)
(36151, 0.04247894)
(36201, 0.05669273)
(36251, 0.03942329)
(36301, 0.03732515)
(36351, 0.03604839)
(36401, 0.03893102)
(36451, 0.03505571)
(36501, 0.04356772)
(36551, 0.03888850)
(36601, 0.05104789)
(36651, 0.03729616)
(36701, 0.05390252)
(36751, 0.04304928)
(36801, 0.04243376)
(36851, 0.03746020)
(36901, 0.03832793)
(36951, 0.03820937)
(37001, 0.05694398)
(37051, 0.04593888)
(37101, 0.04840422)
(37151, 0.04264642)
(37201, 0.04440240)
(37251, 0.03713682)
(37301, 0.04018253)
(37351, 0.03580613)
(37401, 0.03653569)
(37451, 0.03919527)
(37501, 0.03847297)
(37551, 0.04325952)
(37601, 0.04007479)
(37651, 0.03874846)
(37701, 0.04131128)
(37751, 0.04713156)
(37801, 0.03507899)
(37851, 0.03875291)
(37901, 0.04751857)
(37951, 0.03609168)
(38001, 0.04706115)
(38051, 0.03681363)
(38101, 0.05330128)
(38151, 0.05300791)
(38201, 0.03526235)
(38251, 0.03590320)
(38301, 0.05646968)
(38351, 0.04972379)
(38401, 0.04498394)
(38451, 0.03749435)
(38501, 0.03593551)
(38551, 0.05414843)
(38601, 0.03890264)
(38651, 0.04450845)
(38701, 0.07039839)
(38751, 0.03687628)
(38801, 0.03887635)
(38851, 0.03846855)
(38901, 0.03679304)
(38951, 0.03739282)
(39001, 0.03633098)
(39051, 0.03696286)
(39101, 0.03673056)
(39151, 0.03709910)
(39201, 0.04301929)
(39251, 0.04071308)
(39301, 0.05187538)
(39351, 0.03813210)
(39401, 0.03628771)
(39451, 0.04033219)
(39501, 0.03739049)
(39551, 0.03735216)
(39601, 0.06070525)
(39651, 0.03939524)
(39701, 0.04618957)
(39751, 0.04271714)
(39801, 0.05107256)
(39851, 0.04705406)
(39901, 0.04569411)
(39951, 0.05378903)
(40001, 0.03658349)
(40051, 0.05797370)
(40101, 0.06037679)
(40151, 0.03710235)
(40201, 0.03877981)
(40251, 0.03700449)
(40301, 0.05222091)
(40351, 0.06604324)
(40401, 0.04418710)
(40451, 0.04584846)
(40501, 0.03927467)
(40551, 0.05988105)
(40601, 0.04876745)
(40651, 0.03804642)
(40701, 0.03829809)
(40751, 0.03751662)
(40801, 0.03729776)
(40851, 0.03717142)
(40901, 0.04340431)
(40951, 0.04706204)
(41001, 0.04686336)
(41051, 0.03594231)
(41101, 0.04187050)
(41151, 0.03940371)
(41201, 0.04966214)
(41251, 0.03705928)
(41301, 0.03561731)
(41351, 0.03443624)
(41401, 0.03518003)
(41451, 0.03544854)
(41501, 0.04680453)
(41551, 0.03527219)
(41601, 0.03590536)
(41651, 0.03520764)
(41701, 0.04283682)
(41751, 0.04189478)
(41801, 0.04964840)
(41851, 0.03660530)
(41901, 0.03678520)
(41951, 0.04078100)
(42001, 0.03612096)
(42051, 0.03638067)
(42101, 0.05649977)
(42151, 0.04580093)
(42201, 0.04273923)
(42251, 0.03910191)
(42301, 0.06979756)
(42351, 0.03699268)
(42401, 0.05345747)
(42451, 0.03951465)
(42501, 0.05802425)
(42551, 0.03882712)
(42601, 0.03551558)
(42651, 0.03724718)
(42701, 0.04924317)
(42751, 0.05480606)
(42801, 0.03788694)
(42851, 0.03570279)
(42901, 0.04670573)
(42951, 0.03996966)
(43001, 0.03482598)
(43051, 0.03524287)
(43101, 0.04062744)
(43151, 0.04693342)
(43201, 0.04625049)
(43251, 0.04494736)
(43301, 0.03738428)
(43351, 0.03529068)
(43401, 0.03498314)
(43451, 0.03774375)
(43501, 0.05762758)
(43551, 0.04363856)
(43601, 0.03573762)
(43651, 0.03577815)
(43701, 0.04153062)
(43751, 0.03825680)
(43801, 0.05183010)
(43851, 0.03529239)
(43901, 0.05059496)
(43951, 0.04565606)
(44001, 0.03713720)
(44051, 0.05467773)
(44101, 0.03643180)
(44151, 0.04375930)
(44201, 0.04237391)
(44251, 0.04086091)
(44301, 0.03771232)
(44351, 0.03638557)
(44401, 0.05159139)
(44451, 0.04400823)
(44501, 0.03573904)
(44551, 0.04066697)
(44601, 0.04066021)
(44651, 0.03834890)
(44701, 0.03810927)
(44751, 0.04379542)
(44801, 0.03526322)
(44851, 0.05175570)
(44901, 0.04810428)
(44951, 0.03401872)
(45001, 0.03989221)
(45051, 0.03554180)
(45101, 0.03499046)
(45151, 0.04121060)
(45201, 0.03847427)
(45251, 0.03622597)
(45301, 0.04960746)
(45351, 0.03667977)
(45401, 0.04442096)
(45451, 0.03610835)
(45501, 0.04154264)
(45551, 0.04080571)
(45601, 0.05217840)
(45651, 0.04560281)
(45701, 0.03557670)
(45751, 0.04180147)
(45801, 0.04688830)
(45851, 0.04591070)
(45901, 0.03669372)
(45951, 0.05727177)
(46001, 0.03823313)
(46051, 0.03457341)
(46101, 0.04749796)
(46151, 0.03756256)
(46201, 0.03706950)
(46251, 0.03598924)
(46301, 0.03730403)
(46351, 0.03881645)
(46401, 0.04155294)
(46451, 0.03705443)
(46501, 0.03615037)
(46551, 0.03634394)
(46601, 0.03763545)
(46651, 0.04352992)
(46701, 0.03968569)
(46751, 0.03744823)
(46801, 0.03606342)
(46851, 0.03533506)
(46901, 0.04307067)
(46951, 0.03828470)
(47001, 0.03772856)
(47051, 0.03421935)
(47101, 0.04384128)
(47151, 0.04336013)
(47201, 0.06189154)
(47251, 0.05682353)
(47301, 0.05218143)
(47351, 0.03477186)
(47401, 0.04059264)
(47451, 0.07209249)
(47501, 0.03761235)
(47551, 0.03732404)
(47601, 0.03561785)
(47651, 0.03555620)
(47701, 0.03930373)
(47751, 0.05270511)
(47801, 0.03697890)
(47851, 0.07292125)
(47901, 0.03631149)
(47951, 0.06017042)
(48001, 0.04197505)
(48051, 0.04221853)
(48101, 0.03586525)
(48151, 0.03519284)
(48201, 0.04754233)
(48251, 0.05915172)
(48301, 0.05831502)
(48351, 0.03997777)
(48401, 0.04498880)
(48451, 0.03470083)
(48501, 0.03676761)
(48551, 0.04036225)
(48601, 0.05639565)
(48651, 0.03845740)
(48701, 0.03472748)
(48751, 0.05448709)
(48801, 0.03618161)
(48851, 0.03519494)
(48901, 0.03704543)
(48951, 0.04683721)
(49001, 0.03694777)
(49051, 0.03481252)
(49101, 0.03985738)
(49151, 0.03595300)
(49201, 0.03673114)
(49251, 0.05976703)
(49301, 0.03540501)
(49351, 0.04660901)
(49401, 0.03690082)
(49451, 0.05989227)
(49501, 0.03724220)
(49551, 0.04503862)
(49601, 0.03522552)
(49651, 0.05741389)
(49701, 0.04653119)
(49751, 0.05071238)
(49801, 0.03607475)
(49851, 0.03989901)
(49901, 0.04475401)
(49951, 0.03921757)
(50001, 0.05002075)
(50051, 0.05082631)
(50101, 0.03548078)
(50151, 0.04172477)
(50201, 0.05160873)
(50251, 0.03465794)
(50301, 0.03685131)
(50351, 0.04500213)
(50401, 0.06814495)
(50451, 0.05419612)
(50501, 0.03822821)
(50551, 0.04389088)
(50601, 0.04193854)
(50651, 0.06705981)
(50701, 0.04310576)
(50751, 0.03444489)
(50801, 0.07420202)
(50851, 0.03794821)
(50901, 0.03376748)
(50951, 0.03603595)
(51001, 0.04853955)
(51051, 0.03603872)
(51101, 0.04442451)
(51151, 0.03761229)
(51201, 0.03566441)
(51251, 0.04300299)
(51301, 0.03401665)
(51351, 0.03602076)
(51401, 0.03682475)
(51451, 0.05194759)
(51501, 0.03871491)
(51551, 0.03511613)
(51601, 0.04656838)
(51651, 0.04875995)
(51701, 0.03751285)
(51751, 0.03745629)
(51801, 0.03861170)
(51851, 0.03600393)
(51901, 0.04177280)
(51951, 0.03983054)
(52001, 0.03749106)
(52051, 0.04253679)
(52101, 0.03599859)
(52151, 0.03440150)
(52201, 0.04137310)
(52251, 0.03638740)
(52301, 0.03787141)
(52351, 0.04287588)
(52401, 0.03669133)
(52451, 0.03449611)
(52501, 0.03725272)
(52551, 0.04845967)
(52601, 0.03690572)
(52651, 0.04718269)
(52701, 0.03471376)
(52751, 0.03619751)
(52801, 0.03840512)
(52851, 0.05593392)
(52901, 0.03456471)
(52951, 0.06888780)
(53001, 0.03479847)
(53051, 0.03616697)
(53101, 0.04789763)
(53151, 0.05351238)
(53201, 0.03612453)
(53251, 0.04286117)
(53301, 0.05247485)
(53351, 0.04128832)
(53401, 0.03637432)
(53451, 0.04134650)
(53501, 0.03479370)
(53551, 0.03935090)
(53601, 0.03534704)
(53651, 0.03521050)
(53701, 0.03575782)
(53751, 0.03357565)
(53801, 0.03587472)
(53851, 0.03538116)
(53901, 0.03488001)
(53951, 0.05140745)
(54001, 0.04723381)
(54051, 0.03474243)
(54101, 0.03898482)
(54151, 0.03694696)
(54201, 0.05354688)
(54251, 0.04401458)
(54301, 0.03586767)
(54351, 0.03743601)
(54401, 0.03508876)
(54451, 0.03737320)
(54501, 0.03603335)
(54551, 0.03629932)
(54601, 0.03937952)
(54651, 0.04226774)
(54701, 0.04579168)
(54751, 0.04999948)
(54801, 0.03696628)
(54851, 0.04033664)
(54901, 0.04079861)
(54951, 0.03600980)
(55001, 0.03817282)
(55051, 0.03544633)
(55101, 0.03795986)
(55151, 0.03506334)
(55201, 0.03913393)
(55251, 0.04272299)
(55301, 0.04530587)
(55351, 0.04881372)
(55401, 0.03774368)
(55451, 0.03870694)
(55501, 0.04661896)
(55551, 0.04148770)
(55601, 0.03906123)
(55651, 0.03497566)
(55701, 0.04237829)
(55751, 0.04307839)
(55801, 0.04893626)
(55851, 0.04572959)
(55901, 0.06568654)
(55951, 0.03639714)
(56001, 0.04275303)
(56051, 0.03945864)
(56101, 0.03495945)
(56151, 0.03635729)
(56201, 0.04960993)
(56251, 0.05659026)
(56301, 0.04562155)
(56351, 0.03502549)
(56401, 0.06484810)
(56451, 0.03424469)
(56501, 0.04422587)
(56551, 0.04186394)
(56601, 0.03464441)
(56651, 0.05632651)
(56701, 0.03714069)
(56751, 0.03523521)
(56801, 0.04203621)
(56851, 0.04577371)
(56901, 0.04008260)
(56951, 0.06307115)
(57001, 0.04464661)
(57051, 0.03985935)
(57101, 0.03644335)
(57151, 0.04842729)
(57201, 0.03967173)
(57251, 0.03534273)
(57301, 0.03545770)
(57351, 0.04337950)
(57401, 0.03878109)
(57451, 0.04668656)
(57501, 0.04817304)
(57551, 0.03621580)
(57601, 0.04067746)
(57651, 0.06269660)
(57701, 0.05478122)
(57751, 0.06012574)
(57801, 0.03490539)
(57851, 0.03846227)
(57901, 0.05434200)
(57951, 0.03976260)
(58001, 0.04059039)
(58051, 0.03955957)
(58101, 0.04955856)
(58151, 0.03898179)
(58201, 0.04347722)
(58251, 0.03761223)
(58301, 0.03398228)
(58351, 0.04209253)
(58401, 0.03979376)
(58451, 0.03715646)
(58501, 0.03326325)
(58551, 0.08067712)
(58601, 0.04404379)
(58651, 0.04711046)
(58701, 0.03824151)
(58751, 0.04089208)
(58801, 0.03394074)
(58851, 0.03647513)
(58901, 0.03577977)
(58951, 0.03831119)
(59001, 0.03773915)
(59051, 0.03960761)
(59101, 0.04856528)
(59151, 0.03626550)
(59201, 0.04587004)
(59251, 0.03769732)
(59301, 0.03465195)
(59351, 0.04645101)
(59401, 0.03482595)
(59451, 0.04619643)
(59501, 0.05052130)
(59551, 0.04500436)
(59601, 0.04282152)
(59651, 0.03585087)
(59701, 0.04873659)
(59751, 0.04142251)
(59801, 0.03877913)
(59851, 0.03950645)
(59901, 0.03997806)
(59951, 0.05829661)
(60001, 0.06330004)
(60051, 0.04038972)
(60101, 0.04223348)
(60151, 0.03724704)
(60201, 0.03898205)
(60251, 0.03791139)
(60301, 0.03889462)
(60351, 0.03522624)
(60401, 0.03635000)
(60451, 0.03324693)
(60501, 0.04019866)
(60551, 0.04540567)
(60601, 0.03760076)
(60651, 0.04431976)
(60701, 0.03620573)
(60751, 0.03397973)
(60801, 0.03824554)
(60851, 0.03637241)
(60901, 0.03490426)
(60951, 0.03738149)
(61001, 0.07884350)
(61051, 0.04403567)
(61101, 0.05292711)
(61151, 0.05069014)
(61201, 0.03390608)
(61251, 0.04051745)
(61301, 0.04186057)
(61351, 0.03383657)
(61401, 0.03429246)
(61451, 0.03350139)
(61501, 0.03487480)
(61551, 0.03724522)
(61601, 0.03770830)
(61651, 0.05857407)
(61701, 0.03756256)
(61751, 0.03411325)
(61801, 0.03613088)
(61851, 0.03947280)
(61901, 0.04010152)
(61951, 0.05160131)
(62001, 0.03432868)
(62051, 0.04085674)
(62101, 0.04362439)
(62151, 0.03652375)
(62201, 0.03900387)
(62251, 0.03727296)
(62301, 0.03646026)
(62351, 0.03410084)
(62401, 0.05395997)
(62451, 0.05811628)
(62501, 0.03416413)
(62551, 0.04660401)
(62601, 0.03809654)
(62651, 0.03493049)
(62701, 0.04252019)
(62751, 0.04747272)
(62801, 0.03930888)
(62851, 0.05441150)
(62901, 0.04568578)
(62951, 0.03485743)
(63001, 0.03531758)
(63051, 0.04776889)
(63101, 0.04489297)
(63151, 0.04057577)
(63201, 0.03536890)
(63251, 0.06038443)
(63301, 0.03704358)
(63351, 0.03579042)
(63401, 0.03592402)
(63451, 0.03649181)
(63501, 0.04024745)
(63551, 0.03365666)
(63601, 0.03542580)
(63651, 0.03398537)
(63701, 0.05825432)
(63751, 0.03573636)
(63801, 0.04342535)
(63851, 0.03393550)
(63901, 0.03601784)
(63951, 0.03680538)
(64001, 0.03559661)
(64051, 0.07038759)
(64101, 0.04326576)
(64151, 0.04577089)
(64201, 0.04190271)
(64251, 0.04407164)
(64301, 0.05582200)
(64351, 0.05464655)
(64401, 0.06396214)
(64451, 0.04799739)
(64501, 0.03962249)
(64551, 0.03534718)
(64601, 0.03572210)
(64651, 0.03498217)
(64701, 0.03527431)
(64751, 0.06062987)
(64801, 0.03527310)
(64851, 0.03831679)
(64901, 0.04408923)
(64951, 0.03786699)
(65001, 0.03462647)
(65051, 0.03427191)
(65101, 0.03480605)
(65151, 0.03802297)
(65201, 0.03823208)
(65251, 0.03440614)
(65301, 0.03434231)
(65351, 0.06330103)
(65401, 0.04675885)
(65451, 0.03445670)
(65501, 0.03506138)
(65551, 0.04420249)
(65601, 0.03360216)
(65651, 0.03877799)
(65701, 0.04860710)
(65751, 0.04123416)
(65801, 0.03945296)
(65851, 0.05051613)
(65901, 0.03321065)
(65951, 0.04148700)
(66001, 0.03667356)
(66051, 0.03320454)
(66101, 0.04086822)
(66151, 0.05122667)
(66201, 0.03461584)
(66251, 0.03391108)
(66301, 0.03502665)
(66351, 0.03998898)
(66401, 0.03432979)
(66451, 0.03890218)
(66501, 0.04485360)
(66551, 0.04262071)
(66601, 0.04578183)
(66651, 0.03688017)
(66701, 0.06280060)
(66751, 0.04422893)
(66801, 0.03557888)
(66851, 0.03678856)
(66901, 0.03736428)
(66951, 0.03703840)
(67001, 0.03355617)
(67051, 0.03400829)
(67101, 0.04634214)
(67151, 0.03922844)
(67201, 0.03588687)
(67251, 0.03486059)
(67301, 0.03822520)
(67351, 0.03304017)
(67401, 0.03995952)
(67451, 0.03558117)
(67501, 0.03486248)
(67551, 0.03322598)
(67601, 0.03950448)
(67651, 0.03524884)
(67701, 0.03519852)
(67751, 0.04165277)
(67801, 0.03431435)
(67851, 0.04656135)
(67901, 0.05336878)
(67951, 0.03298814)
(68001, 0.03497925)
(68051, 0.03613367)
(68101, 0.03578265)
(68151, 0.03534434)
(68201, 0.03526882)
(68251, 0.04232334)
(68301, 0.03423160)
(68351, 0.03768121)
(68401, 0.03367579)
(68451, 0.03442209)
(68501, 0.04658462)
(68551, 0.04729061)
(68601, 0.03425946)
(68651, 0.03741604)
(68701, 0.03610261)
(68751, 0.03649582)
(68801, 0.06369348)
(68851, 0.04346908)
(68901, 0.03682643)
(68951, 0.03554909)
(69001, 0.04748677)
(69051, 0.03904343)
(69101, 0.04222837)
(69151, 0.03414476)
(69201, 0.04693999)
(69251, 0.03829310)
(69301, 0.04208994)
(69351, 0.04620194)
(69401, 0.05435265)
(69451, 0.03949540)
(69501, 0.04157950)
(69551, 0.03438313)
(69601, 0.04117509)
(69651, 0.03679041)
(69701, 0.03845342)
(69751, 0.03934319)
(69801, 0.03477884)
(69851, 0.04340615)
(69901, 0.03686917)
(69951, 0.03605631)
(70001, 0.03709692)
(70051, 0.03542909)
(70101, 0.04274430)
(70151, 0.04447115)
(70201, 0.03430285)
(70251, 0.03933411)
(70301, 0.03474784)
(70351, 0.04894401)
(70401, 0.04468086)
(70451, 0.04561020)
(70501, 0.06754307)
(70551, 0.04352646)
(70601, 0.03704872)
(70651, 0.03597531)
(70701, 0.04438160)
(70751, 0.03735181)
(70801, 0.04204280)
(70851, 0.03787979)
(70901, 0.05071297)
(70951, 0.03398508)
(71001, 0.03692664)
(71051, 0.03468397)
(71101, 0.03435052)
(71151, 0.06166613)
(71201, 0.03407649)
(71251, 0.05387845)
(71301, 0.04220188)
(71351, 0.04665283)
(71401, 0.03827488)
(71451, 0.03530529)
(71501, 0.03425004)
(71551, 0.04008461)
(71601, 0.03512498)
(71651, 0.03931152)
(71701, 0.03483123)
(71751, 0.04102988)
(71801, 0.04617147)
(71851, 0.05047764)
(71901, 0.04352953)
(71951, 0.05444293)
(72001, 0.03369917)
(72051, 0.04975631)
(72101, 0.04473652)
(72151, 0.03536834)
(72201, 0.03550667)
(72251, 0.03721424)
(72301, 0.06658681)
(72351, 0.04532254)
(72401, 0.04086918)
(72451, 0.03463198)
(72501, 0.03902294)
(72551, 0.06055524)
(72601, 0.05102349)
(72651, 0.03844918)
(72701, 0.04190446)
(72751, 0.03935994)
(72801, 0.05522891)
(72851, 0.03421490)
(72901, 0.05410726)
(72951, 0.04055334)
(73001, 0.03489854)
(73051, 0.04626695)
(73101, 0.03285553)
(73151, 0.04104267)
(73201, 0.04193468)
(73251, 0.04750019)
(73301, 0.03319556)
(73351, 0.03782229)
(73401, 0.04145214)
(73451, 0.03374169)
(73501, 0.04253370)
(73551, 0.05434178)
(73601, 0.03428136)
(73651, 0.03704632)
(73701, 0.04354539)
(73751, 0.03477713)
(73801, 0.03462443)
(73851, 0.03833304)
(73901, 0.05494969)
(73951, 0.04590542)
(74001, 0.04262587)
(74051, 0.04220846)
(74101, 0.04656070)
(74151, 0.05308051)
(74201, 0.03586607)
(74251, 0.03429782)
(74301, 0.04128681)
(74351, 0.03842128)
(74401, 0.04032661)
(74451, 0.03823395)
(74501, 0.05252337)
(74551, 0.04044446)
(74601, 0.04057478)
(74651, 0.03861101)
(74701, 0.03471554)
(74751, 0.03761236)
(74801, 0.03267112)
(74851, 0.03303327)
(74901, 0.03547579)
(74951, 0.04825093)
(75001, 0.03443208)
(75051, 0.03309543)
(75101, 0.04049602)
(75151, 0.03546660)
(75201, 0.03574299)
(75251, 0.03326277)
(75301, 0.04119154)
(75351, 0.04509531)
(75401, 0.04213764)
(75451, 0.03447144)
(75501, 0.03674088)
(75551, 0.03696438)
(75601, 0.03632139)
(75651, 0.03423333)
(75701, 0.04364663)
(75751, 0.04083113)
(75801, 0.03409250)
(75851, 0.06943806)
(75901, 0.03426641)
(75951, 0.05556222)
(76001, 0.03607366)
(76051, 0.06841574)
(76101, 0.03726971)
(76151, 0.03653664)
(76201, 0.04638352)
(76251, 0.04017988)
(76301, 0.04005263)
(76351, 0.03711371)
(76401, 0.04430335)
(76451, 0.04089868)
(76501, 0.03494037)
(76551, 0.04818485)
(76601, 0.07027283)
(76651, 0.04364950)
(76701, 0.03485516)
(76751, 0.06252436)
(76801, 0.03402322)
(76851, 0.04030414)
(76901, 0.05343828)
(76951, 0.03543920)
(77001, 0.03501498)
(77051, 0.03522490)
(77101, 0.03435821)
(77151, 0.04732926)
(77201, 0.04431944)
(77251, 0.03563359)
(77301, 0.03470794)
(77351, 0.05039959)
(77401, 0.03420197)
(77451, 0.03334370)
(77501, 0.03961181)
(77551, 0.03810153)
(77601, 0.03432180)
(77651, 0.03290380)
(77701, 0.05231623)
(77751, 0.03543201)
(77801, 0.03748685)
(77851, 0.04320235)
(77901, 0.03761932)
(77951, 0.03457671)
(78001, 0.03808848)
(78051, 0.03462649)
(78101, 0.03952798)
(78151, 0.05267398)
(78201, 0.03914889)
(78251, 0.03334974)
(78301, 0.03374160)
(78351, 0.03600328)
(78401, 0.04206685)
(78451, 0.03822199)
(78501, 0.05531931)
(78551, 0.03474349)
(78601, 0.03525896)
(78651, 0.04369351)
(78701, 0.03680530)
(78751, 0.04442189)
(78801, 0.03456241)
(78851, 0.03511946)
(78901, 0.05860560)
(78951, 0.05523388)
(79001, 0.06032080)
(79051, 0.04197038)
(79101, 0.03823018)
(79151, 0.05620883)
(79201, 0.07005423)
(79251, 0.03772612)
(79301, 0.05204180)
(79351, 0.03500277)
(79401, 0.03461257)
(79451, 0.03805035)
(79501, 0.03403364)
(79551, 0.03438990)
(79601, 0.03343961)
(79651, 0.03592342)
(79701, 0.06206200)
(79751, 0.03432178)
(79801, 0.04401215)
(79851, 0.03566477)
(79901, 0.03702957)
(79951, 0.04582648)
(80001, 0.04170985)
(80051, 0.03781594)
(80101, 0.05460978)
(80151, 0.03698963)
(80201, 0.04159964)
(80251, 0.06185419)
(80301, 0.03587466)
(80351, 0.06192094)
(80401, 0.04540064)
(80451, 0.06224502)
(80501, 0.03462011)
(80551, 0.03397255)
(80601, 0.03979509)
(80651, 0.03643822)
(80701, 0.07762589)
(80751, 0.03451877)
(80801, 0.03481387)
(80851, 0.07553187)
(80901, 0.05084508)
(80951, 0.03745959)
(81001, 0.06164355)
(81051, 0.06332868)
(81101, 0.05141020)
(81151, 0.05214484)
(81201, 0.04361309)
(81251, 0.03537847)
(81301, 0.04219236)
(81351, 0.03508563)
(81401, 0.05190824)
(81451, 0.04144922)
(81501, 0.03328522)
(81551, 0.03722338)
(81601, 0.03513215)
(81651, 0.04975448)
(81701, 0.03471389)
(81751, 0.05619521)
(81801, 0.03556385)
(81851, 0.04524142)
(81901, 0.03973426)
(81951, 0.03469577)
(82001, 0.03682987)
(82051, 0.03801836)
(82101, 0.03576339)
(82151, 0.03860032)
(82201, 0.03620168)
(82251, 0.03384041)
(82301, 0.04547823)
(82351, 0.03600874)
(82401, 0.03325697)
(82451, 0.04285671)
(82501, 0.04849178)
(82551, 0.04128928)
(82601, 0.04463700)
(82651, 0.05476362)
(82701, 0.03783875)
(82751, 0.03875530)
(82801, 0.03883552)
(82851, 0.04124871)
(82901, 0.03487829)
(82951, 0.03317689)
(83001, 0.03354036)
(83051, 0.04304698)
(83101, 0.04241351)
(83151, 0.03576011)
(83201, 0.06784622)
(83251, 0.04236988)
(83301, 0.03534218)
(83351, 0.03629816)
(83401, 0.05299610)
(83451, 0.03840822)
(83501, 0.05220319)
(83551, 0.03734858)
(83601, 0.03970645)
(83651, 0.03685277)
(83701, 0.03399719)
(83751, 0.03614905)
(83801, 0.07473614)
(83851, 0.03932551)
(83901, 0.04156621)
(83951, 0.03900599)
(84001, 0.05764727)
(84051, 0.04007219)
(84101, 0.04179889)
(84151, 0.04264921)
(84201, 0.03723527)
(84251, 0.05159334)
(84301, 0.03488811)
(84351, 0.03708390)
(84401, 0.03399831)
(84451, 0.05113503)
(84501, 0.03443754)
(84551, 0.04411864)
(84601, 0.03344302)
(84651, 0.04414370)
(84701, 0.03423939)
(84751, 0.03530239)
(84801, 0.04052523)
(84851, 0.04889209)
(84901, 0.04100034)
(84951, 0.03684516)
(85001, 0.05227335)
(85051, 0.04165109)
(85101, 0.03444159)
(85151, 0.03948913)
(85201, 0.04812299)
(85251, 0.03736116)
(85301, 0.03504354)
(85351, 0.03416078)
(85401, 0.03515361)
(85451, 0.05115432)
(85501, 0.03505925)
(85551, 0.04015757)
(85601, 0.03350180)
(85651, 0.03953975)
(85701, 0.03303360)
(85751, 0.03263565)
(85801, 0.06369393)
(85851, 0.04938350)
(85901, 0.03329891)
(85951, 0.04700100)
(86001, 0.04041534)
(86051, 0.03429209)
(86101, 0.05307197)
(86151, 0.03696746)
(86201, 0.04891157)
(86251, 0.03191350)
(86301, 0.03545306)
(86351, 0.04232384)
(86401, 0.03579786)
(86451, 0.04164203)
(86501, 0.03374525)
(86551, 0.04044244)
(86601, 0.06434671)
(86651, 0.04599365)
(86701, 0.06912785)
(86751, 0.03528808)
(86801, 0.04097437)
(86851, 0.03553127)
(86901, 0.03731586)
(86951, 0.03472400)
(87001, 0.05755945)
(87051, 0.04679810)
(87101, 0.05612545)
(87151, 0.03647703)
(87201, 0.03582252)
(87251, 0.04429550)
(87301, 0.03714031)
(87351, 0.06275248)
(87401, 0.03448765)
(87451, 0.03426802)
(87501, 0.03339478)
(87551, 0.03488089)
(87601, 0.03869989)
(87651, 0.05154609)
(87701, 0.03300786)
(87751, 0.03506781)
(87801, 0.03903475)
(87851, 0.03669966)
(87901, 0.03334740)
(87951, 0.03367601)
(88001, 0.03537781)
(88051, 0.04132960)
(88101, 0.03389357)
(88151, 0.03334601)
(88201, 0.03335654)
(88251, 0.03507015)
(88301, 0.03823484)
(88351, 0.03879770)
(88401, 0.03306865)
(88451, 0.05778147)
(88501, 0.03864013)
(88551, 0.03658698)
(88601, 0.04226151)
(88651, 0.03634644)
(88701, 0.05039233)
(88751, 0.03388415)
(88801, 0.03550965)
(88851, 0.04258389)
(88901, 0.03409058)
(88951, 0.03949990)
(89001, 0.04781221)
(89051, 0.03519864)
(89101, 0.03665027)
(89151, 0.03515795)
(89201, 0.04133308)
(89251, 0.05201573)
(89301, 0.03434916)
(89351, 0.03618845)
(89401, 0.03913677)
(89451, 0.03311500)
(89501, 0.04562464)
(89551, 0.05285378)
(89601, 0.03415963)
(89651, 0.05738397)
(89701, 0.06439971)
(89751, 0.05939662)
(89801, 0.03573937)
(89851, 0.04332471)
(89901, 0.04049082)
(89951, 0.03628746)
(90001, 0.04165179)
(90051, 0.04639912)
(90101, 0.03764809)
(90151, 0.03623180)
(90201, 0.03289086)
(90251, 0.03297428)
(90301, 0.04909249)
(90351, 0.03738065)
(90401, 0.05432642)
(90451, 0.03512120)
(90501, 0.04954256)
(90551, 0.05050326)
(90601, 0.04522311)
(90651, 0.03567696)
(90701, 0.05726366)
(90751, 0.03527219)
(90801, 0.03508436)
(90851, 0.03362804)
(90901, 0.04472684)
(90951, 0.04235273)
(91001, 0.04726528)
(91051, 0.03366903)
(91101, 0.04518501)
(91151, 0.03717183)
(91201, 0.03361562)
(91251, 0.03311307)
(91301, 0.04318692)
(91351, 0.08894767)
(91401, 0.05098587)
(91451, 0.03396915)
(91501, 0.03189315)
(91551, 0.03532333)
(91601, 0.04551572)
(91651, 0.03626774)
(91701, 0.03817159)
(91751, 0.03824672)
(91801, 0.03485461)
(91851, 0.03534755)
(91901, 0.04073275)
(91951, 0.03375917)
(92001, 0.03336189)
(92051, 0.04103128)
(92101, 0.04357377)
(92151, 0.04384813)
(92201, 0.04012772)
(92251, 0.03334304)
(92301, 0.03421800)
(92351, 0.04734739)
(92401, 0.03613371)
(92451, 0.05738888)
(92501, 0.06093504)
(92551, 0.03958850)
(92601, 0.05141875)
(92651, 0.04718956)
(92701, 0.03433525)
(92751, 0.03587537)
(92801, 0.06619334)
(92851, 0.04020958)
(92901, 0.04808890)
(92951, 0.03434964)
(93001, 0.03859279)
(93051, 0.06624490)
(93101, 0.03209872)
(93151, 0.03166232)
(93201, 0.03972660)
(93251, 0.03290800)
(93301, 0.04686781)
(93351, 0.05071541)
(93401, 0.03359159)
(93451, 0.03509467)
(93501, 0.05091774)
(93551, 0.03336332)
(93601, 0.04139304)
(93651, 0.03343198)
(93701, 0.03319395)
(93751, 0.03329158)
(93801, 0.03609178)
(93851, 0.05492367)
(93901, 0.04948936)
(93951, 0.03265727)
(94001, 0.03849210)
(94051, 0.03481486)
(94101, 0.04671245)
(94151, 0.03734408)
(94201, 0.03419689)
(94251, 0.03361788)
(94301, 0.03590663)
(94351, 0.05480925)
(94401, 0.05752764)
(94451, 0.03418866)
(94501, 0.03308196)
(94551, 0.05726693)
(94601, 0.05098708)
(94651, 0.03427014)
(94701, 0.06794934)
(94751, 0.03243357)
(94801, 0.04029465)
(94851, 0.03944279)
(94901, 0.06180856)
(94951, 0.06020215)
(95001, 0.04067006)
(95051, 0.03840946)
(95101, 0.04831260)
(95151, 0.03455283)
(95201, 0.03628800)
(95251, 0.06412077)
(95301, 0.03843185)
(95351, 0.05686204)
(95401, 0.05577737)
(95451, 0.03723485)
(95501, 0.04974300)
(95551, 0.03315105)
(95601, 0.03567918)
(95651, 0.04626382)
(95701, 0.04590707)
(95751, 0.04078818)
(95801, 0.04733816)
(95851, 0.03309260)
(95901, 0.03809917)
(95951, 0.03328910)
(96001, 0.04847780)
(96051, 0.03349886)
(96101, 0.04558054)
(96151, 0.05343156)
(96201, 0.03926684)
(96251, 0.03404514)
(96301, 0.06167775)
(96351, 0.04515598)
(96401, 0.04125760)
(96451, 0.03763374)
(96501, 0.03732855)
(96551, 0.03293621)
(96601, 0.03261562)
(96651, 0.03296930)
(96701, 0.04015465)
(96751, 0.04306594)
(96801, 0.03469961)
(96851, 0.03421653)
(96901, 0.03289306)
(96951, 0.03764993)
(97001, 0.03363423)
(97051, 0.04331218)
(97101, 0.05459506)
(97151, 0.04586158)
(97201, 0.04009692)
(97251, 0.03518376)
(97301, 0.03415756)
(97351, 0.03439845)
(97401, 0.05552974)
(97451, 0.03367428)
(97501, 0.03339613)
(97551, 0.05750117)
(97601, 0.03581663)
(97651, 0.03401327)
(97701, 0.04744079)
(97751, 0.05720658)
(97801, 0.03486995)
(97851, 0.04122766)
(97901, 0.05356507)
(97951, 0.04072926)
(98001, 0.03345294)
(98051, 0.03220357)
(98101, 0.04496672)
(98151, 0.03895732)
(98201, 0.03499944)
(98251, 0.03276458)
(98301, 0.03426669)
(98351, 0.05663453)
(98401, 0.05045819)
(98451, 0.03358113)
(98501, 0.03479775)
(98551, 0.03578083)
(98601, 0.03750611)
(98651, 0.04123215)
(98701, 0.03286588)
(98751, 0.03405188)
(98801, 0.03437224)
(98851, 0.04365307)
(98901, 0.05769087)
(98951, 0.03641241)
(99001, 0.04503758)
(99051, 0.03455313)
(99101, 0.03264514)
(99151, 0.05686041)
(99201, 0.03544233)
(99251, 0.03825001)
(99301, 0.05292915)
(99351, 0.03319792)
(99401, 0.03431851)
(99451, 0.03385037)
(99501, 0.04040096)
(99551, 0.03980575)
(99601, 0.03605033)
(99651, 0.03878517)
(99701, 0.03450610)
(99751, 0.04158961)
(99801, 0.03350481)
(99851, 0.03209191)
(99901, 0.03755501)
(99951, 0.04358294)
(100001, 0.03960764)
(100051, 0.03236536)
(100101, 0.07820140)
(100151, 0.03653040)
(100201, 0.03713910)
(100251, 0.03767977)
(100301, 0.03258428)
(100351, 0.04245288)
(100401, 0.04837570)
(100451, 0.03261318)
(100501, 0.03365585)
(100551, 0.03346743)
(100601, 0.03878292)
(100651, 0.03315270)
(100701, 0.03245489)
(100751, 0.04714441)
(100801, 0.03927139)
(100851, 0.03947310)
(100901, 0.03279709)
(100951, 0.04676493)
(101001, 0.04377256)
(101051, 0.04803637)
(101101, 0.03277029)
(101151, 0.04541652)
(101201, 0.04322184)
(101251, 0.06135302)
(101301, 0.04537692)
(101351, 0.04194186)
(101401, 0.03330382)
(101451, 0.03491367)
(101501, 0.04724325)
(101551, 0.03338679)
(101601, 0.04568500)
(101651, 0.05852015)
(101701, 0.05879320)
(101751, 0.03567787)
(101801, 0.03973086)
(101851, 0.03285047)
(101901, 0.04147302)
(101951, 0.04326363)
(102001, 0.03735862)
(102051, 0.05060829)
(102101, 0.03378228)
(102151, 0.05916882)
(102201, 0.04079138)
(102251, 0.03892791)
(102301, 0.04508173)
(102351, 0.05861288)
(102401, 0.03280855)
(102451, 0.03461723)
(102501, 0.06031447)
(102551, 0.03329349)
(102601, 0.05723892)
(102651, 0.03277801)
(102701, 0.03608162)
(102751, 0.04575078)
(102801, 0.03333331)
(102851, 0.03341886)
(102901, 0.04457664)
(102951, 0.03764829)
(103001, 0.03457187)
(103051, 0.03330557)
(103101, 0.04635444)
(103151, 0.03482009)
(103201, 0.03714946)
(103251, 0.03382213)
(103301, 0.03985478)
(103351, 0.04059499)
(103401, 0.03413313)
(103451, 0.04635967)
(103501, 0.03691046)
(103551, 0.03938146)
(103601, 0.04285104)
(103651, 0.03260511)
(103701, 0.04669688)
(103751, 0.04275182)
(103801, 0.03340386)
(103851, 0.05167470)
(103901, 0.03820794)
(103951, 0.03540407)
(104001, 0.04999541)
(104051, 0.04451582)
(104101, 0.03256806)
(104151, 0.03813533)
(104201, 0.05364059)
(104251, 0.05043509)
(104301, 0.03401751)
(104351, 0.03306895)
(104401, 0.03359980)
(104451, 0.03651141)
(104501, 0.03369394)
(104551, 0.03484596)
(104601, 0.05577840)
(104651, 0.03607030)
(104701, 0.03654058)
(104751, 0.03272252)
(104801, 0.04586537)
(104851, 0.03303586)
(104901, 0.03401325)
(104951, 0.04125061)
(105001, 0.03333206)
(105051, 0.03496963)
(105101, 0.04692523)
(105151, 0.03369210)
(105201, 0.03247104)
(105251, 0.04513131)
(105301, 0.03289600)
(105351, 0.03579343)
(105401, 0.03576788)
(105451, 0.04216566)
(105501, 0.03262661)
(105551, 0.05128043)
(105601, 0.03340391)
(105651, 0.03608808)
(105701, 0.03884102)
(105751, 0.04264849)
(105801, 0.03827628)
(105851, 0.05841232)
(105901, 0.04078636)
(105951, 0.03342602)
(106001, 0.03313595)
(106051, 0.03503269)
(106101, 0.03320182)
(106151, 0.03206042)
(106201, 0.03408055)
(106251, 0.03730962)
(106301, 0.03842683)
(106351, 0.03735390)
(106401, 0.03138774)
(106451, 0.03421685)
(106501, 0.05253562)
(106551, 0.06357653)
(106601, 0.03534856)
(106651, 0.03355261)
(106701, 0.03397610)
(106751, 0.03386162)
(106801, 0.03932182)
(106851, 0.03452588)
(106901, 0.03581585)
(106951, 0.04048389)
(107001, 0.05319007)
(107051, 0.04205306)
(107101, 0.03706907)
(107151, 0.03556931)
(107201, 0.04456142)
(107251, 0.03807840)
(107301, 0.06323668)
(107351, 0.03544622)
(107401, 0.03926900)
(107451, 0.03273714)
(107501, 0.03808695)
(107551, 0.03602190)
(107601, 0.05237800)
(107651, 0.04037251)
(107701, 0.03273107)
(107751, 0.03842597)
(107801, 0.03346982)
(107851, 0.03412477)
(107901, 0.04181770)
(107951, 0.03962364)
(108001, 0.03995822)
(108051, 0.03741911)
(108101, 0.03301998)
(108151, 0.03483434)
(108201, 0.03434081)
(108251, 0.03423833)
(108301, 0.04756454)
(108351, 0.05457932)
(108401, 0.04453327)
(108451, 0.03277349)
(108501, 0.05663450)
(108551, 0.03219875)
(108601, 0.03310361)
(108651, 0.03886692)
(108701, 0.03291453)
(108751, 0.04715922)
(108801, 0.03419220)
(108851, 0.03484657)
(108901, 0.04434555)
(108951, 0.05538010)
(109001, 0.03326780)
(109051, 0.05150559)
(109101, 0.03820825)
(109151, 0.03324374)
(109201, 0.04011450)
(109251, 0.03205242)
(109301, 0.03963989)
(109351, 0.03578781)
(109401, 0.03884372)
(109451, 0.05774519)
(109501, 0.05657262)
(109551, 0.05869512)
(109601, 0.03356310)
(109651, 0.03613704)
(109701, 0.03421189)
(109751, 0.03290667)
(109801, 0.05493104)
(109851, 0.03995724)
(109901, 0.03898116)
(109951, 0.05673695)
(110001, 0.03291395)
(110051, 0.03339421)
(110101, 0.05336348)
(110151, 0.03419345)
(110201, 0.03805218)
(110251, 0.03355287)
(110301, 0.06258571)
(110351, 0.05184655)
(110401, 0.04479531)
(110451, 0.03266710)
(110501, 0.03723710)
(110551, 0.04685645)
(110601, 0.03966816)
(110651, 0.03736822)
(110701, 0.03286668)
(110751, 0.03791958)
(110801, 0.03189619)
(110851, 0.03636011)
(110901, 0.03316592)
(110951, 0.04222936)
(111001, 0.04085732)
(111051, 0.03431647)
(111101, 0.03417046)
(111151, 0.04977485)
(111201, 0.03665355)
(111251, 0.05007469)
(111301, 0.04193332)
(111351, 0.03474548)
(111401, 0.03796294)
(111451, 0.03422214)
(111501, 0.03298026)
(111551, 0.04068976)
(111601, 0.06627168)
(111651, 0.03327431)
(111701, 0.05678755)
(111751, 0.03649032)
(111801, 0.03348053)
(111851, 0.03474295)
(111901, 0.03592438)
(111951, 0.03364286)
(112001, 0.05867572)
(112051, 0.04191463)
(112101, 0.04864562)
(112151, 0.03273416)
(112201, 0.04350276)
(112251, 0.07461599)
(112301, 0.03340369)
(112351, 0.03316211)
(112401, 0.03820784)
(112451, 0.03779634)
(112501, 0.03797241)
(112551, 0.03240104)
(112601, 0.03954557)
(112651, 0.03321754)
(112701, 0.03236983)
(112751, 0.03358134)
(112801, 0.04590691)
(112851, 0.03244643)
(112901, 0.03619782)
(112951, 0.03295080)
(113001, 0.04168795)
(113051, 0.03421491)
(113101, 0.04317666)
(113151, 0.04555781)
(113201, 0.03380185)
(113251, 0.03888881)
(113301, 0.04716214)
(113351, 0.03370582)
(113401, 0.06258412)
(113451, 0.04240814)
(113501, 0.03250448)
(113551, 0.05247270)
(113601, 0.05304610)
(113651, 0.04583387)
(113701, 0.03957344)
(113751, 0.04879495)
(113801, 0.03212446)
(113851, 0.05623142)
(113901, 0.03300897)
(113951, 0.03201504)
(114001, 0.03727400)
(114051, 0.04859397)
(114101, 0.03174828)
(114151, 0.03992347)
(114201, 0.03431140)
(114251, 0.04844963)
(114301, 0.03290411)
(114351, 0.03661718)
(114401, 0.03977235)
(114451, 0.06353591)
(114501, 0.03224983)
(114551, 0.03233647)
(114601, 0.03617034)
(114651, 0.05352478)
(114701, 0.03572411)
(114751, 0.04376689)
(114801, 0.03912866)
(114851, 0.03233751)
(114901, 0.03791881)
(114951, 0.05251909)
(115001, 0.03388916)
(115051, 0.03994729)
(115101, 0.03458274)
(115151, 0.03536664)
(115201, 0.04547229)
(115251, 0.04935130)
(115301, 0.03320565)
(115351, 0.03649024)
(115401, 0.03840547)
(115451, 0.04009684)
(115501, 0.03781078)
(115551, 0.03834059)
(115601, 0.03550145)
(115651, 0.05546010)
(115701, 0.03352169)
(115751, 0.03573629)
(115801, 0.03547670)
(115851, 0.03781558)
(115901, 0.03785250)
(115951, 0.04066718)
(116001, 0.03766997)
(116051, 0.03169786)
(116101, 0.03285084)
(116151, 0.03566908)
(116201, 0.03315766)
(116251, 0.03369653)
(116301, 0.04758804)
(116351, 0.03540656)
(116401, 0.03258818)
(116451, 0.04250079)
(116501, 0.03978708)
(116551, 0.03186383)
(116601, 0.03512844)
(116651, 0.04453981)
(116701, 0.05314342)
(116751, 0.03474388)
(116801, 0.03459315)
(116851, 0.04769437)
(116901, 0.03990468)
(116951, 0.04679002)
(117001, 0.03209260)
(117051, 0.04126718)
(117101, 0.05725310)
(117151, 0.03728687)
(117201, 0.04407084)
(117251, 0.03319456)
(117301, 0.03769535)
(117351, 0.03880087)
(117401, 0.03338575)
(117451, 0.03267509)
(117501, 0.03189628)
(117551, 0.04932761)
(117601, 0.05959093)
(117651, 0.03468600)
(117701, 0.03280977)
(117751, 0.03260329)
(117801, 0.03399039)
(117851, 0.05321109)
(117901, 0.03884045)
(117951, 0.04371341)
(118001, 0.03352853)
(118051, 0.03248887)
(118101, 0.03522384)
(118151, 0.03230431)
(118201, 0.03945709)
(118251, 0.03288616)
(118301, 0.04790960)
(118351, 0.04439887)
(118401, 0.03430773)
(118451, 0.04219734)
(118501, 0.04382558)
(118551, 0.03417819)
(118601, 0.03416137)
(118651, 0.03381094)
(118701, 0.03194914)
(118751, 0.03221025)
(118801, 0.04082955)
(118851, 0.03356096)
(118901, 0.03245458)
(118951, 0.03723732)
(119001, 0.05883108)
(119051, 0.04651470)
(119101, 0.03962645)
(119151, 0.04774063)
(119201, 0.03326083)
(119251, 0.03296421)
(119301, 0.03468484)
(119351, 0.03477224)
(119401, 0.03708466)
(119451, 0.04978047)
(119501, 0.06294172)
(119551, 0.05938030)
(119601, 0.04162794)
(119651, 0.04680761)
(119701, 0.06477663)
(119751, 0.03707912)
(119801, 0.03523732)
(119851, 0.03438234)
(119901, 0.03408830)
(119951, 0.03752877)
(120001, 0.05355333)
(120051, 0.03948550)
(120101, 0.03957166)
(120151, 0.03275543)
(120201, 0.03458800)
(120251, 0.03872488)
(120301, 0.03424871)
(120351, 0.04974911)
(120401, 0.04277310)
(120451, 0.03162550)
(120501, 0.03926817)
(120551, 0.03542518)
(120601, 0.03462707)
(120651, 0.04938894)
(120701, 0.03324394)
(120751, 0.03851068)
(120801, 0.05719721)
(120851, 0.05428210)
(120901, 0.03454439)
(120951, 0.03300654)
(121001, 0.04073979)
(121051, 0.03650266)
(121101, 0.04062207)
(121151, 0.04056454)
(121201, 0.03416323)
(121251, 0.03412322)
(121301, 0.03580110)
(121351, 0.04021453)
(121401, 0.05054613)
(121451, 0.06463996)
(121501, 0.05197179)
(121551, 0.03584631)
(121601, 0.04057313)
(121651, 0.03618846)
(121701, 0.04818537)
(121751, 0.04090745)
(121801, 0.04247515)
(121851, 0.04434073)
(121901, 0.05895838)
(121951, 0.04477398)
(122001, 0.03678547)
(122051, 0.04004241)
(122101, 0.03294086)
(122151, 0.03583400)
(122201, 0.03648162)
(122251, 0.03839397)
(122301, 0.03187209)
(122351, 0.04248361)
(122401, 0.03427776)
(122451, 0.04479944)
(122501, 0.03274683)
(122551, 0.03397856)
(122601, 0.04171193)
(122651, 0.03278069)
(122701, 0.04193269)
(122751, 0.04300785)
(122801, 0.03933516)
(122851, 0.03376995)
(122901, 0.04800281)
(122951, 0.03663074)
(123001, 0.03686244)
(123051, 0.03577005)
(123101, 0.03545812)
(123151, 0.05309634)
(123201, 0.04485344)
(123251, 0.03648723)
(123301, 0.07513410)
(123351, 0.03442183)
(123401, 0.03279351)
(123451, 0.03510758)
(123501, 0.03822580)
(123551, 0.03860433)
(123601, 0.03319082)
(123651, 0.03403563)
(123701, 0.05719687)
(123751, 0.03670506)
(123801, 0.03313452)
(123851, 0.04432828)
(123901, 0.04344337)
(123951, 0.05108175)
(124001, 0.03216675)
(124051, 0.03518650)
(124101, 0.03201119)
(124151, 0.03630121)
(124201, 0.03822899)
(124251, 0.05647201)
(124301, 0.03320453)
(124351, 0.03347547)
(124401, 0.06749922)
(124451, 0.04985420)
(124501, 0.03464241)
(124551, 0.03411391)
(124601, 0.03927203)
(124651, 0.05795408)
(124701, 0.03492064)
(124751, 0.04991098)
(124801, 0.03281408)
(124851, 0.03413438)
(124901, 0.04301972)
(124951, 0.06139996)
