(1, 0.51896858)
(51, 0.06373978)
(101, 0.05129814)
(151, 0.04809189)
(201, 0.04524994)
(251, 0.04751015)
(301, 0.04093361)
(351, 0.04488373)
(401, 0.03760147)
(451, 0.03528404)
(501, 0.03385925)
(551, 0.02913094)
(601, 0.02925110)
(651, 0.02629089)
(701, 0.02372932)
(751, 0.02717209)
(801, 0.02893066)
(851, 0.02509689)
(901, 0.02218246)
(951, 0.02408028)
(1001, 0.02451324)
(1051, 0.02182579)
(1101, 0.02206039)
(1151, 0.02008057)
(1201, 0.02246284)
(1251, 0.02091026)
(1301, 0.01760674)
(1351, 0.01752853)
(1401, 0.01981735)
(1451, 0.01910019)
(1501, 0.01800346)
(1551, 0.01902390)
(1601, 0.01889610)
(1651, 0.01964378)
(1701, 0.01617241)
(1751, 0.01578522)
(1801, 0.02166176)
(1851, 0.01688576)
(1901, 0.01628685)
(1951, 0.01778984)
(2001, 0.01423645)
(2051, 0.01397896)
(2101, 0.01449013)
(2151, 0.01453400)
(2201, 0.01981544)
(2251, 0.01740074)
(2301, 0.01483154)
(2351, 0.01486778)
(2401, 0.01920319)
(2451, 0.01591682)
(2501, 0.01390076)
(2551, 0.01270866)
(2601, 0.01449203)
(2651, 0.01563263)
(2701, 0.01590919)
(2751, 0.01432991)
(2801, 0.01396370)
(2851, 0.01873779)
(2901, 0.01634789)
(2951, 0.01467514)
(3001, 0.01387215)
(3051, 0.01225853)
(3101, 0.01362228)
(3151, 0.01794434)
(3201, 0.01148796)
(3251, 0.01560020)
(3301, 0.01234627)
(3351, 0.01077652)
(3401, 0.01078415)
(3451, 0.01509094)
(3501, 0.01094246)
(3551, 0.01437759)
(3601, 0.01262665)
(3651, 0.01184273)
(3701, 0.01150322)
(3751, 0.01142693)
(3801, 0.01144028)
(3851, 0.01241875)
(3901, 0.01284409)
(3951, 0.01137161)
(4001, 0.01165771)
(4051, 0.01483154)
(4101, 0.01072311)
(4151, 0.01154137)
(4201, 0.01165009)
(4251, 0.01312256)
(4301, 0.01232338)
(4351, 0.01783180)
(4401, 0.01003647)
(4451, 0.01797485)
(4501, 0.01355743)
(4551, 0.01135826)
(4601, 0.01179504)
(4651, 0.01096535)
(4701, 0.01216125)
(4751, 0.01020622)
(4801, 0.01246452)
(4851, 0.01159477)
(4901, 0.01005936)
(4951, 0.01221466)
(5001, 0.01107216)
(5051, 0.01037979)
(5101, 0.00971413)
(5151, 0.01166725)
(5201, 0.01047707)
(5251, 0.01189613)
(5301, 0.01001740)
(5351, 0.00993729)
(5401, 0.01086617)
(5451, 0.01096916)
(5501, 0.01293564)
(5551, 0.00952339)
(5601, 0.01065063)
(5651, 0.00995636)
(5701, 0.01074409)
(5751, 0.00993729)
(5801, 0.00912094)
(5851, 0.01089478)
(5901, 0.00955200)
(5951, 0.01052666)
(6001, 0.01024437)
(6051, 0.00966263)
(6101, 0.01055527)
(6151, 0.00998116)
(6201, 0.01155281)
(6251, 0.00989532)
(6301, 0.01047897)
(6351, 0.00977707)
(6401, 0.00928879)
(6451, 0.00984764)
(6501, 0.00985527)
(6551, 0.00942230)
(6601, 0.01067162)
(6651, 0.00931168)
(6701, 0.01011086)
(6751, 0.00971603)
(6801, 0.01034546)
(6851, 0.00898170)
(6901, 0.00854111)
(6951, 0.01048470)
(7001, 0.00923157)
(7051, 0.00984573)
(7101, 0.01031303)
(7151, 0.00879669)
(7201, 0.00860786)
(7251, 0.00920486)
(7301, 0.00963211)
(7351, 0.01050186)
(7401, 0.00896454)
(7451, 0.00914001)
(7501, 0.00924873)
(7551, 0.00925446)
(7601, 0.00892639)
(7651, 0.00896072)
(7701, 0.00983238)
(7751, 0.00953865)
(7801, 0.00980759)
(7851, 0.00881767)
(7901, 0.00858116)
(7951, 0.00968552)
(8001, 0.00971413)
(8051, 0.00903130)
(8101, 0.00904846)
(8151, 0.00897217)
(8201, 0.00904846)
(8251, 0.00888443)
(8301, 0.00841522)
(8351, 0.00952911)
(8401, 0.00858307)
(8451, 0.00879478)
(8501, 0.00775909)
(8551, 0.00787163)
(8601, 0.00901413)
(8651, 0.00842667)
(8701, 0.00837898)
(8751, 0.00826454)
(8801, 0.00980377)
(8851, 0.00929642)
(8901, 0.00819588)
(8951, 0.00947952)
(9001, 0.00831032)
(9051, 0.00892830)
(9101, 0.00795746)
(9151, 0.00965691)
(9201, 0.00800323)
(9251, 0.01074028)
(9301, 0.00814629)
(9351, 0.00837898)
(9401, 0.00836182)
(9451, 0.00916481)
(9501, 0.01047134)
(9551, 0.00958443)
(9601, 0.00783920)
(9651, 0.00809669)
(9701, 0.00837135)
(9751, 0.00874329)
(9801, 0.00771523)
(9851, 0.00806999)
(9901, 0.00838280)
(9951, 0.00772667)
(10001, 0.00844193)
(10051, 0.00872612)
(10101, 0.00874329)
(10151, 0.00903893)
(10201, 0.00956917)
(10251, 0.00797653)
(10301, 0.00972366)
(10351, 0.00856972)
(10401, 0.00778389)
(10451, 0.00852585)
(10501, 0.00843811)
(10551, 0.00764275)
(10601, 0.00851059)
(10651, 0.00869560)
(10701, 0.00779152)
(10751, 0.00785637)
(10801, 0.00818443)
(10851, 0.00809479)
(10901, 0.00668907)
(10951, 0.00858688)
(11001, 0.00816917)
(11051, 0.00819588)
(11101, 0.00743294)
(11151, 0.00819969)
(11201, 0.00804520)
(11251, 0.00864220)
(11301, 0.00867844)
(11351, 0.00820923)
(11401, 0.00764275)
(11451, 0.00798225)
(11501, 0.00911903)
(11551, 0.00694847)
(11601, 0.00753593)
(11651, 0.00815582)
(11701, 0.00702858)
(11751, 0.00970840)
(11801, 0.00870323)
(11851, 0.00724602)
(11901, 0.00847626)
(11951, 0.00712585)
(12001, 0.00779533)
(12051, 0.00734901)
(12101, 0.00766182)
(12151, 0.00780487)
(12201, 0.00751495)
(12251, 0.00705528)
(12301, 0.00900841)
(12351, 0.00720978)
(12401, 0.00737000)
(12451, 0.00770760)
(12501, 0.00818443)
(12551, 0.00775909)
(12601, 0.00740814)
(12651, 0.00667191)
(12701, 0.00770378)
(12751, 0.00751114)
(12801, 0.00762367)
(12851, 0.00722504)
(12901, 0.00769997)
(12951, 0.00718117)
(13001, 0.00798035)
(13051, 0.00710106)
(13101, 0.00779724)
(13151, 0.00772667)
(13201, 0.00771332)
(13251, 0.00790787)
(13301, 0.00714493)
(13351, 0.00803566)
(13401, 0.00806427)
(13451, 0.00749969)
(13501, 0.00697517)
(13551, 0.00720024)
(13601, 0.00802994)
(13651, 0.00737572)
(13701, 0.00715637)
(13751, 0.00856018)
(13801, 0.00696754)
(13851, 0.00870323)
(13901, 0.00662994)
(13951, 0.00746155)
(14001, 0.00802422)
(14051, 0.00753021)
(14101, 0.00831032)
(14151, 0.00706673)
(14201, 0.00726891)
(14251, 0.00786972)
(14301, 0.00737762)
(14351, 0.00757217)
(14401, 0.00762177)
(14451, 0.00708008)
(14501, 0.00735664)
(14551, 0.00770378)
(14601, 0.00711823)
(14651, 0.00813484)
(14701, 0.00703239)
(14751, 0.00746155)
(14801, 0.00807762)
(14851, 0.00729561)
(14901, 0.00698471)
(14951, 0.00667953)
(15001, 0.00681114)
(15051, 0.00699806)
(15101, 0.00768661)
(15151, 0.00684547)
(15201, 0.00713921)
(15251, 0.00799751)
(15301, 0.00741386)
(15351, 0.00695038)
(15401, 0.00685692)
(15451, 0.00678062)
(15501, 0.00736237)
(15551, 0.00652313)
(15601, 0.00780296)
(15651, 0.00781059)
(15701, 0.00700760)
(15751, 0.00759125)
(15801, 0.00728035)
(15851, 0.00657654)
(15901, 0.00739861)
(15951, 0.00689888)
(16001, 0.00723457)
(16051, 0.00664520)
(16101, 0.00717354)
(16151, 0.00713539)
(16201, 0.00732613)
(16251, 0.00705910)
(16301, 0.00709724)
(16351, 0.00738907)
(16401, 0.00737190)
(16451, 0.00701141)
(16501, 0.00718307)
(16551, 0.00707436)
(16601, 0.00799751)
(16651, 0.00723457)
(16701, 0.00745010)
(16751, 0.00700951)
(16801, 0.00682831)
(16851, 0.00714493)
(16901, 0.00687599)
(16951, 0.00713921)
(17001, 0.00665474)
(17051, 0.00670815)
(17101, 0.00695229)
(17151, 0.00684738)
(17201, 0.00666809)
(17251, 0.00720215)
(17301, 0.00796890)
(17351, 0.00727654)
(17401, 0.00706673)
(17451, 0.00674057)
(17501, 0.00694656)
(17551, 0.00803566)
(17601, 0.00641441)
(17651, 0.00622368)
(17701, 0.00713921)
(17751, 0.00645447)
(17801, 0.00668526)
(17851, 0.00728226)
(17901, 0.00722694)
(17951, 0.00703621)
(18001, 0.00733185)
(18051, 0.00724220)
(18101, 0.00816917)
(18151, 0.00665855)
(18201, 0.00693512)
(18251, 0.00676155)
(18301, 0.00733757)
(18351, 0.00720024)
(18401, 0.00706291)
(18451, 0.00652122)
(18501, 0.00661469)
(18551, 0.00669861)
(18601, 0.00743866)
(18651, 0.00634766)
(18701, 0.00655937)
(18751, 0.00734138)
(18801, 0.00675392)
(18851, 0.00767517)
(18901, 0.00705528)
(18951, 0.00643730)
(19001, 0.00662994)
(19051, 0.00627136)
(19101, 0.00677681)
(19151, 0.00697327)
(19201, 0.00822830)
(19251, 0.00694084)
(19301, 0.00723457)
(19351, 0.00687218)
(19401, 0.00648880)
(19451, 0.00684547)
(19501, 0.00684547)
(19551, 0.00642204)
(19601, 0.00752449)
(19651, 0.00607681)
(19701, 0.00992203)
(19751, 0.00637054)
(19801, 0.00637436)
(19851, 0.00670624)
(19901, 0.00814629)
(19951, 0.00671387)
(20001, 0.00664330)
(20051, 0.00677490)
(20101, 0.00670242)
(20151, 0.00669670)
(20201, 0.00612831)
(20251, 0.00610542)
(20301, 0.00618935)
(20351, 0.00719833)
(20401, 0.00664330)
(20451, 0.00734138)
(20501, 0.00653839)
(20551, 0.00611496)
(20601, 0.00682640)
(20651, 0.00618553)
(20701, 0.00659752)
(20751, 0.00636864)
(20801, 0.00625038)
(20851, 0.00670242)
(20901, 0.00732422)
(20951, 0.00744438)
(21001, 0.00835800)
(21051, 0.00637436)
(21101, 0.00616074)
(21151, 0.00639725)
(21201, 0.00682831)
(21251, 0.00623894)
(21301, 0.00658607)
(21351, 0.00638962)
(21401, 0.00618935)
(21451, 0.00672150)
(21501, 0.00792503)
(21551, 0.00695801)
(21601, 0.00657654)
(21651, 0.00597000)
(21701, 0.00634575)
(21751, 0.00633812)
(21801, 0.00695610)
(21851, 0.00644684)
(21901, 0.00622940)
(21951, 0.00603676)
(22001, 0.00648308)
(22051, 0.00716972)
(22101, 0.00619507)
(22151, 0.00695610)
(22201, 0.00724602)
(22251, 0.00657082)
(22301, 0.00723076)
(22351, 0.00630951)
(22401, 0.00755501)
(22451, 0.00650787)
(22501, 0.00645638)
(22551, 0.00620079)
(22601, 0.00689697)
(22651, 0.00624847)
(22701, 0.00554848)
(22751, 0.00642014)
(22801, 0.00600433)
(22851, 0.00670242)
(22901, 0.00615501)
(22951, 0.00580406)
(23001, 0.00611305)
(23051, 0.00613976)
(23101, 0.00567436)
(23151, 0.00626945)
(23201, 0.00620842)
(23251, 0.00597954)
(23301, 0.00619698)
(23351, 0.00675964)
(23401, 0.00629807)
(23451, 0.00645638)
(23501, 0.00691605)
(23551, 0.00642204)
(23601, 0.00652885)
(23651, 0.00687218)
(23701, 0.00576973)
(23751, 0.00642586)
(23801, 0.00602531)
(23851, 0.00654793)
(23901, 0.00625610)
(23951, 0.00660324)
(24001, 0.00659180)
(24051, 0.00643158)
(24101, 0.00608444)
(24151, 0.00647736)
(24201, 0.00640678)
(24251, 0.00618362)
(24301, 0.00586128)
(24351, 0.00584412)
(24401, 0.00616837)
(24451, 0.00635147)
(24501, 0.00640488)
(24551, 0.00636292)
(24601, 0.00584412)
(24651, 0.00615883)
(24701, 0.00630379)
(24751, 0.00608826)
(24801, 0.00672913)
(24851, 0.00688934)
(24901, 0.00682449)
(24951, 0.00639153)
(25001, 0.00640869)
(25051, 0.00662041)
(25101, 0.00640297)
(25151, 0.00632286)
(25201, 0.00620461)
(25251, 0.00620651)
(25301, 0.00582695)
(25351, 0.00634003)
(25401, 0.00656700)
(25451, 0.00659561)
(25501, 0.00663376)
(25551, 0.00596619)
(25601, 0.00614929)
(25651, 0.00615120)
(25701, 0.00595856)
(25751, 0.00560188)
(25801, 0.00678253)
(25851, 0.00591850)
(25901, 0.00639915)
(25951, 0.00604820)
(26001, 0.00630951)
(26051, 0.00725174)
(26101, 0.00548744)
(26151, 0.00629616)
(26201, 0.00592995)
(26251, 0.00749397)
(26301, 0.00584412)
(26351, 0.00613976)
(26401, 0.00625992)
(26451, 0.00602913)
(26501, 0.00556946)
(26551, 0.00609779)
(26601, 0.00617981)
(26651, 0.00581741)
(26701, 0.00590706)
(26751, 0.00534248)
(26801, 0.00655937)
(26851, 0.00616646)
(26901, 0.00614548)
(26951, 0.00590706)
(27001, 0.00575638)
(27051, 0.00583076)
(27101, 0.00564003)
(27151, 0.00608444)
(27201, 0.00626945)
(27251, 0.00580597)
(27301, 0.00598907)
(27351, 0.00585938)
(27401, 0.00573921)
(27451, 0.00697327)
(27501, 0.00558472)
(27551, 0.00612259)
(27601, 0.00829315)
(27651, 0.00598335)
(27701, 0.00596619)
(27751, 0.00642395)
(27801, 0.00637817)
(27851, 0.00562286)
(27901, 0.00614929)
(27951, 0.00599289)
(28001, 0.00568199)
(28051, 0.00569534)
(28101, 0.00611687)
(28151, 0.00610733)
(28201, 0.00578308)
(28251, 0.00609970)
(28301, 0.00626373)
(28351, 0.00605965)
(28401, 0.00641441)
(28451, 0.00658798)
(28501, 0.00578690)
(28551, 0.00627327)
(28601, 0.00602913)
(28651, 0.00595665)
(28701, 0.00664330)
(28751, 0.00553703)
(28801, 0.00567627)
(28851, 0.00602913)
(28901, 0.00556755)
(28951, 0.00559807)
(29001, 0.00606537)
(29051, 0.00690842)
(29101, 0.00744247)
(29151, 0.00616646)
(29201, 0.00586891)
(29251, 0.00562477)
(29301, 0.00582314)
(29351, 0.00629616)
(29401, 0.00603104)
(29451, 0.00642776)
(29501, 0.00615692)
(29551, 0.00626755)
(29601, 0.00580025)
(29651, 0.00752831)
(29701, 0.00572586)
(29751, 0.00597572)
(29801, 0.00530052)
(29851, 0.00581551)
(29901, 0.00565910)
(29951, 0.00594139)
(30001, 0.00576782)
(30051, 0.00621986)
(30101, 0.00597382)
(30151, 0.00527382)
(30201, 0.00552940)
(30251, 0.00536537)
(30301, 0.00622559)
(30351, 0.00561333)
(30401, 0.00644684)
(30451, 0.00649071)
(30501, 0.00571060)
(30551, 0.00590706)
(30601, 0.00608063)
(30651, 0.00587273)
(30701, 0.00547409)
(30751, 0.00609207)
(30801, 0.00561905)
(30851, 0.00587654)
(30901, 0.00603676)
(30951, 0.00575638)
(31001, 0.00562477)
(31051, 0.00574684)
(31101, 0.00551033)
(31151, 0.00615311)
(31201, 0.00568771)
(31251, 0.00547028)
(31301, 0.00620651)
(31351, 0.00653839)
(31401, 0.00570869)
(31451, 0.00516319)
(31501, 0.00552368)
(31551, 0.00592613)
(31601, 0.00542259)
(31651, 0.00577545)
(31701, 0.00552940)
(31751, 0.00585747)
(31801, 0.00567627)
(31851, 0.00547791)
(31901, 0.00619507)
(31951, 0.00564003)
(32001, 0.00586128)
(32051, 0.00580788)
(32101, 0.00558090)
(32151, 0.00527382)
(32201, 0.00488281)
(32251, 0.00593567)
(32301, 0.00597191)
(32351, 0.00593376)
(32401, 0.00570869)
(32451, 0.00564766)
(32501, 0.00601387)
(32551, 0.00652122)
(32601, 0.00577354)
(32651, 0.00532722)
(32701, 0.00573158)
(32751, 0.00563431)
(32801, 0.00563049)
(32851, 0.00558281)
(32901, 0.00530624)
(32951, 0.00527763)
(33001, 0.00596428)
(33051, 0.00606918)
(33101, 0.00612640)
(33151, 0.00559425)
(33201, 0.00725746)
(33251, 0.00568771)
(33301, 0.00623894)
(33351, 0.00530624)
(33401, 0.00551987)
(33451, 0.00632286)
(33501, 0.00529480)
(33551, 0.00534058)
(33601, 0.00575638)
(33651, 0.00531960)
(33701, 0.00527000)
(33751, 0.00570679)
(33801, 0.00556946)
(33851, 0.00495720)
(33901, 0.00545311)
(33951, 0.00528336)
(34001, 0.00611496)
(34051, 0.00662041)
(34101, 0.00576401)
(34151, 0.00550079)
(34201, 0.00543022)
(34251, 0.00582123)
(34301, 0.00501060)
(34351, 0.00551987)
(34401, 0.00553703)
(34451, 0.00678062)
(34501, 0.00547791)
(34551, 0.00574112)
(34601, 0.00536728)
(34651, 0.00558853)
(34701, 0.00569153)
(34751, 0.00581360)
(34801, 0.00551605)
(34851, 0.00592041)
(34901, 0.00582504)
(34951, 0.00559044)
(35001, 0.00564766)
(35051, 0.00549698)
(35101, 0.00568008)
(35151, 0.00576019)
(35201, 0.00547600)
(35251, 0.00518036)
(35301, 0.00537300)
(35351, 0.00540924)
(35401, 0.00589943)
(35451, 0.00549698)
(35501, 0.00548744)
(35551, 0.00610161)
(35601, 0.00540733)
(35651, 0.00561333)
(35701, 0.00510979)
(35751, 0.00525093)
(35801, 0.00720215)
(35851, 0.00512886)
(35901, 0.00542068)
(35951, 0.00541496)
(36001, 0.00548553)
(36051, 0.00507736)
(36101, 0.00534439)
(36151, 0.00580406)
(36201, 0.00593948)
(36251, 0.00539207)
(36301, 0.00544739)
(36351, 0.00600243)
(36401, 0.00534058)
(36451, 0.00507927)
(36501, 0.00545311)
(36551, 0.00496483)
(36601, 0.00568390)
(36651, 0.00571632)
(36701, 0.00541687)
(36751, 0.00587082)
(36801, 0.00619888)
(36851, 0.00569725)
(36901, 0.00534248)
(36951, 0.00498009)
(37001, 0.00678635)
(37051, 0.00602913)
(37101, 0.00554848)
(37151, 0.00570679)
(37201, 0.00540924)
(37251, 0.00554848)
(37301, 0.00556183)
(37351, 0.00510979)
(37401, 0.00569916)
(37451, 0.00526619)
(37501, 0.00536156)
(37551, 0.00533295)
(37601, 0.00509071)
(37651, 0.00543404)
(37701, 0.00534439)
(37751, 0.00593758)
(37801, 0.00512123)
(37851, 0.00574303)
(37901, 0.00586510)
(37951, 0.00531769)
(38001, 0.00583458)
(38051, 0.00500679)
(38101, 0.00617027)
(38151, 0.00671196)
(38201, 0.00483131)
(38251, 0.00498009)
(38301, 0.00493050)
(38351, 0.00612068)
(38401, 0.00532341)
(38451, 0.00519180)
(38501, 0.00495720)
(38551, 0.00542450)
(38601, 0.00533295)
(38651, 0.00568390)
(38701, 0.00672913)
(38751, 0.00585175)
(38801, 0.00494385)
(38851, 0.00519180)
(38901, 0.00512886)
(38951, 0.00538826)
(39001, 0.00516129)
(39051, 0.00533867)
(39101, 0.00562286)
(39151, 0.00568390)
(39201, 0.00529480)
(39251, 0.00539589)
(39301, 0.00595093)
(39351, 0.00533676)
(39401, 0.00550652)
(39451, 0.00553131)
(39501, 0.00584602)
(39551, 0.00537491)
(39601, 0.00564194)
(39651, 0.00547981)
(39701, 0.00547409)
(39751, 0.00536537)
(39801, 0.00553894)
(39851, 0.00483513)
(39901, 0.00518608)
(39951, 0.00526428)
(40001, 0.00538063)
(40051, 0.00502205)
(40101, 0.00504494)
(40151, 0.00524330)
(40201, 0.00533867)
(40251, 0.00565338)
(40301, 0.00510788)
(40351, 0.00578499)
(40401, 0.00507164)
(40451, 0.00509071)
(40501, 0.00556755)
(40551, 0.00545692)
(40601, 0.00534248)
(40651, 0.00512695)
(40701, 0.00612831)
(40751, 0.00556374)
(40801, 0.00568771)
(40851, 0.00556755)
(40901, 0.00521278)
(40951, 0.00614929)
(41001, 0.00568390)
(41051, 0.00541878)
(41101, 0.00539017)
(41151, 0.00575638)
(41201, 0.00450134)
(41251, 0.00568199)
(41301, 0.00544739)
(41351, 0.00522232)
(41401, 0.00522995)
(41451, 0.00503540)
(41501, 0.00535583)
(41551, 0.00530052)
(41601, 0.00554276)
(41651, 0.00511932)
(41701, 0.00544930)
(41751, 0.00534630)
(41801, 0.00557709)
(41851, 0.00556755)
(41901, 0.00522423)
(41951, 0.00500298)
(42001, 0.00518036)
(42051, 0.00504112)
(42101, 0.00567436)
(42151, 0.00565910)
(42201, 0.00559044)
(42251, 0.00555038)
(42301, 0.00677299)
(42351, 0.00549698)
(42401, 0.00639534)
(42451, 0.00501633)
(42501, 0.00550652)
(42551, 0.00534821)
(42601, 0.00499916)
(42651, 0.00573730)
(42701, 0.00556946)
(42751, 0.00497246)
(42801, 0.00524712)
(42851, 0.00537491)
(42901, 0.00536919)
(42951, 0.00617599)
(43001, 0.00488281)
(43051, 0.00499344)
(43101, 0.00556374)
(43151, 0.00511169)
(43201, 0.00572014)
(43251, 0.00586700)
(43301, 0.00508690)
(43351, 0.00532150)
(43401, 0.00506973)
(43451, 0.00490189)
(43501, 0.00552559)
(43551, 0.00515366)
(43601, 0.00522995)
(43651, 0.00482178)
(43701, 0.00513840)
(43751, 0.00520515)
(43801, 0.00507736)
(43851, 0.00503922)
(43901, 0.00538826)
(43951, 0.00493240)
(44001, 0.00508881)
(44051, 0.00593567)
(44101, 0.00510216)
(44151, 0.00508881)
(44201, 0.00485992)
(44251, 0.00533676)
(44301, 0.00566673)
(44351, 0.00538254)
(44401, 0.00496483)
(44451, 0.00561714)
(44501, 0.00501442)
(44551, 0.00536919)
(44601, 0.00513458)
(44651, 0.00512505)
(44701, 0.00475121)
(44751, 0.00539589)
(44801, 0.00490189)
(44851, 0.00545311)
(44901, 0.00505447)
(44951, 0.00511551)
(45001, 0.00509453)
(45051, 0.00490952)
(45101, 0.00500488)
(45151, 0.00502968)
(45201, 0.00537300)
(45251, 0.00488853)
(45301, 0.00481224)
(45351, 0.00525284)
(45401, 0.00501060)
(45451, 0.00533867)
(45501, 0.00538635)
(45551, 0.00488663)
(45601, 0.00528336)
(45651, 0.00482559)
(45701, 0.00532532)
(45751, 0.00512886)
(45801, 0.00476646)
(45851, 0.00455093)
(45901, 0.00492668)
(45951, 0.00477409)
(46001, 0.00508308)
(46051, 0.00478745)
(46101, 0.00507545)
(46151, 0.00512123)
(46201, 0.00512123)
(46251, 0.00508499)
(46301, 0.00497818)
(46351, 0.00513649)
(46401, 0.00514412)
(46451, 0.00504303)
(46501, 0.00520706)
(46551, 0.00482559)
(46601, 0.00465584)
(46651, 0.00489807)
(46701, 0.00569725)
(46751, 0.00544739)
(46801, 0.00505829)
(46851, 0.00512314)
(46901, 0.00507164)
(46951, 0.00544357)
(47001, 0.00499535)
(47051, 0.00498009)
(47101, 0.00496483)
(47151, 0.00557137)
(47201, 0.00572395)
(47251, 0.00548744)
(47301, 0.00527573)
(47351, 0.00493813)
(47401, 0.00531387)
(47451, 0.00583076)
(47501, 0.00543213)
(47551, 0.00487709)
(47601, 0.00512314)
(47651, 0.00509262)
(47701, 0.00505447)
(47751, 0.00523567)
(47801, 0.00519753)
(47851, 0.00512886)
(47901, 0.00569344)
(47951, 0.00552750)
(48001, 0.00578499)
(48051, 0.00508308)
(48101, 0.00485802)
(48151, 0.00491142)
(48201, 0.00517654)
(48251, 0.00458908)
(48301, 0.00646400)
(48351, 0.00491142)
(48401, 0.00532722)
(48451, 0.00504112)
(48501, 0.00515175)
(48551, 0.00469780)
(48601, 0.00485992)
(48651, 0.00495911)
(48701, 0.00492668)
(48751, 0.00527573)
(48801, 0.00537872)
(48851, 0.00507927)
(48901, 0.00579262)
(48951, 0.00559616)
(49001, 0.00532722)
(49051, 0.00467682)
(49101, 0.00504494)
(49151, 0.00519180)
(49201, 0.00500870)
(49251, 0.00517464)
(49301, 0.00531578)
(49351, 0.00551033)
(49401, 0.00556183)
(49451, 0.00563622)
(49501, 0.00498962)
(49551, 0.00516129)
(49601, 0.00481415)
(49651, 0.00620461)
(49701, 0.00491333)
(49751, 0.00465012)
(49801, 0.00509453)
(49851, 0.00512314)
(49901, 0.00514412)
(49951, 0.00472069)
(50001, 0.00508690)
(50051, 0.00549316)
(50101, 0.00495148)
(50151, 0.00501060)
(50201, 0.00474358)
(50251, 0.00506020)
(50301, 0.00483322)
(50351, 0.00508690)
(50401, 0.00455475)
(50451, 0.00536728)
(50501, 0.00532722)
(50551, 0.00491524)
(50601, 0.00530815)
(50651, 0.00504494)
(50701, 0.00494194)
(50751, 0.00475311)
(50801, 0.00449562)
(50851, 0.00461197)
(50901, 0.00461769)
(50951, 0.00495720)
(51001, 0.00571060)
(51051, 0.00492668)
(51101, 0.00474167)
(51151, 0.00483322)
(51201, 0.00454330)
(51251, 0.00545502)
(51301, 0.00466537)
(51351, 0.00518227)
(51401, 0.00503922)
(51451, 0.00516891)
(51501, 0.00504303)
(51551, 0.00487518)
(51601, 0.00509834)
(51651, 0.00466728)
(51701, 0.00504494)
(51751, 0.00513077)
(51801, 0.00543022)
(51851, 0.00497055)
(51901, 0.00488091)
(51951, 0.00462341)
(52001, 0.00495338)
(52051, 0.00495720)
(52101, 0.00532532)
(52151, 0.00501633)
(52201, 0.00467110)
(52251, 0.00525856)
(52301, 0.00473785)
(52351, 0.00476265)
(52401, 0.00497246)
(52451, 0.00451660)
(52501, 0.00531387)
(52551, 0.00485611)
(52601, 0.00462341)
(52651, 0.00477982)
(52701, 0.00493813)
(52751, 0.00496483)
(52801, 0.00457191)
(52851, 0.00507545)
(52901, 0.00474930)
(52951, 0.00489807)
(53001, 0.00451851)
(53051, 0.00526619)
(53101, 0.00509644)
(53151, 0.00488472)
(53201, 0.00500870)
(53251, 0.00542068)
(53301, 0.00486183)
(53351, 0.00503922)
(53401, 0.00551033)
(53451, 0.00523949)
(53501, 0.00500107)
(53551, 0.00474167)
(53601, 0.00514793)
(53651, 0.00475693)
(53701, 0.00464821)
(53751, 0.00489044)
(53801, 0.00460815)
(53851, 0.00543785)
(53901, 0.00465584)
(53951, 0.00486183)
(54001, 0.00480652)
(54051, 0.00550461)
(54101, 0.00519180)
(54151, 0.00495338)
(54201, 0.00468636)
(54251, 0.00498962)
(54301, 0.00453377)
(54351, 0.00438309)
(54401, 0.00480080)
(54451, 0.00532150)
(54501, 0.00496483)
(54551, 0.00473976)
(54601, 0.00485802)
(54651, 0.00560188)
(54701, 0.00500107)
(54751, 0.00508881)
(54801, 0.00490761)
(54851, 0.00456238)
(54901, 0.00477219)
(54951, 0.00501442)
(55001, 0.00452423)
(55051, 0.00522423)
(55101, 0.00493622)
(55151, 0.00525093)
(55201, 0.00537300)
(55251, 0.00468254)
(55301, 0.00518036)
(55351, 0.00437355)
(55401, 0.00482178)
(55451, 0.00499153)
(55501, 0.00496483)
(55551, 0.00518417)
(55601, 0.00518036)
(55651, 0.00478172)
(55701, 0.00531387)
(55751, 0.00540161)
(55801, 0.00480461)
(55851, 0.00482559)
(55901, 0.00517464)
(55951, 0.00495720)
(56001, 0.00463104)
(56051, 0.00441933)
(56101, 0.00483894)
(56151, 0.00501442)
(56201, 0.00587845)
(56251, 0.00550652)
(56301, 0.00465012)
(56351, 0.00527191)
(56401, 0.00443649)
(56451, 0.00454521)
(56501, 0.00469971)
(56551, 0.00467682)
(56601, 0.00476646)
(56651, 0.00544930)
(56701, 0.00505447)
(56751, 0.00512123)
(56801, 0.00506020)
(56851, 0.00457573)
(56901, 0.00456619)
(56951, 0.00469398)
(57001, 0.00505066)
(57051, 0.00494766)
(57101, 0.00468636)
(57151, 0.00492668)
(57201, 0.00502396)
(57251, 0.00459862)
(57301, 0.00498772)
(57351, 0.00508690)
(57401, 0.00521851)
(57451, 0.00473595)
(57501, 0.00517082)
(57551, 0.00479507)
(57601, 0.00458336)
(57651, 0.00523376)
(57701, 0.00537109)
(57751, 0.00434494)
(57801, 0.00529099)
(57851, 0.00468636)
(57901, 0.00489616)
(57951, 0.00442886)
(58001, 0.00520515)
(58051, 0.00479507)
(58101, 0.00554466)
(58151, 0.00528526)
(58201, 0.00466728)
(58251, 0.00488091)
(58301, 0.00477600)
(58351, 0.00498962)
(58401, 0.00469017)
(58451, 0.00497818)
(58501, 0.00467682)
(58551, 0.00578308)
(58601, 0.00491714)
(58651, 0.00514793)
(58701, 0.00483894)
(58751, 0.00470734)
(58801, 0.00466919)
(58851, 0.00468445)
(58901, 0.00566864)
(58951, 0.00483513)
(59001, 0.00488853)
(59051, 0.00495911)
(59101, 0.00485039)
(59151, 0.00457191)
(59201, 0.00438118)
(59251, 0.00485039)
(59301, 0.00520325)
(59351, 0.00495148)
(59401, 0.00485229)
(59451, 0.00438309)
(59501, 0.00554085)
(59551, 0.00546646)
(59601, 0.00518417)
(59651, 0.00469589)
(59701, 0.00480080)
(59751, 0.00520515)
(59801, 0.00477982)
(59851, 0.00483704)
(59901, 0.00444603)
(59951, 0.00604057)
(60001, 0.00461197)
(60051, 0.00431061)
(60101, 0.00498962)
(60151, 0.00516701)
(60201, 0.00476265)
(60251, 0.00460243)
(60301, 0.00477791)
(60351, 0.00503159)
(60401, 0.00469780)
(60451, 0.00446320)
(60501, 0.00483704)
(60551, 0.00557327)
(60601, 0.00491714)
(60651, 0.00477028)
(60701, 0.00475311)
(60751, 0.00468826)
(60801, 0.00449562)
(60851, 0.00473404)
(60901, 0.00493622)
(60951, 0.00467110)
(61001, 0.00529480)
(61051, 0.00458336)
(61101, 0.00433350)
(61151, 0.00529099)
(61201, 0.00473595)
(61251, 0.00514030)
(61301, 0.00491905)
(61351, 0.00472260)
(61401, 0.00455093)
(61451, 0.00443840)
(61501, 0.00504112)
(61551, 0.00446129)
(61601, 0.00477791)
(61651, 0.00443459)
(61701, 0.00502586)
(61751, 0.00481606)
(61801, 0.00476837)
(61851, 0.00479507)
(61901, 0.00452232)
(61951, 0.00529289)
(62001, 0.00433350)
(62051, 0.00466728)
(62101, 0.00544739)
(62151, 0.00473595)
(62201, 0.00450516)
(62251, 0.00476646)
(62301, 0.00437927)
(62351, 0.00496674)
(62401, 0.00544739)
(62451, 0.00439072)
(62501, 0.00476265)
(62551, 0.00488281)
(62601, 0.00514603)
(62651, 0.00465012)
(62701, 0.00460815)
(62751, 0.00478172)
(62801, 0.00466728)
(62851, 0.00485039)
(62901, 0.00491333)
(62951, 0.00471306)
(63001, 0.00498581)
(63051, 0.00446129)
(63101, 0.00482368)
(63151, 0.00507736)
(63201, 0.00475693)
(63251, 0.00536537)
(63301, 0.00480080)
(63351, 0.00447655)
(63401, 0.00472260)
(63451, 0.00443459)
(63501, 0.00461197)
(63551, 0.00463676)
(63601, 0.00492096)
(63651, 0.00440025)
(63701, 0.00487709)
(63751, 0.00477791)
(63801, 0.00492096)
(63851, 0.00479507)
(63901, 0.00482750)
(63951, 0.00477219)
(64001, 0.00488853)
(64051, 0.00533676)
(64101, 0.00482559)
(64151, 0.00491524)
(64201, 0.00472069)
(64251, 0.00521660)
(64301, 0.00585747)
(64351, 0.00590706)
(64401, 0.00468063)
(64451, 0.00467682)
(64501, 0.00469780)
(64551, 0.00517082)
(64601, 0.00459862)
(64651, 0.00504875)
(64701, 0.00481796)
(64751, 0.00434494)
(64801, 0.00447273)
(64851, 0.00486946)
(64901, 0.00479317)
(64951, 0.00527191)
(65001, 0.00473404)
(65051, 0.00477409)
(65101, 0.00497246)
(65151, 0.00455284)
(65201, 0.00466156)
(65251, 0.00462151)
(65301, 0.00485420)
(65351, 0.00598907)
(65401, 0.00459480)
(65451, 0.00463104)
(65501, 0.00457573)
(65551, 0.00461960)
(65601, 0.00466347)
(65651, 0.00485229)
(65701, 0.00470352)
(65751, 0.00483513)
(65801, 0.00441742)
(65851, 0.00512886)
(65901, 0.00449181)
(65951, 0.00494385)
(66001, 0.00488472)
(66051, 0.00438309)
(66101, 0.00464630)
(66151, 0.00440407)
(66201, 0.00465775)
(66251, 0.00440979)
(66301, 0.00467491)
(66351, 0.00464439)
(66401, 0.00489044)
(66451, 0.00463295)
(66501, 0.00574493)
(66551, 0.00473022)
(66601, 0.00500298)
(66651, 0.00459290)
(66701, 0.00464439)
(66751, 0.00520134)
(66801, 0.00497055)
(66851, 0.00491142)
(66901, 0.00443268)
(66951, 0.00440979)
(67001, 0.00449562)
(67051, 0.00476646)
(67101, 0.00489426)
(67151, 0.00499725)
(67201, 0.00411415)
(67251, 0.00515175)
(67301, 0.00434303)
(67351, 0.00416756)
(67401, 0.00490952)
(67451, 0.00441551)
(67501, 0.00471306)
(67551, 0.00454330)
(67601, 0.00488091)
(67651, 0.00473213)
(67701, 0.00450325)
(67751, 0.00491905)
(67801, 0.00466156)
(67851, 0.00461006)
(67901, 0.00479317)
(67951, 0.00451851)
(68001, 0.00483894)
(68051, 0.00446129)
(68101, 0.00444221)
(68151, 0.00507164)
(68201, 0.00506973)
(68251, 0.00435257)
(68301, 0.00481415)
(68351, 0.00453186)
(68401, 0.00429535)
(68451, 0.00454140)
(68501, 0.00483513)
(68551, 0.00410271)
(68601, 0.00483894)
(68651, 0.00486183)
(68701, 0.00484657)
(68751, 0.00464630)
(68801, 0.00436592)
(68851, 0.00483131)
(68901, 0.00490189)
(68951, 0.00452423)
(69001, 0.00481415)
(69051, 0.00440025)
(69101, 0.00500870)
(69151, 0.00523949)
(69201, 0.00455093)
(69251, 0.00481033)
(69301, 0.00477219)
(69351, 0.00569725)
(69401, 0.00487518)
(69451, 0.00518417)
(69501, 0.00511932)
(69551, 0.00473404)
(69601, 0.00467873)
(69651, 0.00556564)
(69701, 0.00461388)
(69751, 0.00471878)
(69801, 0.00423813)
(69851, 0.00468063)
(69901, 0.00487328)
(69951, 0.00436211)
(70001, 0.00438118)
(70051, 0.00472069)
(70101, 0.00506783)
(70151, 0.00458908)
(70201, 0.00475693)
(70251, 0.00463867)
(70301, 0.00440979)
(70351, 0.00515175)
(70401, 0.00467110)
(70451, 0.00490761)
(70501, 0.00415421)
(70551, 0.00460243)
(70601, 0.00486565)
(70651, 0.00492287)
(70701, 0.00429344)
(70751, 0.00489426)
(70801, 0.00465965)
(70851, 0.00502396)
(70901, 0.00471878)
(70951, 0.00463295)
(71001, 0.00466728)
(71051, 0.00424194)
(71101, 0.00492477)
(71151, 0.00543213)
(71201, 0.00444984)
(71251, 0.00464439)
(71301, 0.00476646)
(71351, 0.00417137)
(71401, 0.00452232)
(71451, 0.00468254)
(71501, 0.00469971)
(71551, 0.00494194)
(71601, 0.00489235)
(71651, 0.00480080)
(71701, 0.00507545)
(71751, 0.00498199)
(71801, 0.00480461)
(71851, 0.00446701)
(71901, 0.00481606)
(71951, 0.00481606)
(72001, 0.00435638)
(72051, 0.00473022)
(72101, 0.00445557)
(72151, 0.00463486)
(72201, 0.00469208)
(72251, 0.00474548)
(72301, 0.00484467)
(72351, 0.00523758)
(72401, 0.00433540)
(72451, 0.00444221)
(72501, 0.00453568)
(72551, 0.00442314)
(72601, 0.00497818)
(72651, 0.00436020)
(72701, 0.00434875)
(72751, 0.00481796)
(72801, 0.00559998)
(72851, 0.00426674)
(72901, 0.00454712)
(72951, 0.00451279)
(73001, 0.00440407)
(73051, 0.00435829)
(73101, 0.00450134)
(73151, 0.00433540)
(73201, 0.00524712)
(73251, 0.00445938)
(73301, 0.00471497)
(73351, 0.00463486)
(73401, 0.00427818)
(73451, 0.00446892)
(73501, 0.00467682)
(73551, 0.00536919)
(73601, 0.00440788)
(73651, 0.00467491)
(73701, 0.00492287)
(73751, 0.00465202)
(73801, 0.00467491)
(73851, 0.00442886)
(73901, 0.00442314)
(73951, 0.00528717)
(74001, 0.00447083)
(74051, 0.00495338)
(74101, 0.00466347)
(74151, 0.00449753)
(74201, 0.00518417)
(74251, 0.00438309)
(74301, 0.00447083)
(74351, 0.00497437)
(74401, 0.00454712)
(74451, 0.00479889)
(74501, 0.00415802)
(74551, 0.00443077)
(74601, 0.00426102)
(74651, 0.00465202)
(74701, 0.00471878)
(74751, 0.00519753)
(74801, 0.00415039)
(74851, 0.00431442)
(74901, 0.00478172)
(74951, 0.00481415)
(75001, 0.00458527)
(75051, 0.00430489)
(75101, 0.00491142)
(75151, 0.00433350)
(75201, 0.00478172)
(75251, 0.00437355)
(75301, 0.00471115)
(75351, 0.00444031)
(75401, 0.00461388)
(75451, 0.00472641)
(75501, 0.00452232)
(75551, 0.00463486)
(75601, 0.00425911)
(75651, 0.00415039)
(75701, 0.00447655)
(75751, 0.00450516)
(75801, 0.00420952)
(75851, 0.00451279)
(75901, 0.00451469)
(75951, 0.00467682)
(76001, 0.00464249)
(76051, 0.00530434)
(76101, 0.00403214)
(76151, 0.00412178)
(76201, 0.00420189)
(76251, 0.00473976)
(76301, 0.00436783)
(76351, 0.00435638)
(76401, 0.00433350)
(76451, 0.00446320)
(76501, 0.00423813)
(76551, 0.00469589)
(76601, 0.00504494)
(76651, 0.00539970)
(76701, 0.00451279)
(76751, 0.00419044)
(76801, 0.00449944)
(76851, 0.00498962)
(76901, 0.00481224)
(76951, 0.00437737)
(77001, 0.00457382)
(77051, 0.00505066)
(77101, 0.00461006)
(77151, 0.00552940)
(77201, 0.00463676)
(77251, 0.00444794)
(77301, 0.00431824)
(77351, 0.00480461)
(77401, 0.00445938)
(77451, 0.00453949)
(77501, 0.00441170)
(77551, 0.00491714)
(77601, 0.00452995)
(77651, 0.00441742)
(77701, 0.00440598)
(77751, 0.00424385)
(77801, 0.00448608)
(77851, 0.00441360)
(77901, 0.00471497)
(77951, 0.00471306)
(78001, 0.00418472)
(78051, 0.00479889)
(78101, 0.00456238)
(78151, 0.00476074)
(78201, 0.00430107)
(78251, 0.00424767)
(78301, 0.00436783)
(78351, 0.00458717)
(78401, 0.00454903)
(78451, 0.00452232)
(78501, 0.00481987)
(78551, 0.00467682)
(78601, 0.00490379)
(78651, 0.00544739)
(78701, 0.00429916)
(78751, 0.00436401)
(78801, 0.00483513)
(78851, 0.00445557)
(78901, 0.00453949)
(78951, 0.00435448)
(79001, 0.00429535)
(79051, 0.00414467)
(79101, 0.00465775)
(79151, 0.00520325)
(79201, 0.00461197)
(79251, 0.00428009)
(79301, 0.00575256)
(79351, 0.00436401)
(79401, 0.00420761)
(79451, 0.00449371)
(79501, 0.00449562)
(79551, 0.00467491)
(79601, 0.00439072)
(79651, 0.00454712)
(79701, 0.00464058)
(79751, 0.00471306)
(79801, 0.00498009)
(79851, 0.00417900)
(79901, 0.00442505)
(79951, 0.00438499)
(80001, 0.00429153)
(80051, 0.00475502)
(80101, 0.00482178)
(80151, 0.00421715)
(80201, 0.00385857)
(80251, 0.00434875)
(80301, 0.00458717)
(80351, 0.00499916)
(80401, 0.00502586)
(80451, 0.00479317)
(80501, 0.00422668)
(80551, 0.00473976)
(80601, 0.00441360)
(80651, 0.00436783)
(80701, 0.00427628)
(80751, 0.00478935)
(80801, 0.00448036)
(80851, 0.00488853)
(80901, 0.00435448)
(80951, 0.00457954)
(81001, 0.00460052)
(81051, 0.00414085)
(81101, 0.00420570)
(81151, 0.00448036)
(81201, 0.00486374)
(81251, 0.00459290)
(81301, 0.00444221)
(81351, 0.00411987)
(81401, 0.00456619)
(81451, 0.00502777)
(81501, 0.00418282)
(81551, 0.00460052)
(81601, 0.00505638)
(81651, 0.00428200)
(81701, 0.00480843)
(81751, 0.00449562)
(81801, 0.00455284)
(81851, 0.00451851)
(81901, 0.00497818)
(81951, 0.00437927)
(82001, 0.00448227)
(82051, 0.00429916)
(82101, 0.00464249)
(82151, 0.00454712)
(82201, 0.00440216)
(82251, 0.00423241)
(82301, 0.00425911)
(82351, 0.00431633)
(82401, 0.00427628)
(82451, 0.00477982)
(82501, 0.00442505)
(82551, 0.00446320)
(82601, 0.00445747)
(82651, 0.00470924)
(82701, 0.00415802)
(82751, 0.00474548)
(82801, 0.00415802)
(82851, 0.00483131)
(82901, 0.00462532)
(82951, 0.00440979)
(83001, 0.00446320)
(83051, 0.00448036)
(83101, 0.00446892)
(83151, 0.00430870)
(83201, 0.00458336)
(83251, 0.00429153)
(83301, 0.00465584)
(83351, 0.00447845)
(83401, 0.00481224)
(83451, 0.00455666)
(83501, 0.00432587)
(83551, 0.00475883)
(83601, 0.00451088)
(83651, 0.00443840)
(83701, 0.00409317)
(83751, 0.00459290)
(83801, 0.00514221)
(83851, 0.00437546)
(83901, 0.00424957)
(83951, 0.00427055)
(84001, 0.00479698)
(84051, 0.00457954)
(84101, 0.00462341)
(84151, 0.00440979)
(84201, 0.00419044)
(84251, 0.00427628)
(84301, 0.00415611)
(84351, 0.00431442)
(84401, 0.00458908)
(84451, 0.00430298)
(84501, 0.00446129)
(84551, 0.00449371)
(84601, 0.00412941)
(84651, 0.00533104)
(84701, 0.00426102)
(84751, 0.00422478)
(84801, 0.00445557)
(84851, 0.00405502)
(84901, 0.00426102)
(84951, 0.00408554)
(85001, 0.00479507)
(85051, 0.00480843)
(85101, 0.00465012)
(85151, 0.00429535)
(85201, 0.00450134)
(85251, 0.00422668)
(85301, 0.00416565)
(85351, 0.00446701)
(85401, 0.00459671)
(85451, 0.00489998)
(85501, 0.00465393)
(85551, 0.00454712)
(85601, 0.00451660)
(85651, 0.00466347)
(85701, 0.00426483)
(85751, 0.00444603)
(85801, 0.00434113)
(85851, 0.00465775)
(85901, 0.00446510)
(85951, 0.00467300)
(86001, 0.00489426)
(86051, 0.00427055)
(86101, 0.00436401)
(86151, 0.00405121)
(86201, 0.00424194)
(86251, 0.00417709)
(86301, 0.00467682)
(86351, 0.00440598)
(86401, 0.00395203)
(86451, 0.00429153)
(86501, 0.00415039)
(86551, 0.00510216)
(86601, 0.00388527)
(86651, 0.00494194)
(86701, 0.00454903)
(86751, 0.00513458)
(86801, 0.00467491)
(86851, 0.00446892)
(86901, 0.00448990)
(86951, 0.00443077)
(87001, 0.00479126)
(87051, 0.00527573)
(87101, 0.00511742)
(87151, 0.00442314)
(87201, 0.00452995)
(87251, 0.00441551)
(87301, 0.00416374)
(87351, 0.00405121)
(87401, 0.00427818)
(87451, 0.00462723)
(87501, 0.00448608)
(87551, 0.00465965)
(87601, 0.00460434)
(87651, 0.00453568)
(87701, 0.00468063)
(87751, 0.00440407)
(87801, 0.00453568)
(87851, 0.00415993)
(87901, 0.00461006)
(87951, 0.00431633)
(88001, 0.00429535)
(88051, 0.00503731)
(88101, 0.00428391)
(88151, 0.00472069)
(88201, 0.00479698)
(88251, 0.00410271)
(88301, 0.00461388)
(88351, 0.00431633)
(88401, 0.00412560)
(88451, 0.00405884)
(88501, 0.00441170)
(88551, 0.00435829)
(88601, 0.00436592)
(88651, 0.00408173)
(88701, 0.00397491)
(88751, 0.00434685)
(88801, 0.00427818)
(88851, 0.00464439)
(88901, 0.00466156)
(88951, 0.00446701)
(89001, 0.00468445)
(89051, 0.00442886)
(89101, 0.00436211)
(89151, 0.00440216)
(89201, 0.00488091)
(89251, 0.00432014)
(89301, 0.00439644)
(89351, 0.00415230)
(89401, 0.00427628)
(89451, 0.00469971)
(89501, 0.00433159)
(89551, 0.00453568)
(89601, 0.00411797)
(89651, 0.00556374)
(89701, 0.00451851)
(89751, 0.00448418)
(89801, 0.00420380)
(89851, 0.00423431)
(89901, 0.00435829)
(89951, 0.00462532)
(90001, 0.00434685)
(90051, 0.00552177)
(90101, 0.00429916)
(90151, 0.00432014)
(90201, 0.00422668)
(90251, 0.00485611)
(90301, 0.00430870)
(90351, 0.00424576)
(90401, 0.00454140)
(90451, 0.00457573)
(90501, 0.00484276)
(90551, 0.00475693)
(90601, 0.00419807)
(90651, 0.00420189)
(90701, 0.00421333)
(90751, 0.00454903)
(90801, 0.00414658)
(90851, 0.00450897)
(90901, 0.00459480)
(90951, 0.00419998)
(91001, 0.00489235)
(91051, 0.00461960)
(91101, 0.00450325)
(91151, 0.00440788)
(91201, 0.00456810)
(91251, 0.00433159)
(91301, 0.00405693)
(91351, 0.00531387)
(91401, 0.00438881)
(91451, 0.00468636)
(91501, 0.00404930)
(91551, 0.00442314)
(91601, 0.00421715)
(91651, 0.00426483)
(91701, 0.00452614)
(91751, 0.00428581)
(91801, 0.00440025)
(91851, 0.00476456)
(91901, 0.00411797)
(91951, 0.00392151)
(92001, 0.00435829)
(92051, 0.00453186)
(92101, 0.00442314)
(92151, 0.00434875)
(92201, 0.00440788)
(92251, 0.00452232)
(92301, 0.00456810)
(92351, 0.00496864)
(92401, 0.00439453)
(92451, 0.00422096)
(92501, 0.00540924)
(92551, 0.00384903)
(92601, 0.00473213)
(92651, 0.00401115)
(92701, 0.00412178)
(92751, 0.00465775)
(92801, 0.00410652)
(92851, 0.00405884)
(92901, 0.00438690)
(92951, 0.00421143)
(93001, 0.00450516)
(93051, 0.00427437)
(93101, 0.00415230)
(93151, 0.00386620)
(93201, 0.00456810)
(93251, 0.00459290)
(93301, 0.00486183)
(93351, 0.00464630)
(93401, 0.00432587)
(93451, 0.00430870)
(93501, 0.00423813)
(93551, 0.00464821)
(93601, 0.00423050)
(93651, 0.00403976)
(93701, 0.00431252)
(93751, 0.00440598)
(93801, 0.00430107)
(93851, 0.00407982)
(93901, 0.00409698)
(93951, 0.00386047)
(94001, 0.00440216)
(94051, 0.00439262)
(94101, 0.00450706)
(94151, 0.00459671)
(94201, 0.00448227)
(94251, 0.00454903)
(94301, 0.00444031)
(94351, 0.00404739)
(94401, 0.00428581)
(94451, 0.00408554)
(94501, 0.00438499)
(94551, 0.00462723)
(94601, 0.00491142)
(94651, 0.00422478)
(94701, 0.00479698)
(94751, 0.00399208)
(94801, 0.00438881)
(94851, 0.00457191)
(94901, 0.00473404)
(94951, 0.00412750)
(95001, 0.00464249)
(95051, 0.00473213)
(95101, 0.00445175)
(95151, 0.00447273)
(95201, 0.00436020)
(95251, 0.00516319)
(95301, 0.00426483)
(95351, 0.00494957)
(95401, 0.00431442)
(95451, 0.00438690)
(95501, 0.00455093)
(95551, 0.00422096)
(95601, 0.00403786)
(95651, 0.00426483)
(95701, 0.00419426)
(95751, 0.00438881)
(95801, 0.00411797)
(95851, 0.00441742)
(95901, 0.00469208)
(95951, 0.00459290)
(96001, 0.00444221)
(96051, 0.00460243)
(96101, 0.00448608)
(96151, 0.00445175)
(96201, 0.00442505)
(96251, 0.00460052)
(96301, 0.00445175)
(96351, 0.00498581)
(96401, 0.00431633)
(96451, 0.00446510)
(96501, 0.00412369)
(96551, 0.00432777)
(96601, 0.00399780)
(96651, 0.00426865)
(96701, 0.00437355)
(96751, 0.00416374)
(96801, 0.00396729)
(96851, 0.00417519)
(96901, 0.00434875)
(96951, 0.00424576)
(97001, 0.00396729)
(97051, 0.00485611)
(97101, 0.00471115)
(97151, 0.00415802)
(97201, 0.00419617)
(97251, 0.00427437)
(97301, 0.00431061)
(97351, 0.00461197)
(97401, 0.00402069)
(97451, 0.00408554)
(97501, 0.00425529)
(97551, 0.00429726)
(97601, 0.00415611)
(97651, 0.00464630)
(97701, 0.00463867)
(97751, 0.00466728)
(97801, 0.00431824)
(97851, 0.00430679)
(97901, 0.00407028)
(97951, 0.00405884)
(98001, 0.00413513)
(98051, 0.00401688)
(98101, 0.00400925)
(98151, 0.00419617)
(98201, 0.00453758)
(98251, 0.00442123)
(98301, 0.00406456)
(98351, 0.00474167)
(98401, 0.00457764)
(98451, 0.00409889)
(98501, 0.00473022)
(98551, 0.00435448)
(98601, 0.00420189)
(98651, 0.00467682)
(98701, 0.00434303)
(98751, 0.00443840)
(98801, 0.00484848)
(98851, 0.00419426)
(98901, 0.00497246)
(98951, 0.00461578)
(99001, 0.00435638)
(99051, 0.00425339)
(99101, 0.00420761)
(99151, 0.00446510)
(99201, 0.00437546)
(99251, 0.00467300)
(99301, 0.00402641)
(99351, 0.00407791)
(99401, 0.00452805)
(99451, 0.00447845)
(99501, 0.00412560)
(99551, 0.00440216)
(99601, 0.00415230)
(99651, 0.00387383)
(99701, 0.00488663)
(99751, 0.00403786)
(99801, 0.00448227)
(99851, 0.00410461)
(99901, 0.00438118)
(99951, 0.00442314)
(100001, 0.00426865)
(100051, 0.00394058)
(100101, 0.00505447)
(100151, 0.00410461)
(100201, 0.00409317)
(100251, 0.00438118)
(100301, 0.00407410)
(100351, 0.00419617)
(100401, 0.00426102)
(100451, 0.00382614)
(100501, 0.00415039)
(100551, 0.00422478)
(100601, 0.00430870)
(100651, 0.00424767)
(100701, 0.00402260)
(100751, 0.00410271)
(100801, 0.00442505)
(100851, 0.00419998)
(100901, 0.00392723)
(100951, 0.00462341)
(101001, 0.00462532)
(101051, 0.00415802)
(101101, 0.00398064)
(101151, 0.00426292)
(101201, 0.00438881)
(101251, 0.00380135)
(101301, 0.00396538)
(101351, 0.00476074)
(101401, 0.00392151)
(101451, 0.00423050)
(101501, 0.00399780)
(101551, 0.00411797)
(101601, 0.00555229)
(101651, 0.00475121)
(101701, 0.00420570)
(101751, 0.00489616)
(101801, 0.00449562)
(101851, 0.00426292)
(101901, 0.00473404)
(101951, 0.00436020)
(102001, 0.00397682)
(102051, 0.00442314)
(102101, 0.00423241)
(102151, 0.00460815)
(102201, 0.00398827)
(102251, 0.00431252)
(102301, 0.00433922)
(102351, 0.00411987)
(102401, 0.00422859)
(102451, 0.00480080)
(102501, 0.00413132)
(102551, 0.00398254)
(102601, 0.00380325)
(102651, 0.00414467)
(102701, 0.00405884)
(102751, 0.00423050)
(102801, 0.00418663)
(102851, 0.00454521)
(102901, 0.00434494)
(102951, 0.00416565)
(103001, 0.00428581)
(103051, 0.00453377)
(103101, 0.00395775)
(103151, 0.00390434)
(103201, 0.00450134)
(103251, 0.00406075)
(103301, 0.00507355)
(103351, 0.00426483)
(103401, 0.00419044)
(103451, 0.00407219)
(103501, 0.00411034)
(103551, 0.00388527)
(103601, 0.00409698)
(103651, 0.00390625)
(103701, 0.00497437)
(103751, 0.00457954)
(103801, 0.00386810)
(103851, 0.00432968)
(103901, 0.00420761)
(103951, 0.00433159)
(104001, 0.00478745)
(104051, 0.00458336)
(104101, 0.00406647)
(104151, 0.00479889)
(104201, 0.00411606)
(104251, 0.00428200)
(104301, 0.00438499)
(104351, 0.00405502)
(104401, 0.00431252)
(104451, 0.00431442)
(104501, 0.00432968)
(104551, 0.00418091)
(104601, 0.00504875)
(104651, 0.00426674)
(104701, 0.00516891)
(104751, 0.00397110)
(104801, 0.00423241)
(104851, 0.00409508)
(104901, 0.00424576)
(104951, 0.00399017)
(105001, 0.00422478)
(105051, 0.00412178)
(105101, 0.00413895)
(105151, 0.00432777)
(105201, 0.00423241)
(105251, 0.00428772)
(105301, 0.00409698)
(105351, 0.00429726)
(105401, 0.00410843)
(105451, 0.00424194)
(105501, 0.00410461)
(105551, 0.00407028)
(105601, 0.00443459)
(105651, 0.00399399)
(105701, 0.00425911)
(105751, 0.00478363)
(105801, 0.00426292)
(105851, 0.00401878)
(105901, 0.00427437)
(105951, 0.00422287)
(106001, 0.00403976)
(106051, 0.00441933)
(106101, 0.00391388)
(106151, 0.00382805)
(106201, 0.00414848)
(106251, 0.00415421)
(106301, 0.00416374)
(106351, 0.00415611)
(106401, 0.00364876)
(106451, 0.00447083)
(106501, 0.00428009)
(106551, 0.00474930)
(106601, 0.00460434)
(106651, 0.00426865)
(106701, 0.00446510)
(106751, 0.00456810)
(106801, 0.00471687)
(106851, 0.00404930)
(106901, 0.00441551)
(106951, 0.00431252)
(107001, 0.00468636)
(107051, 0.00479126)
(107101, 0.00440407)
(107151, 0.00411987)
(107201, 0.00408554)
(107251, 0.00404358)
(107301, 0.00395393)
(107351, 0.00416183)
(107401, 0.00382042)
(107451, 0.00436974)
(107501, 0.00442505)
(107551, 0.00421333)
(107601, 0.00451660)
(107651, 0.00402641)
(107701, 0.00428772)
(107751, 0.00475121)
(107801, 0.00408936)
(107851, 0.00422668)
(107901, 0.00408554)
(107951, 0.00460815)
(108001, 0.00434875)
(108051, 0.00398827)
(108101, 0.00448227)
(108151, 0.00413513)
(108201, 0.00483131)
(108251, 0.00397301)
(108301, 0.00442886)
(108351, 0.00435257)
(108401, 0.00446701)
(108451, 0.00419426)
(108501, 0.00400543)
(108551, 0.00388718)
(108601, 0.00442696)
(108651, 0.00389671)
(108701, 0.00429344)
(108751, 0.00393867)
(108801, 0.00409698)
(108851, 0.00442314)
(108901, 0.00425339)
(108951, 0.00483704)
(109001, 0.00436592)
(109051, 0.00498772)
(109101, 0.00416756)
(109151, 0.00436020)
(109201, 0.00410080)
(109251, 0.00416946)
(109301, 0.00422478)
(109351, 0.00479507)
(109401, 0.00397110)
(109451, 0.00454712)
(109501, 0.00467300)
(109551, 0.00412178)
(109601, 0.00408936)
(109651, 0.00494576)
(109701, 0.00400543)
(109751, 0.00403023)
(109801, 0.00400734)
(109851, 0.00452995)
(109901, 0.00423813)
(109951, 0.00407982)
(110001, 0.00440216)
(110051, 0.00463486)
(110101, 0.00445747)
(110151, 0.00472260)
(110201, 0.00391769)
(110251, 0.00425529)
(110301, 0.00410271)
(110351, 0.00506973)
(110401, 0.00435448)
(110451, 0.00389671)
(110501, 0.00446510)
(110551, 0.00438690)
(110601, 0.00395393)
(110651, 0.00452614)
(110701, 0.00487900)
(110751, 0.00429916)
(110801, 0.00412178)
(110851, 0.00382996)
(110901, 0.00389290)
(110951, 0.00425720)
(111001, 0.00397491)
(111051, 0.00423050)
(111101, 0.00446320)
(111151, 0.00469208)
(111201, 0.00391197)
(111251, 0.00403214)
(111301, 0.00461388)
(111351, 0.00419998)
(111401, 0.00391006)
(111451, 0.00408363)
(111501, 0.00404930)
(111551, 0.00385284)
(111601, 0.00449181)
(111651, 0.00419617)
(111701, 0.00414848)
(111751, 0.00423431)
(111801, 0.00456810)
(111851, 0.00446129)
(111901, 0.00419044)
(111951, 0.00427818)
(112001, 0.00431061)
(112051, 0.00425339)
(112101, 0.00472069)
(112151, 0.00424576)
(112201, 0.00398827)
(112251, 0.00475883)
(112301, 0.00404549)
(112351, 0.00406265)
(112401, 0.00412750)
(112451, 0.00403786)
(112501, 0.00456047)
(112551, 0.00418472)
(112601, 0.00395203)
(112651, 0.00452614)
(112701, 0.00403023)
(112751, 0.00408363)
(112801, 0.00436211)
(112851, 0.00387383)
(112901, 0.00413132)
(112951, 0.00430298)
(113001, 0.00419998)
(113051, 0.00418854)
(113101, 0.00386238)
(113151, 0.00387955)
(113201, 0.00428200)
(113251, 0.00438309)
(113301, 0.00414467)
(113351, 0.00387955)
(113401, 0.00493813)
(113451, 0.00447655)
(113501, 0.00385857)
(113551, 0.00491333)
(113601, 0.00480461)
(113651, 0.00446129)
(113701, 0.00368690)
(113751, 0.00408936)
(113801, 0.00394821)
(113851, 0.00559044)
(113901, 0.00403214)
(113951, 0.00401306)
(114001, 0.00455666)
(114051, 0.00428963)
(114101, 0.00412560)
(114151, 0.00455475)
(114201, 0.00440025)
(114251, 0.00454903)
(114301, 0.00374794)
(114351, 0.00410080)
(114401, 0.00440216)
(114451, 0.00440407)
(114501, 0.00424385)
(114551, 0.00387573)
(114601, 0.00429726)
(114651, 0.00380898)
(114701, 0.00402832)
(114751, 0.00478935)
(114801, 0.00378418)
(114851, 0.00419807)
(114901, 0.00434875)
(114951, 0.00391579)
(115001, 0.00405884)
(115051, 0.00393486)
(115101, 0.00478172)
(115151, 0.00378609)
(115201, 0.00395966)
(115251, 0.00426674)
(115301, 0.00406075)
(115351, 0.00379944)
(115401, 0.00433922)
(115451, 0.00424767)
(115501, 0.00406837)
(115551, 0.00418472)
(115601, 0.00402832)
(115651, 0.00362968)
(115701, 0.00403023)
(115751, 0.00426292)
(115801, 0.00405884)
(115851, 0.00399399)
(115901, 0.00436783)
(115951, 0.00388145)
(116001, 0.00406456)
(116051, 0.00398064)
(116101, 0.00409698)
(116151, 0.00382805)
(116201, 0.00411224)
(116251, 0.00429726)
(116301, 0.00431824)
(116351, 0.00385284)
(116401, 0.00408936)
(116451, 0.00422668)
(116501, 0.00423622)
(116551, 0.00387955)
(116601, 0.00398827)
(116651, 0.00464821)
(116701, 0.00424194)
(116751, 0.00400734)
(116801, 0.00401497)
(116851, 0.00404739)
(116901, 0.00421906)
(116951, 0.00383568)
(117001, 0.00402451)
(117051, 0.00406075)
(117101, 0.00416756)
(117151, 0.00466347)
(117201, 0.00395775)
(117251, 0.00404358)
(117301, 0.00384903)
(117351, 0.00391197)
(117401, 0.00403404)
(117451, 0.00395584)
(117501, 0.00390434)
(117551, 0.00444603)
(117601, 0.00472260)
(117651, 0.00439835)
(117701, 0.00406647)
(117751, 0.00392151)
(117801, 0.00380135)
(117851, 0.00403976)
(117901, 0.00398636)
(117951, 0.00408745)
(118001, 0.00421333)
(118051, 0.00394249)
(118101, 0.00439644)
(118151, 0.00400162)
(118201, 0.00392723)
(118251, 0.00423050)
(118301, 0.00453949)
(118351, 0.00429916)
(118401, 0.00414467)
(118451, 0.00432014)
(118501, 0.00446129)
(118551, 0.00394440)
(118601, 0.00396347)
(118651, 0.00397110)
(118701, 0.00396919)
(118751, 0.00406075)
(118801, 0.00379562)
(118851, 0.00391769)
(118901, 0.00372696)
(118951, 0.00422096)
(119001, 0.00408745)
(119051, 0.00419807)
(119101, 0.00423622)
(119151, 0.00471497)
(119201, 0.00442505)
(119251, 0.00455666)
(119301, 0.00492096)
(119351, 0.00390244)
(119401, 0.00402260)
(119451, 0.00361633)
(119501, 0.00465584)
(119551, 0.00377846)
(119601, 0.00396156)
(119651, 0.00414467)
(119701, 0.00451469)
(119751, 0.00398254)
(119801, 0.00390244)
(119851, 0.00425529)
(119901, 0.00391197)
(119951, 0.00391388)
(120001, 0.00440979)
(120051, 0.00395966)
(120101, 0.00381279)
(120151, 0.00468445)
(120201, 0.00442505)
(120251, 0.00437164)
(120301, 0.00404930)
(120351, 0.00422287)
(120401, 0.00433731)
(120451, 0.00402069)
(120501, 0.00421333)
(120551, 0.00409698)
(120601, 0.00490379)
(120651, 0.00433731)
(120701, 0.00415039)
(120751, 0.00423241)
(120801, 0.00444603)
(120851, 0.00505257)
(120901, 0.00398827)
(120951, 0.00419807)
(121001, 0.00467300)
(121051, 0.00441360)
(121101, 0.00396347)
(121151, 0.00445938)
(121201, 0.00377846)
(121251, 0.00446320)
(121301, 0.00400352)
(121351, 0.00396538)
(121401, 0.00453186)
(121451, 0.00435638)
(121501, 0.00451088)
(121551, 0.00433159)
(121601, 0.00368881)
(121651, 0.00424957)
(121701, 0.00406647)
(121751, 0.00403595)
(121801, 0.00432777)
(121851, 0.00424004)
(121901, 0.00538826)
(121951, 0.00436211)
(122001, 0.00434303)
(122051, 0.00373268)
(122101, 0.00408554)
(122151, 0.00412560)
(122201, 0.00407600)
(122251, 0.00427437)
(122301, 0.00398064)
(122351, 0.00474548)
(122401, 0.00413895)
(122451, 0.00381851)
(122501, 0.00408363)
(122551, 0.00416946)
(122601, 0.00428200)
(122651, 0.00427628)
(122701, 0.00426674)
(122751, 0.00416946)
(122801, 0.00435448)
(122851, 0.00461769)
(122901, 0.00469017)
(122951, 0.00391579)
(123001, 0.00416565)
(123051, 0.00400925)
(123101, 0.00405693)
(123151, 0.00434113)
(123201, 0.00420761)
(123251, 0.00422287)
(123301, 0.00434875)
(123351, 0.00411224)
(123401, 0.00383377)
(123451, 0.00479126)
(123501, 0.00391006)
(123551, 0.00379181)
(123601, 0.00429344)
(123651, 0.00362587)
(123701, 0.00436020)
(123751, 0.00373840)
(123801, 0.00407982)
(123851, 0.00453186)
(123901, 0.00435638)
(123951, 0.00433731)
(124001, 0.00397682)
(124051, 0.00399017)
(124101, 0.00366592)
(124151, 0.00416565)
(124201, 0.00409698)
(124251, 0.00370789)
(124301, 0.00418472)
(124351, 0.00434875)
(124401, 0.00401306)
(124451, 0.00426102)
(124501, 0.00397491)
(124551, 0.00412560)
(124601, 0.00389862)
(124651, 0.00478554)
(124701, 0.00398827)
(124751, 0.00399971)
(124801, 0.00410652)
(124851, 0.00395012)
(124901, 0.00406837)
(124951, 0.00392532)
