(1, 11.68868571)
(51, 3.90656769)
(101, 2.79238795)
(151, 2.38864115)
(201, 2.16555803)
(251, 2.15631542)
(301, 1.87361259)
(351, 1.94892592)
(401, 1.69443193)
(451, 1.57273252)
(501, 1.50065223)
(551, 1.33883713)
(601, 1.31305145)
(651, 1.19669668)
(701, 1.12440973)
(751, 1.19699066)
(801, 1.25346805)
(851, 1.11928738)
(901, 1.00608412)
(951, 1.06868776)
(1001, 1.07448763)
(1051, 0.97060011)
(1101, 0.96784142)
(1151, 0.91278205)
(1201, 0.98035234)
(1251, 0.92263846)
(1301, 0.81888260)
(1351, 0.80901515)
(1401, 0.87735419)
(1451, 0.84017018)
(1501, 0.80993213)
(1551, 0.82340547)
(1601, 0.82073750)
(1651, 0.84274314)
(1701, 0.73424333)
(1751, 0.72631877)
(1801, 0.88147604)
(1851, 0.75093641)
(1901, 0.72423336)
(1951, 0.75395984)
(2001, 0.66826279)
(2051, 0.65221416)
(2101, 0.67200283)
(2151, 0.65586123)
(2201, 0.81138561)
(2251, 0.73425331)
(2301, 0.65645551)
(2351, 0.66128620)
(2401, 0.77818722)
(2451, 0.68535871)
(2501, 0.61588126)
(2551, 0.58817128)
(2601, 0.63447934)
(2651, 0.65605684)
(2701, 0.67347606)
(2751, 0.63024448)
(2801, 0.61346941)
(2851, 0.74024254)
(2901, 0.67489689)
(2951, 0.61876891)
(3001, 0.60496458)
(3051, 0.55606946)
(3101, 0.60273453)
(3151, 0.72088406)
(3201, 0.53666899)
(3251, 0.65771829)
(3301, 0.54873350)
(3351, 0.50401454)
(3401, 0.51214346)
(3451, 0.63080465)
(3501, 0.51175007)
(3551, 0.60163433)
(3601, 0.55152993)
(3651, 0.53339251)
(3701, 0.51972318)
(3751, 0.51447285)
(3801, 0.51241229)
(3851, 0.54065519)
(3901, 0.54172596)
(3951, 0.50551717)
(4001, 0.51235463)
(4051, 0.60398041)
(4101, 0.48807278)
(4151, 0.50720521)
(4201, 0.50386395)
(4251, 0.55445444)
(4301, 0.52936609)
(4351, 0.70895525)
(4401, 0.45940448)
(4451, 0.71267609)
(4501, 0.56109087)
(4551, 0.49360279)
(4601, 0.50624407)
(4651, 0.47925565)
(4701, 0.51434901)
(4751, 0.45543194)
(4801, 0.51794699)
(4851, 0.49954975)
(4901, 0.44854787)
(4951, 0.51600648)
(5001, 0.47612923)
(5051, 0.45230680)
(5101, 0.43770593)
(5151, 0.49726203)
(5201, 0.45847279)
(5251, 0.50326288)
(5301, 0.44130737)
(5351, 0.43806462)
(5401, 0.47064205)
(5451, 0.46463807)
(5501, 0.53301703)
(5551, 0.42486062)
(5601, 0.45571686)
(5651, 0.44294349)
(5701, 0.46125748)
(5751, 0.43061052)
(5801, 0.40965504)
(5851, 0.46118495)
(5901, 0.42080028)
(5951, 0.45727043)
(6001, 0.44534447)
(6051, 0.42998365)
(6101, 0.45458873)
(6151, 0.42658071)
(6201, 0.48349908)
(6251, 0.42407914)
(6301, 0.45309079)
(6351, 0.42737013)
(6401, 0.40859279)
(6451, 0.43257711)
(6501, 0.42272828)
(6551, 0.41387561)
(6601, 0.45210769)
(6651, 0.41541480)
(6701, 0.43621260)
(6751, 0.42330009)
(6801, 0.44248777)
(6851, 0.39659598)
(6901, 0.38092667)
(6951, 0.44251791)
(7001, 0.40075201)
(7051, 0.41812329)
(7101, 0.43745230)
(7151, 0.38433372)
(7201, 0.38465627)
(7251, 0.40394369)
(7301, 0.41528544)
(7351, 0.43735657)
(7401, 0.39039304)
(7451, 0.39847707)
(7501, 0.40043527)
(7551, 0.39937237)
(7601, 0.38546679)
(7651, 0.38870986)
(7701, 0.41851042)
(7751, 0.40952136)
(7801, 0.41758620)
(7851, 0.38414691)
(7901, 0.37476601)
(7951, 0.41007870)
(8001, 0.41595450)
(8051, 0.38957219)
(8101, 0.38995421)
(8151, 0.38708408)
(8201, 0.39389412)
(8251, 0.38417530)
(8301, 0.36797260)
(8351, 0.40079264)
(8401, 0.37674067)
(8451, 0.38481175)
(8501, 0.34875869)
(8551, 0.36134845)
(8601, 0.38732266)
(8651, 0.36735569)
(8701, 0.37174780)
(8751, 0.36756961)
(8801, 0.41375998)
(8851, 0.39964988)
(8901, 0.36145984)
(8951, 0.40231411)
(9001, 0.36466543)
(9051, 0.38060461)
(9101, 0.35260580)
(9151, 0.40639180)
(9201, 0.35491212)
(9251, 0.44554833)
(9301, 0.35735346)
(9351, 0.36501999)
(9401, 0.37054739)
(9451, 0.39026145)
(9501, 0.43607962)
(9551, 0.40622051)
(9601, 0.34494666)
(9651, 0.35601681)
(9701, 0.36683166)
(9751, 0.37392655)
(9801, 0.33564188)
(9851, 0.34673016)
(9901, 0.36194396)
(9951, 0.33994380)
(10001, 0.36415003)
(10051, 0.37426068)
(10101, 0.36783465)
(10151, 0.38536112)
(10201, 0.40869937)
(10251, 0.35648697)
(10301, 0.40711787)
(10351, 0.36711179)
(10401, 0.33834391)
(10451, 0.36128870)
(10501, 0.35816918)
(10551, 0.33496426)
(10601, 0.36086577)
(10651, 0.36765983)
(10701, 0.33582056)
(10751, 0.34469613)
(10801, 0.35252464)
(10851, 0.35153264)
(10901, 0.30647008)
(10951, 0.36289029)
(11001, 0.35156905)
(11051, 0.34578520)
(11101, 0.32398740)
(11151, 0.34655244)
(11201, 0.34855811)
(11251, 0.36773359)
(11301, 0.36923647)
(11351, 0.35438833)
(11401, 0.33165735)
(11451, 0.34305589)
(11501, 0.38309186)
(11551, 0.31412089)
(11601, 0.32479321)
(11651, 0.35899220)
(11701, 0.31051316)
(11751, 0.41395874)
(11801, 0.36839849)
(11851, 0.32004106)
(11901, 0.35948575)
(11951, 0.31692891)
(12001, 0.33992868)
(12051, 0.32415677)
(12101, 0.32948371)
(12151, 0.33956777)
(12201, 0.32726580)
(12251, 0.31106637)
(12301, 0.37996539)
(12351, 0.31509422)
(12401, 0.32041088)
(12451, 0.33181008)
(12501, 0.34303206)
(12551, 0.33193960)
(12601, 0.32171356)
(12651, 0.30362942)
(12701, 0.33126133)
(12751, 0.32330589)
(12801, 0.32990324)
(12851, 0.31362087)
(12901, 0.33063540)
(12951, 0.31435532)
(13001, 0.34161292)
(13051, 0.31676899)
(13101, 0.33080152)
(13151, 0.33361439)
(13201, 0.33341230)
(13251, 0.33981869)
(13301, 0.31316110)
(13351, 0.34145096)
(13401, 0.33876352)
(13451, 0.32277790)
(13501, 0.30851776)
(13551, 0.31294920)
(13601, 0.34093049)
(13651, 0.32466494)
(13701, 0.31553035)
(13751, 0.35946518)
(13801, 0.29966711)
(13851, 0.36299976)
(13901, 0.29650498)
(13951, 0.32384526)
(14001, 0.33735156)
(14051, 0.32774666)
(14101, 0.34981709)
(14151, 0.30823398)
(14201, 0.31401763)
(14251, 0.33276077)
(14301, 0.31639902)
(14351, 0.32515750)
(14401, 0.32139874)
(14451, 0.31318279)
(14501, 0.31797902)
(14551, 0.32708898)
(14601, 0.30926965)
(14651, 0.34176226)
(14701, 0.30830745)
(14751, 0.31589169)
(14801, 0.33892375)
(14851, 0.31535972)
(14901, 0.30889912)
(14951, 0.29389850)
(15001, 0.29976977)
(15051, 0.30726008)
(15101, 0.33005500)
(15151, 0.30014079)
(15201, 0.31383064)
(15251, 0.33676504)
(15301, 0.32077847)
(15351, 0.29799891)
(15401, 0.30395823)
(15451, 0.30111358)
(15501, 0.31732679)
(15551, 0.29099343)
(15601, 0.32649586)
(15651, 0.33646858)
(15701, 0.30206345)
(15751, 0.33006809)
(15801, 0.31623397)
(15851, 0.28837095)
(15901, 0.31056254)
(15951, 0.30118370)
(16001, 0.31620337)
(16051, 0.28873388)
(16101, 0.31515900)
(16151, 0.30720663)
(16201, 0.31589029)
(16251, 0.30540750)
(16301, 0.30547188)
(16351, 0.31710914)
(16401, 0.31785252)
(16451, 0.30194079)
(16501, 0.30710573)
(16551, 0.30271210)
(16601, 0.32953504)
(16651, 0.31036402)
(16701, 0.31547863)
(16751, 0.30173791)
(16801, 0.30002918)
(16851, 0.31173125)
(16901, 0.29822985)
(16951, 0.30639641)
(17001, 0.29260201)
(17051, 0.29637137)
(17101, 0.30234678)
(17151, 0.29565537)
(17201, 0.29431693)
(17251, 0.30886514)
(17301, 0.33614065)
(17351, 0.31295386)
(17401, 0.30323006)
(17451, 0.29206211)
(17501, 0.30277399)
(17551, 0.33389970)
(17601, 0.28501099)
(17651, 0.27525476)
(17701, 0.30182026)
(17751, 0.28113149)
(17801, 0.29159875)
(17851, 0.31101891)
(17901, 0.30856343)
(17951, 0.29848871)
(18001, 0.31616312)
(18051, 0.30510427)
(18101, 0.33545950)
(18151, 0.29499712)
(18201, 0.29537472)
(18251, 0.29110928)
(18301, 0.31553537)
(18351, 0.30149805)
(18401, 0.30452545)
(18451, 0.28653891)
(18501, 0.28306221)
(18551, 0.29121498)
(18601, 0.31520504)
(18651, 0.28214465)
(18701, 0.28856542)
(18751, 0.31171863)
(18801, 0.29445343)
(18851, 0.31916043)
(18901, 0.30407156)
(18951, 0.27923106)
(19001, 0.28926115)
(19051, 0.27458174)
(19101, 0.29072440)
(19151, 0.29938597)
(19201, 0.34700220)
(19251, 0.29796664)
(19301, 0.30828545)
(19351, 0.29389174)
(19401, 0.28480357)
(19451, 0.29602648)
(19501, 0.29814227)
(19551, 0.28108805)
(19601, 0.31623915)
(19651, 0.27146025)
(19701, 0.41400450)
(19751, 0.27934831)
(19801, 0.28005449)
(19851, 0.29431602)
(19901, 0.34271106)
(19951, 0.28754990)
(20001, 0.29105492)
(20051, 0.29135698)
(20101, 0.28566074)
(20151, 0.28719045)
(20201, 0.27121281)
(20251, 0.27397990)
(20301, 0.27543537)
(20351, 0.30531259)
(20401, 0.28557517)
(20451, 0.31052940)
(20501, 0.28446047)
(20551, 0.26824794)
(20601, 0.29603762)
(20651, 0.27408676)
(20701, 0.28919432)
(20751, 0.27404822)
(20801, 0.27360615)
(20851, 0.28796637)
(20901, 0.30765221)
(20951, 0.30994532)
(21001, 0.34184562)
(21051, 0.28068323)
(21101, 0.26977812)
(21151, 0.27676449)
(21201, 0.29640240)
(21251, 0.27320099)
(21301, 0.28644365)
(21351, 0.27988268)
(21401, 0.27523774)
(21451, 0.28855816)
(21501, 0.33391571)
(21551, 0.29458067)
(21601, 0.28101103)
(21651, 0.26873103)
(21701, 0.27700270)
(21751, 0.27470205)
(21801, 0.29637581)
(21851, 0.27908883)
(21901, 0.27183625)
(21951, 0.26513682)
(22001, 0.28181337)
(22051, 0.30575861)
(22101, 0.27101685)
(22151, 0.29655641)
(22201, 0.30908418)
(22251, 0.28669710)
(22301, 0.30353073)
(22351, 0.27655941)
(22401, 0.31426982)
(22451, 0.27760667)
(22501, 0.27597164)
(22551, 0.27127883)
(22601, 0.29148799)
(22651, 0.27453299)
(22701, 0.25663145)
(22751, 0.28028330)
(22801, 0.26261707)
(22851, 0.28409893)
(22901, 0.27050655)
(22951, 0.25796476)
(23001, 0.26310935)
(23051, 0.27036694)
(23101, 0.25553485)
(23151, 0.26890653)
(23201, 0.27229751)
(23251, 0.26477456)
(23301, 0.27270541)
(23351, 0.29136503)
(23401, 0.27328460)
(23451, 0.27592053)
(23501, 0.29524010)
(23551, 0.27533652)
(23601, 0.28083146)
(23651, 0.29381322)
(23701, 0.25435016)
(23751, 0.27716942)
(23801, 0.26300560)
(23851, 0.28408360)
(23901, 0.27077928)
(23951, 0.28483888)
(24001, 0.28032942)
(24051, 0.28215354)
(24101, 0.26636407)
(24151, 0.27848631)
(24201, 0.27916656)
(24251, 0.27188629)
(24301, 0.25838526)
(24351, 0.25972944)
(24401, 0.26680926)
(24451, 0.27824700)
(24501, 0.27432574)
(24551, 0.27944302)
(24601, 0.25712814)
(24651, 0.26605213)
(24701, 0.27254367)
(24751, 0.26727192)
(24801, 0.27956228)
(24851, 0.29465359)
(24901, 0.28651812)
(24951, 0.27525636)
(25001, 0.28105863)
(25051, 0.28703871)
(25101, 0.27849234)
(25151, 0.27075348)
(25201, 0.26769403)
(25251, 0.26806919)
(25301, 0.26435134)
(25351, 0.26816401)
(25401, 0.28047284)
(25451, 0.28107184)
(25501, 0.28687073)
(25551, 0.26191773)
(25601, 0.26302834)
(25651, 0.26589557)
(25701, 0.26429582)
(25751, 0.24860919)
(25801, 0.29482578)
(25851, 0.25433372)
(25901, 0.27517297)
(25951, 0.26578473)
(26001, 0.27887838)
(26051, 0.30297376)
(26101, 0.24449836)
(26151, 0.27470422)
(26201, 0.26174553)
(26251, 0.31704649)
(26301, 0.25750586)
(26351, 0.26693334)
(26401, 0.27046144)
(26451, 0.25929549)
(26501, 0.24912281)
(26551, 0.26681092)
(26601, 0.26598895)
(26651, 0.24877157)
(26701, 0.26030914)
(26751, 0.24317306)
(26801, 0.28257658)
(26851, 0.27069074)
(26901, 0.26641199)
(26951, 0.25572874)
(27001, 0.25238606)
(27051, 0.26020630)
(27101, 0.24955657)
(27151, 0.26206100)
(27201, 0.26887874)
(27251, 0.25594003)
(27301, 0.26047988)
(27351, 0.25373000)
(27401, 0.25587752)
(27451, 0.29542393)
(27501, 0.24855895)
(27551, 0.26396034)
(27601, 0.35507433)
(27651, 0.26259575)
(27701, 0.26047895)
(27751, 0.27842183)
(27801, 0.27527750)
(27851, 0.24989953)
(27901, 0.26550813)
(27951, 0.26023681)
(28001, 0.25314477)
(28051, 0.25384146)
(28101, 0.26799801)
(28151, 0.26463984)
(28201, 0.25406429)
(28251, 0.26577227)
(28301, 0.27033772)
(28351, 0.26180417)
(28401, 0.27198214)
(28451, 0.27839698)
(28501, 0.25279111)
(28551, 0.26890765)
(28601, 0.26155255)
(28651, 0.25730725)
(28701, 0.28190030)
(28751, 0.24583028)
(28801, 0.25346113)
(28851, 0.25984347)
(28901, 0.24576963)
(28951, 0.24314407)
(29001, 0.26216886)
(29051, 0.29480695)
(29101, 0.30953569)
(29151, 0.26740674)
(29201, 0.25288988)
(29251, 0.24618040)
(29301, 0.25420471)
(29351, 0.27196735)
(29401, 0.25877958)
(29451, 0.27756972)
(29501, 0.26648660)
(29551, 0.26728047)
(29601, 0.25521440)
(29651, 0.31123030)
(29701, 0.24909339)
(29751, 0.25971292)
(29801, 0.23543838)
(29851, 0.25644291)
(29901, 0.24970407)
(29951, 0.25784078)
(30001, 0.25496827)
(30051, 0.26758497)
(30101, 0.25650606)
(30151, 0.23962577)
(30201, 0.24700836)
(30251, 0.24086064)
(30301, 0.26240568)
(30351, 0.24368149)
(30401, 0.27804526)
(30451, 0.27856679)
(30501, 0.24570090)
(30551, 0.25916690)
(30601, 0.26281368)
(30651, 0.25376667)
(30701, 0.24395927)
(30751, 0.26428582)
(30801, 0.24613337)
(30851, 0.25731538)
(30901, 0.26078464)
(30951, 0.24764622)
(31001, 0.24644039)
(31051, 0.25043521)
(31101, 0.24376855)
(31151, 0.26403468)
(31201, 0.24635965)
(31251, 0.23903558)
(31301, 0.26742905)
(31351, 0.27786184)
(31401, 0.24765171)
(31451, 0.23123229)
(31501, 0.24331749)
(31551, 0.25474068)
(31601, 0.24215018)
(31651, 0.24887595)
(31701, 0.24712399)
(31751, 0.25283023)
(31801, 0.24933970)
(31851, 0.24176388)
(31901, 0.27391699)
(31951, 0.24985179)
(32001, 0.25609729)
(32051, 0.24715865)
(32101, 0.25158559)
(32151, 0.23614213)
(32201, 0.22294462)
(32251, 0.25777621)
(32301, 0.25639182)
(32351, 0.25401725)
(32401, 0.24731016)
(32451, 0.24701029)
(32501, 0.25856455)
(32551, 0.27557878)
(32601, 0.25264352)
(32651, 0.23642380)
(32701, 0.24829064)
(32751, 0.24322350)
(32801, 0.24347229)
(32851, 0.24416742)
(32901, 0.23240778)
(32951, 0.23871205)
(33001, 0.26461833)
(33051, 0.26111330)
(33101, 0.26315898)
(33151, 0.24482783)
(33201, 0.30556685)
(33251, 0.24764064)
(33301, 0.26671832)
(33351, 0.23853909)
(33401, 0.24154567)
(33451, 0.27304788)
(33501, 0.23841280)
(33551, 0.23623476)
(33601, 0.24954802)
(33651, 0.23792774)
(33701, 0.23165995)
(33751, 0.24707606)
(33801, 0.24155445)
(33851, 0.22744440)
(33901, 0.23557792)
(33951, 0.23358547)
(34001, 0.26349774)
(34051, 0.27985581)
(34101, 0.25266328)
(34151, 0.24404274)
(34201, 0.24113674)
(34251, 0.25408597)
(34301, 0.22711559)
(34351, 0.24160425)
(34401, 0.23925015)
(34451, 0.28237041)
(34501, 0.23779237)
(34551, 0.25403745)
(34601, 0.23570021)
(34651, 0.24187829)
(34701, 0.24499248)
(34751, 0.25034141)
(34801, 0.24155631)
(34851, 0.25170913)
(34901, 0.25037163)
(34951, 0.24731335)
(35001, 0.24406726)
(35051, 0.24274107)
(35101, 0.24667658)
(35151, 0.24836380)
(35201, 0.23744245)
(35251, 0.23190165)
(35301, 0.23452199)
(35351, 0.23593036)
(35401, 0.25656128)
(35451, 0.24247152)
(35501, 0.23739029)
(35551, 0.26404873)
(35601, 0.23512183)
(35651, 0.24158344)
(35701, 0.23079823)
(35751, 0.23524070)
(35801, 0.30321255)
(35851, 0.23152675)
(35901, 0.23799490)
(35951, 0.23816311)
(36001, 0.24522328)
(36051, 0.23085395)
(36101, 0.23682209)
(36151, 0.25442379)
(36201, 0.25129956)
(36251, 0.24159075)
(36301, 0.23580407)
(36351, 0.25284995)
(36401, 0.23391473)
(36451, 0.22815756)
(36501, 0.23982354)
(36551, 0.22353311)
(36601, 0.24951977)
(36651, 0.24840620)
(36701, 0.24242480)
(36751, 0.25465475)
(36801, 0.26557469)
(36851, 0.24604128)
(36901, 0.23334035)
(36951, 0.22564069)
(37001, 0.29538339)
(37051, 0.26033539)
(37101, 0.24253616)
(37151, 0.24842670)
(37201, 0.23578177)
(37251, 0.24642183)
(37301, 0.24679818)
(37351, 0.22739033)
(37401, 0.24407633)
(37451, 0.23333568)
(37501, 0.23297969)
(37551, 0.23157781)
(37601, 0.22658902)
(37651, 0.24097152)
(37701, 0.24068145)
(37751, 0.25375206)
(37801, 0.23102836)
(37851, 0.25074127)
(37901, 0.24992225)
(37951, 0.23672861)
(38001, 0.25362414)
(38051, 0.22494942)
(38101, 0.26602612)
(38151, 0.28375026)
(38201, 0.22123893)
(38251, 0.22372403)
(38301, 0.22351002)
(38351, 0.25990789)
(38401, 0.23381621)
(38451, 0.22983809)
(38501, 0.22650136)
(38551, 0.24090711)
(38601, 0.23675458)
(38651, 0.24753530)
(38701, 0.28162012)
(38751, 0.24792860)
(38801, 0.22798286)
(38851, 0.22794820)
(38901, 0.22623488)
(38951, 0.24032649)
(39001, 0.22504570)
(39051, 0.23902025)
(39101, 0.24905937)
(39151, 0.24810391)
(39201, 0.23236373)
(39251, 0.23712422)
(39301, 0.25586195)
(39351, 0.23421453)
(39401, 0.24141287)
(39451, 0.24026164)
(39501, 0.25196663)
(39551, 0.23190649)
(39601, 0.24307244)
(39651, 0.23972775)
(39701, 0.23929117)
(39751, 0.23777647)
(39801, 0.24281429)
(39851, 0.21840841)
(39901, 0.22916844)
(39951, 0.23191099)
(40001, 0.23488174)
(40051, 0.22593636)
(40101, 0.22782179)
(40151, 0.23376650)
(40201, 0.23429184)
(40251, 0.24685565)
(40301, 0.22472266)
(40351, 0.24651302)
(40401, 0.22949730)
(40451, 0.22337694)
(40501, 0.24623154)
(40551, 0.23644080)
(40601, 0.23035200)
(40651, 0.22723869)
(40701, 0.26525090)
(40751, 0.24290860)
(40801, 0.24631014)
(40851, 0.24372505)
(40901, 0.22700278)
(40951, 0.26338582)
(41001, 0.24392421)
(41051, 0.23577932)
(41101, 0.23817114)
(41151, 0.25062582)
(41201, 0.20982670)
(41251, 0.24260855)
(41301, 0.23679325)
(41351, 0.22812515)
(41401, 0.22816408)
(41451, 0.22436981)
(41501, 0.23360800)
(41551, 0.23520568)
(41601, 0.24298383)
(41651, 0.22464008)
(41701, 0.23933475)
(41751, 0.23315116)
(41801, 0.24339600)
(41851, 0.24108592)
(41901, 0.22869731)
(41951, 0.22430816)
(42001, 0.22916906)
(42051, 0.22520405)
(42101, 0.24255145)
(42151, 0.24555066)
(42201, 0.23751256)
(42251, 0.24125518)
(42301, 0.28525435)
(42351, 0.23654169)
(42401, 0.26893337)
(42451, 0.22290126)
(42501, 0.24101783)
(42551, 0.23480248)
(42601, 0.22449394)
(42651, 0.24198088)
(42701, 0.24166191)
(42751, 0.21969274)
(42801, 0.23030674)
(42851, 0.23574851)
(42901, 0.22961835)
(42951, 0.26547255)
(43001, 0.22119066)
(43051, 0.22397858)
(43101, 0.24148017)
(43151, 0.23028104)
(43201, 0.24653568)
(43251, 0.25468424)
(43301, 0.22395367)
(43351, 0.22865033)
(43401, 0.22704965)
(43451, 0.21880607)
(43501, 0.24053024)
(43551, 0.22281812)
(43601, 0.23035195)
(43651, 0.21727145)
(43701, 0.22816344)
(43751, 0.23078484)
(43801, 0.22395715)
(43851, 0.22363315)
(43901, 0.23357416)
(43951, 0.22074872)
(44001, 0.22791040)
(44051, 0.25770023)
(44101, 0.22800422)
(44151, 0.22458001)
(44201, 0.21800352)
(44251, 0.23202705)
(44301, 0.24634002)
(44351, 0.23660667)
(44401, 0.21906853)
(44451, 0.24189346)
(44501, 0.22185740)
(44551, 0.23202324)
(44601, 0.22571004)
(44651, 0.22654508)
(44701, 0.21106640)
(44751, 0.23151310)
(44801, 0.22259973)
(44851, 0.23618781)
(44901, 0.22593369)
(44951, 0.22433911)
(45001, 0.22835051)
(45051, 0.22139855)
(45101, 0.22370604)
(45151, 0.22143501)
(45201, 0.23332575)
(45251, 0.22120560)
(45301, 0.21651294)
(45351, 0.22603019)
(45401, 0.22644219)
(45451, 0.23164822)
(45501, 0.23560996)
(45551, 0.21869019)
(45601, 0.22841385)
(45651, 0.21775055)
(45701, 0.23147830)
(45751, 0.22862016)
(45801, 0.21647121)
(45851, 0.20972265)
(45901, 0.22209417)
(45951, 0.21244631)
(46001, 0.22441376)
(46051, 0.21333473)
(46101, 0.22469441)
(46151, 0.22616015)
(46201, 0.22812050)
(46251, 0.22440895)
(46301, 0.22281171)
(46351, 0.22512955)
(46401, 0.22714409)
(46451, 0.22249169)
(46501, 0.22817487)
(46551, 0.21745883)
(46601, 0.21300435)
(46651, 0.22271135)
(46701, 0.24532950)
(46751, 0.23671851)
(46801, 0.22833822)
(46851, 0.22397453)
(46901, 0.22404847)
(46951, 0.23606440)
(47001, 0.22324768)
(47051, 0.22033640)
(47101, 0.22088032)
(47151, 0.23835941)
(47201, 0.24756226)
(47251, 0.23763076)
(47301, 0.23479702)
(47351, 0.21914013)
(47401, 0.23224726)
(47451, 0.25278403)
(47501, 0.23330214)
(47551, 0.21994534)
(47601, 0.22762020)
(47651, 0.22581195)
(47701, 0.22607026)
(47751, 0.23484344)
(47801, 0.22705581)
(47851, 0.23024791)
(47901, 0.24408563)
(47951, 0.24060339)
(48001, 0.25427689)
(48051, 0.22636567)
(48101, 0.22182229)
(48151, 0.21737140)
(48201, 0.22582927)
(48251, 0.20565211)
(48301, 0.27281960)
(48351, 0.21914176)
(48401, 0.23203093)
(48451, 0.22722190)
(48501, 0.22909304)
(48551, 0.20993586)
(48601, 0.21607205)
(48651, 0.21962234)
(48701, 0.21604025)
(48751, 0.23353474)
(48801, 0.23033616)
(48851, 0.22859107)
(48901, 0.25019232)
(48951, 0.24008230)
(49001, 0.23507638)
(49051, 0.21062627)
(49101, 0.22568705)
(49151, 0.22702690)
(49201, 0.22060030)
(49251, 0.22781431)
(49301, 0.23006990)
(49351, 0.23887314)
(49401, 0.23713840)
(49451, 0.24265828)
(49501, 0.22004554)
(49551, 0.22898988)
(49601, 0.21656544)
(49651, 0.27088635)
(49701, 0.21389068)
(49751, 0.20716858)
(49801, 0.22605197)
(49851, 0.22847499)
(49901, 0.22896236)
(49951, 0.21380425)
(50001, 0.22512703)
(50051, 0.23714070)
(50101, 0.21771715)
(50151, 0.21960271)
(50201, 0.21225734)
(50251, 0.22031588)
(50301, 0.21692069)
(50351, 0.22592040)
(50401, 0.20651827)
(50451, 0.23039550)
(50501, 0.23226291)
(50551, 0.21576162)
(50601, 0.23151134)
(50651, 0.21790137)
(50701, 0.21618812)
(50751, 0.21294546)
(50801, 0.20101542)
(50851, 0.20790145)
(50901, 0.20968978)
(50951, 0.22039444)
(51001, 0.24703206)
(51051, 0.21778930)
(51101, 0.21190831)
(51151, 0.21279004)
(51201, 0.20614626)
(51251, 0.23914751)
(51301, 0.20852292)
(51351, 0.23061321)
(51401, 0.22240996)
(51451, 0.23033065)
(51501, 0.22314573)
(51551, 0.21547916)
(51601, 0.22608863)
(51651, 0.21080072)
(51701, 0.22178714)
(51751, 0.22297154)
(51801, 0.23440690)
(51851, 0.21891915)
(51901, 0.21580363)
(51951, 0.21132195)
(52001, 0.21932401)
(52051, 0.22066986)
(52101, 0.22823305)
(52151, 0.22055656)
(52201, 0.20968656)
(52251, 0.22858145)
(52301, 0.21251626)
(52351, 0.21153124)
(52401, 0.22133023)
(52451, 0.20489945)
(52501, 0.22918234)
(52551, 0.21627408)
(52601, 0.21178564)
(52651, 0.21233848)
(52701, 0.21939233)
(52751, 0.22282990)
(52801, 0.20653043)
(52851, 0.22317328)
(52901, 0.21679486)
(52951, 0.21526869)
(53001, 0.20382488)
(53051, 0.22925750)
(53101, 0.22247336)
(53151, 0.21704278)
(53201, 0.22228523)
(53251, 0.23490252)
(53301, 0.21649208)
(53351, 0.22120507)
(53401, 0.24023509)
(53451, 0.23014261)
(53501, 0.21915638)
(53551, 0.21339942)
(53601, 0.22258171)
(53651, 0.21217322)
(53701, 0.20727416)
(53751, 0.21137956)
(53801, 0.21085294)
(53851, 0.23231971)
(53901, 0.20816729)
(53951, 0.21755793)
(54001, 0.21233206)
(54051, 0.23616737)
(54101, 0.22546542)
(54151, 0.22378416)
(54201, 0.20984034)
(54251, 0.21973989)
(54301, 0.20498225)
(54351, 0.20322137)
(54401, 0.21279579)
(54451, 0.23278262)
(54501, 0.21857522)
(54551, 0.21438267)
(54601, 0.21428445)
(54651, 0.24702361)
(54701, 0.22341772)
(54751, 0.22243651)
(54801, 0.21525169)
(54851, 0.20455892)
(54901, 0.21292129)
(54951, 0.22262885)
(55001, 0.20562030)
(55051, 0.22774422)
(55101, 0.21999728)
(55151, 0.23089366)
(55201, 0.23138488)
(55251, 0.21045180)
(55301, 0.22716480)
(55351, 0.20008877)
(55401, 0.21471784)
(55451, 0.21677773)
(55501, 0.22149920)
(55551, 0.22490770)
(55601, 0.22632831)
(55651, 0.21079319)
(55701, 0.23298460)
(55751, 0.22977102)
(55801, 0.21401815)
(55851, 0.21608490)
(55901, 0.22992753)
(55951, 0.21640617)
(56001, 0.20788075)
(56051, 0.20122305)
(56101, 0.21485960)
(56151, 0.22230323)
(56201, 0.24858072)
(56251, 0.23510962)
(56301, 0.20411763)
(56351, 0.22743671)
(56401, 0.20297737)
(56451, 0.20761234)
(56501, 0.20807860)
(56551, 0.20878292)
(56601, 0.21289397)
(56651, 0.23659638)
(56701, 0.21987163)
(56751, 0.22418667)
(56801, 0.22213825)
(56851, 0.20389211)
(56901, 0.20547778)
(56951, 0.20741652)
(57001, 0.21996770)
(57051, 0.21877025)
(57101, 0.21382581)
(57151, 0.21805635)
(57201, 0.22023828)
(57251, 0.20458420)
(57301, 0.21772244)
(57351, 0.22489434)
(57401, 0.22660672)
(57451, 0.21162910)
(57501, 0.22658020)
(57551, 0.21390843)
(57601, 0.20563177)
(57651, 0.23113394)
(57701, 0.23774303)
(57751, 0.19447634)
(57801, 0.22655058)
(57851, 0.21200438)
(57901, 0.21690663)
(57951, 0.20198162)
(58001, 0.22955928)
(58051, 0.21209055)
(58101, 0.23763600)
(58151, 0.23268912)
(58201, 0.20844426)
(58251, 0.21676913)
(58301, 0.21390946)
(58351, 0.21649750)
(58401, 0.20966275)
(58451, 0.22094394)
(58501, 0.20957827)
(58551, 0.24891120)
(58601, 0.21942195)
(58651, 0.22641839)
(58701, 0.21681736)
(58751, 0.21040832)
(58801, 0.20823031)
(58851, 0.20858957)
(58901, 0.24235963)
(58951, 0.20996661)
(59001, 0.21737284)
(59051, 0.21855868)
(59101, 0.21415915)
(59151, 0.20767906)
(59201, 0.19777876)
(59251, 0.21096796)
(59301, 0.22427334)
(59351, 0.21776415)
(59401, 0.21278186)
(59451, 0.19810574)
(59501, 0.23619523)
(59551, 0.23751869)
(59601, 0.22483437)
(59651, 0.21559191)
(59701, 0.21363261)
(59751, 0.22558766)
(59801, 0.21123534)
(59851, 0.21306222)
(59901, 0.20350377)
(59951, 0.25909479)
(60001, 0.20536694)
(60051, 0.19614530)
(60101, 0.22236193)
(60151, 0.22384833)
(60201, 0.21547013)
(60251, 0.20844615)
(60301, 0.21080659)
(60351, 0.22061417)
(60401, 0.20937538)
(60451, 0.20423509)
(60501, 0.21205905)
(60551, 0.24438272)
(60601, 0.21518055)
(60651, 0.21144323)
(60701, 0.21060685)
(60751, 0.20854465)
(60801, 0.20290773)
(60851, 0.20918152)
(60901, 0.21703149)
(60951, 0.20948049)
(61001, 0.22990603)
(61051, 0.20748557)
(61101, 0.19935500)
(61151, 0.23421719)
(61201, 0.20903116)
(61251, 0.22432400)
(61301, 0.21598094)
(61351, 0.20787846)
(61401, 0.20467946)
(61451, 0.19819915)
(61501, 0.22240249)
(61551, 0.19917120)
(61601, 0.21289943)
(61651, 0.20082885)
(61701, 0.21773510)
(61751, 0.21068808)
(61801, 0.21158897)
(61851, 0.21396570)
(61901, 0.20385575)
(61951, 0.23365462)
(62001, 0.19851631)
(62051, 0.20869174)
(62101, 0.23571788)
(62151, 0.21061643)
(62201, 0.20459227)
(62251, 0.20946794)
(62301, 0.20038180)
(62351, 0.21927630)
(62401, 0.23839636)
(62451, 0.19927705)
(62501, 0.21060184)
(62551, 0.21675453)
(62601, 0.22718278)
(62651, 0.20750634)
(62701, 0.20112198)
(62751, 0.21335060)
(62801, 0.20885537)
(62851, 0.21599695)
(62901, 0.21730313)
(62951, 0.21082019)
(63001, 0.21981744)
(63051, 0.20005089)
(63101, 0.21586745)
(63151, 0.22615517)
(63201, 0.21100531)
(63251, 0.23026875)
(63301, 0.21287719)
(63351, 0.20457119)
(63401, 0.21085008)
(63451, 0.19990983)
(63501, 0.20863741)
(63551, 0.20235278)
(63601, 0.21542846)
(63651, 0.20207122)
(63701, 0.21590396)
(63751, 0.21203338)
(63801, 0.21482604)
(63851, 0.21332156)
(63901, 0.21327321)
(63951, 0.21587860)
(64001, 0.21563967)
(64051, 0.22882200)
(64101, 0.21919596)
(64151, 0.21595308)
(64201, 0.20751872)
(64251, 0.22592787)
(64301, 0.24957735)
(64351, 0.25565431)
(64401, 0.20588589)
(64451, 0.20690545)
(64501, 0.21070202)
(64551, 0.22528659)
(64601, 0.20580469)
(64651, 0.22159145)
(64701, 0.21233044)
(64751, 0.19498958)
(64801, 0.19923897)
(64851, 0.21444841)
(64901, 0.21195720)
(64951, 0.22742149)
(65001, 0.21042215)
(65051, 0.21219344)
(65101, 0.21666476)
(65151, 0.20824718)
(65201, 0.20676854)
(65251, 0.20918694)
(65301, 0.21334956)
(65351, 0.25744910)
(65401, 0.20761258)
(65451, 0.20812908)
(65501, 0.20326836)
(65551, 0.20761495)
(65601, 0.20280923)
(65651, 0.21478831)
(65701, 0.20600504)
(65751, 0.21297284)
(65801, 0.20060202)
(65851, 0.22509368)
(65901, 0.20337212)
(65951, 0.22071311)
(66001, 0.21265749)
(66051, 0.20085677)
(66101, 0.20612386)
(66151, 0.20192384)
(66201, 0.20748244)
(66251, 0.19883650)
(66301, 0.21059483)
(66351, 0.20574826)
(66401, 0.21602803)
(66451, 0.20451064)
(66501, 0.24400653)
(66551, 0.20755929)
(66601, 0.21995750)
(66651, 0.20671766)
(66701, 0.20668604)
(66751, 0.22730782)
(66801, 0.21677886)
(66851, 0.21865059)
(66901, 0.20196764)
(66951, 0.19833386)
(67001, 0.20206036)
(67051, 0.21100551)
(67101, 0.21522452)
(67151, 0.22030206)
(67201, 0.18910503)
(67251, 0.22339397)
(67301, 0.19612102)
(67351, 0.19324464)
(67401, 0.21714316)
(67451, 0.19867894)
(67501, 0.21161615)
(67551, 0.20336778)
(67601, 0.21509322)
(67651, 0.21164189)
(67701, 0.20414460)
(67751, 0.21611945)
(67801, 0.20765742)
(67851, 0.20634295)
(67901, 0.21031972)
(67951, 0.20085471)
(68001, 0.21267606)
(68051, 0.19838900)
(68101, 0.20108105)
(68151, 0.22126144)
(68201, 0.22282372)
(68251, 0.19509173)
(68301, 0.21329907)
(68351, 0.20317169)
(68401, 0.19592799)
(68451, 0.20355802)
(68501, 0.21144997)
(68551, 0.18831874)
(68601, 0.21402903)
(68651, 0.21670263)
(68701, 0.21244187)
(68751, 0.21141169)
(68801, 0.19699187)
(68851, 0.21413136)
(68901, 0.21758798)
(68951, 0.19966380)
(69001, 0.21581893)
(69051, 0.19732412)
(69101, 0.21995132)
(69151, 0.22371444)
(69201, 0.20388499)
(69251, 0.21159522)
(69301, 0.21747725)
(69351, 0.24770177)
(69401, 0.21016409)
(69451, 0.22726089)
(69501, 0.22236491)
(69551, 0.20852053)
(69601, 0.20682583)
(69651, 0.23973136)
(69701, 0.20813210)
(69751, 0.20883931)
(69801, 0.19058985)
(69851, 0.21007535)
(69901, 0.21705433)
(69951, 0.19809325)
(70001, 0.19762426)
(70051, 0.20699209)
(70101, 0.22174623)
(70151, 0.20900749)
(70201, 0.20822405)
(70251, 0.20493427)
(70301, 0.19807555)
(70351, 0.22573102)
(70401, 0.20889345)
(70451, 0.21667374)
(70501, 0.18951038)
(70551, 0.20228209)
(70601, 0.21741374)
(70651, 0.21635184)
(70701, 0.19477596)
(70751, 0.21200586)
(70801, 0.20667796)
(70851, 0.21980622)
(70901, 0.20870823)
(70951, 0.20433570)
(71001, 0.21056999)
(71051, 0.19365836)
(71101, 0.21698054)
(71151, 0.23652676)
(71201, 0.20044655)
(71251, 0.20530560)
(71301, 0.21329149)
(71351, 0.19307022)
(71401, 0.20430453)
(71451, 0.20744295)
(71501, 0.20780017)
(71551, 0.21807507)
(71601, 0.21868084)
(71651, 0.21363270)
(71701, 0.22064988)
(71751, 0.22026585)
(71801, 0.21223904)
(71851, 0.20300663)
(71901, 0.20694178)
(71951, 0.21385046)
(72001, 0.19634542)
(72051, 0.21041009)
(72101, 0.20371674)
(72151, 0.20670710)
(72201, 0.20680682)
(72251, 0.20939144)
(72301, 0.21289486)
(72351, 0.22712050)
(72401, 0.19771715)
(72451, 0.19675561)
(72501, 0.20384738)
(72551, 0.19646296)
(72601, 0.21719522)
(72651, 0.19650128)
(72701, 0.19516962)
(72751, 0.21273963)
(72801, 0.23899889)
(72851, 0.19246413)
(72901, 0.19923388)
(72951, 0.20292149)
(73001, 0.19817905)
(73051, 0.19442764)
(73101, 0.20057250)
(73151, 0.19373590)
(73201, 0.22977005)
(73251, 0.20256241)
(73301, 0.20814818)
(73351, 0.20537006)
(73401, 0.19285236)
(73451, 0.20053860)
(73501, 0.20801628)
(73551, 0.23446815)
(73601, 0.20043626)
(73651, 0.20998089)
(73701, 0.21526565)
(73751, 0.20805366)
(73801, 0.20512325)
(73851, 0.19947544)
(73901, 0.20205478)
(73951, 0.22714957)
(74001, 0.20179869)
(74051, 0.21605915)
(74101, 0.21116487)
(74151, 0.20358833)
(74201, 0.22430607)
(74251, 0.19619805)
(74301, 0.20185213)
(74351, 0.21443456)
(74401, 0.20218208)
(74451, 0.21106179)
(74501, 0.19014570)
(74551, 0.19681835)
(74601, 0.19913562)
(74651, 0.20479251)
(74701, 0.21242212)
(74751, 0.22289525)
(74801, 0.18833882)
(74851, 0.19652618)
(74901, 0.21098950)
(74951, 0.21574150)
(75001, 0.20518726)
(75051, 0.19595999)
(75101, 0.21310671)
(75151, 0.19680978)
(75201, 0.20812451)
(75251, 0.19452024)
(75301, 0.20944812)
(75351, 0.20004099)
(75401, 0.20438970)
(75451, 0.20725940)
(75501, 0.20266016)
(75551, 0.20763722)
(75601, 0.19571450)
(75651, 0.19179517)
(75701, 0.20265754)
(75751, 0.19628344)
(75801, 0.19232495)
(75851, 0.19930993)
(75901, 0.20345408)
(75951, 0.20893873)
(76001, 0.20641597)
(76051, 0.23261978)
(76101, 0.18665228)
(76151, 0.19034520)
(76201, 0.18997984)
(76251, 0.21135636)
(76301, 0.19537859)
(76351, 0.19693201)
(76401, 0.19527101)
(76451, 0.19913568)
(76501, 0.19457828)
(76551, 0.20627861)
(76601, 0.22166289)
(76651, 0.23312956)
(76701, 0.20158783)
(76751, 0.18852352)
(76801, 0.20121141)
(76851, 0.21691696)
(76901, 0.21520382)
(76951, 0.19459287)
(77001, 0.20158406)
(77051, 0.21915578)
(77101, 0.20716710)
(77151, 0.23367329)
(77201, 0.20463986)
(77251, 0.20255516)
(77301, 0.19510374)
(77351, 0.21086144)
(77401, 0.20050919)
(77451, 0.20161211)
(77501, 0.19782665)
(77551, 0.21268805)
(77601, 0.20588108)
(77651, 0.19678173)
(77701, 0.19652708)
(77751, 0.19599276)
(77801, 0.20030347)
(77851, 0.19905776)
(77901, 0.20639205)
(77951, 0.20620867)
(78001, 0.19679535)
(78051, 0.21141423)
(78101, 0.20355451)
(78151, 0.20999935)
(78201, 0.19313018)
(78251, 0.19518147)
(78301, 0.19802325)
(78351, 0.20337768)
(78401, 0.20296672)
(78451, 0.20279913)
(78501, 0.20778669)
(78551, 0.20751489)
(78601, 0.21213217)
(78651, 0.22954181)
(78701, 0.19603473)
(78751, 0.19677889)
(78801, 0.21132706)
(78851, 0.19929769)
(78901, 0.20247014)
(78951, 0.19699876)
(79001, 0.19475548)
(79051, 0.19181630)
(79101, 0.20610281)
(79151, 0.22975510)
(79201, 0.20672025)
(79251, 0.19146681)
(79301, 0.24523628)
(79351, 0.19744690)
(79401, 0.19057973)
(79451, 0.19975138)
(79501, 0.20153910)
(79551, 0.20855620)
(79601, 0.19987508)
(79651, 0.20478267)
(79701, 0.20446954)
(79751, 0.20960004)
(79801, 0.21675007)
(79851, 0.19192115)
(79901, 0.19889700)
(79951, 0.19579532)
(80001, 0.19417910)
(80051, 0.20936612)
(80101, 0.21245566)
(80151, 0.19403604)
(80201, 0.18170756)
(80251, 0.19663289)
(80301, 0.20413214)
(80351, 0.22038798)
(80401, 0.21994289)
(80451, 0.21452257)
(80501, 0.19329132)
(80551, 0.20579121)
(80601, 0.19598088)
(80651, 0.19778099)
(80701, 0.19268332)
(80751, 0.21142896)
(80801, 0.19983076)
(80851, 0.21332770)
(80901, 0.19630254)
(80951, 0.20123725)
(81001, 0.20473758)
(81051, 0.18697761)
(81101, 0.18970182)
(81151, 0.19966499)
(81201, 0.21409370)
(81251, 0.20619624)
(81301, 0.20260883)
(81351, 0.18876745)
(81401, 0.20106472)
(81451, 0.22027792)
(81501, 0.19244548)
(81551, 0.20376992)
(81601, 0.22391918)
(81651, 0.19266160)
(81701, 0.21036180)
(81751, 0.20145699)
(81801, 0.20498586)
(81851, 0.20216468)
(81901, 0.21478296)
(81951, 0.19996352)
(82001, 0.19499920)
(82051, 0.19657578)
(82101, 0.20602074)
(82151, 0.20547469)
(82201, 0.19992156)
(82251, 0.19102386)
(82301, 0.19436236)
(82351, 0.19827202)
(82401, 0.19292374)
(82451, 0.20919540)
(82501, 0.20072026)
(82551, 0.20072494)
(82601, 0.19938247)
(82651, 0.20797670)
(82701, 0.19166296)
(82751, 0.21101147)
(82801, 0.19011248)
(82851, 0.21369660)
(82901, 0.20267595)
(82951, 0.19477108)
(83001, 0.19844225)
(83051, 0.19826272)
(83101, 0.20004831)
(83151, 0.19448462)
(83201, 0.20547847)
(83251, 0.19493362)
(83301, 0.20479828)
(83351, 0.20001215)
(83401, 0.21694370)
(83451, 0.20417242)
(83501, 0.19455066)
(83551, 0.20866409)
(83601, 0.20189995)
(83651, 0.19532866)
(83701, 0.19003337)
(83751, 0.20478834)
(83801, 0.22620852)
(83851, 0.19732760)
(83901, 0.19232542)
(83951, 0.19345390)
(84001, 0.21081163)
(84051, 0.20585920)
(84101, 0.20102946)
(84151, 0.19444955)
(84201, 0.18905466)
(84251, 0.19306314)
(84301, 0.18768738)
(84351, 0.19915596)
(84401, 0.20308223)
(84451, 0.19356697)
(84501, 0.19878900)
(84551, 0.20124123)
(84601, 0.18872176)
(84651, 0.22536878)
(84701, 0.19536980)
(84751, 0.18905156)
(84801, 0.19895804)
(84851, 0.18854171)
(84901, 0.19185040)
(84951, 0.18945315)
(85001, 0.21275599)
(85051, 0.21250275)
(85101, 0.20254415)
(85151, 0.19178271)
(85201, 0.20354045)
(85251, 0.19217581)
(85301, 0.18850759)
(85351, 0.20280160)
(85401, 0.20585866)
(85451, 0.21686831)
(85501, 0.20843669)
(85551, 0.19812902)
(85601, 0.20180088)
(85651, 0.21145402)
(85701, 0.19070156)
(85751, 0.19578493)
(85801, 0.19437679)
(85851, 0.20674729)
(85901, 0.19658557)
(85951, 0.20349979)
(86001, 0.21299245)
(86051, 0.19189772)
(86101, 0.19307945)
(86151, 0.18834991)
(86201, 0.19061496)
(86251, 0.19299899)
(86301, 0.20846842)
(86351, 0.19551993)
(86401, 0.18407329)
(86451, 0.19300871)
(86501, 0.18746942)
(86551, 0.22382114)
(86601, 0.18078055)
(86651, 0.21386810)
(86701, 0.20572028)
(86751, 0.22417156)
(86801, 0.20822888)
(86851, 0.20090315)
(86901, 0.19964150)
(86951, 0.19623595)
(87001, 0.21245177)
(87051, 0.22831934)
(87101, 0.22410638)
(87151, 0.20217439)
(87201, 0.20327628)
(87251, 0.20102707)
(87301, 0.18914528)
(87351, 0.18307429)
(87401, 0.19389313)
(87451, 0.20554976)
(87501, 0.20082713)
(87551, 0.20793694)
(87601, 0.20184751)
(87651, 0.20775125)
(87701, 0.20361636)
(87751, 0.19641436)
(87801, 0.20270562)
(87851, 0.18924432)
(87901, 0.20241453)
(87951, 0.19651782)
(88001, 0.19465566)
(88051, 0.22147941)
(88101, 0.19294868)
(88151, 0.20824815)
(88201, 0.20854850)
(88251, 0.18751866)
(88301, 0.20469449)
(88351, 0.19432672)
(88401, 0.19339955)
(88451, 0.18588907)
(88501, 0.19902346)
(88551, 0.19724881)
(88601, 0.19309540)
(88651, 0.18656063)
(88701, 0.17998498)
(88751, 0.19487963)
(88801, 0.19348280)
(88851, 0.20139222)
(88901, 0.20548551)
(88951, 0.19821078)
(89001, 0.21000499)
(89051, 0.19511255)
(89101, 0.19736325)
(89151, 0.19928989)
(89201, 0.21283747)
(89251, 0.19395237)
(89301, 0.19693218)
(89351, 0.18831642)
(89401, 0.19064154)
(89451, 0.20500910)
(89501, 0.19562124)
(89551, 0.20281943)
(89601, 0.19026846)
(89651, 0.23650900)
(89701, 0.20271720)
(89751, 0.19910169)
(89801, 0.18988476)
(89851, 0.19088157)
(89901, 0.19679977)
(89951, 0.20374846)
(90001, 0.19441912)
(90051, 0.23479865)
(90101, 0.19279048)
(90151, 0.19248565)
(90201, 0.18898693)
(90251, 0.21123662)
(90301, 0.19095926)
(90351, 0.19111405)
(90401, 0.19907456)
(90451, 0.20362949)
(90501, 0.20913759)
(90551, 0.21380710)
(90601, 0.18910072)
(90651, 0.18932602)
(90701, 0.19082562)
(90751, 0.20451238)
(90801, 0.18761612)
(90851, 0.19819324)
(90901, 0.20611091)
(90951, 0.19129422)
(91001, 0.21443320)
(91051, 0.20665054)
(91101, 0.19968107)
(91151, 0.19944554)
(91201, 0.20177054)
(91251, 0.19386233)
(91301, 0.18494269)
(91351, 0.23001310)
(91401, 0.19034722)
(91451, 0.20293273)
(91501, 0.18350332)
(91551, 0.19806900)
(91601, 0.19287161)
(91651, 0.19339076)
(91701, 0.20191908)
(91751, 0.19024425)
(91801, 0.19626277)
(91851, 0.20820341)
(91901, 0.19175187)
(91951, 0.18033708)
(92001, 0.19482490)
(92051, 0.19898230)
(92101, 0.19639223)
(92151, 0.19517286)
(92201, 0.19796274)
(92251, 0.20140025)
(92301, 0.20407580)
(92351, 0.21703389)
(92401, 0.19623340)
(92451, 0.19166196)
(92501, 0.23662624)
(92551, 0.17942062)
(92601, 0.20650460)
(92651, 0.18540726)
(92701, 0.18648249)
(92751, 0.20339550)
(92801, 0.18593973)
(92851, 0.18452502)
(92901, 0.19673837)
(92951, 0.19046808)
(93001, 0.19955278)
(93051, 0.19106570)
(93101, 0.18600706)
(93151, 0.18055313)
(93201, 0.20642155)
(93251, 0.20355875)
(93301, 0.21828248)
(93351, 0.20780317)
(93401, 0.19333048)
(93451, 0.19418839)
(93501, 0.19441521)
(93551, 0.20236453)
(93601, 0.19371429)
(93651, 0.18423459)
(93701, 0.19246383)
(93751, 0.19522710)
(93801, 0.19299207)
(93851, 0.18900838)
(93901, 0.18709329)
(93951, 0.18007629)
(94001, 0.19655726)
(94051, 0.19501398)
(94101, 0.20099796)
(94151, 0.20235877)
(94201, 0.20043502)
(94251, 0.20359113)
(94301, 0.19701827)
(94351, 0.18511816)
(94401, 0.19441565)
(94451, 0.18695168)
(94501, 0.19987070)
(94551, 0.20785482)
(94601, 0.20889357)
(94651, 0.19168807)
(94701, 0.21282676)
(94751, 0.18451370)
(94801, 0.19844946)
(94851, 0.20233638)
(94901, 0.21179350)
(94951, 0.18912534)
(95001, 0.20582629)
(95051, 0.20489824)
(95101, 0.19760833)
(95151, 0.19714679)
(95201, 0.19633682)
(95251, 0.22505495)
(95301, 0.19075269)
(95351, 0.21401585)
(95401, 0.19641851)
(95451, 0.19642626)
(95501, 0.19696002)
(95551, 0.18770730)
(95601, 0.18593589)
(95651, 0.19321233)
(95701, 0.18723753)
(95751, 0.19693673)
(95801, 0.18853199)
(95851, 0.19712333)
(95901, 0.20424237)
(95951, 0.20305062)
(96001, 0.19639302)
(96051, 0.20249631)
(96101, 0.20051108)
(96151, 0.20106202)
(96201, 0.20009530)
(96251, 0.20339060)
(96301, 0.20027854)
(96351, 0.21494356)
(96401, 0.19554244)
(96451, 0.19954594)
(96501, 0.18426609)
(96551, 0.19442423)
(96601, 0.18593518)
(96651, 0.19424045)
(96701, 0.19509055)
(96751, 0.18713378)
(96801, 0.18321805)
(96851, 0.19023957)
(96901, 0.19624417)
(96951, 0.19458479)
(97001, 0.18650745)
(97051, 0.21208845)
(97101, 0.20731138)
(97151, 0.18620578)
(97201, 0.18952600)
(97251, 0.19280263)
(97301, 0.19514009)
(97351, 0.20347015)
(97401, 0.18372549)
(97451, 0.18567971)
(97501, 0.19075792)
(97551, 0.19400247)
(97601, 0.18545434)
(97651, 0.20119474)
(97701, 0.20360950)
(97751, 0.20668324)
(97801, 0.19218948)
(97851, 0.19415703)
(97901, 0.18491511)
(97951, 0.18304840)
(98001, 0.18672714)
(98051, 0.18348694)
(98101, 0.18320162)
(98151, 0.19191805)
(98201, 0.20055820)
(98251, 0.19822146)
(98301, 0.18606318)
(98351, 0.21040309)
(98401, 0.20410704)
(98451, 0.18792844)
(98501, 0.20590990)
(98551, 0.19597866)
(98601, 0.18782442)
(98651, 0.20523822)
(98701, 0.19416381)
(98751, 0.19756048)
(98801, 0.21257001)
(98851, 0.18996404)
(98901, 0.21927378)
(98951, 0.20380849)
(99001, 0.19250266)
(99051, 0.19134831)
(99101, 0.19125974)
(99151, 0.19781461)
(99201, 0.19726970)
(99251, 0.20422071)
(99301, 0.18523550)
(99351, 0.18623399)
(99401, 0.20220559)
(99451, 0.19786465)
(99501, 0.18617114)
(99551, 0.19315182)
(99601, 0.18641071)
(99651, 0.17980492)
(99701, 0.21475725)
(99751, 0.18350730)
(99801, 0.19813303)
(99851, 0.18379603)
(99901, 0.19801203)
(99951, 0.20003890)
(100001, 0.19258261)
(100051, 0.18228434)
(100101, 0.22279587)
(100151, 0.18746679)
(100201, 0.18364143)
(100251, 0.19579225)
(100301, 0.18641222)
(100351, 0.18939389)
(100401, 0.19328650)
(100451, 0.17684522)
(100501, 0.18571174)
(100551, 0.19512042)
(100601, 0.19129916)
(100651, 0.19464676)
(100701, 0.18543024)
(100751, 0.18449942)
(100801, 0.19982110)
(100851, 0.19246891)
(100901, 0.18123882)
(100951, 0.20237376)
(101001, 0.20749771)
(101051, 0.18718467)
(101101, 0.18382452)
(101151, 0.19463930)
(101201, 0.19758841)
(101251, 0.17425292)
(101301, 0.18232007)
(101351, 0.20653712)
(101401, 0.18216232)
(101451, 0.18966803)
(101501, 0.18443154)
(101551, 0.18973844)
(101601, 0.24204883)
(101651, 0.21140949)
(101701, 0.18869464)
(101751, 0.21616541)
(101801, 0.19862004)
(101851, 0.19028185)
(101901, 0.20427413)
(101951, 0.19505823)
(102001, 0.18561327)
(102051, 0.19967578)
(102101, 0.19255424)
(102151, 0.20506063)
(102201, 0.18416139)
(102251, 0.19248997)
(102301, 0.19293253)
(102351, 0.18702313)
(102401, 0.19037344)
(102451, 0.21302217)
(102501, 0.18519988)
(102551, 0.18220061)
(102601, 0.17498742)
(102651, 0.18835296)
(102701, 0.18820395)
(102751, 0.18926314)
(102801, 0.18818472)
(102851, 0.20312791)
(102901, 0.19684896)
(102951, 0.18691571)
(103001, 0.19151298)
(103051, 0.20026347)
(103101, 0.18042371)
(103151, 0.17879441)
(103201, 0.20173062)
(103251, 0.18386463)
(103301, 0.21773967)
(103351, 0.18922030)
(103401, 0.18809487)
(103451, 0.18554780)
(103501, 0.18630152)
(103551, 0.17754006)
(103601, 0.18333769)
(103651, 0.18099262)
(103701, 0.21768235)
(103751, 0.19917915)
(103801, 0.17918894)
(103851, 0.19393181)
(103901, 0.18709007)
(103951, 0.19608617)
(104001, 0.21221907)
(104051, 0.20452702)
(104101, 0.18515913)
(104151, 0.21222113)
(104201, 0.18852559)
(104251, 0.19492646)
(104301, 0.19431457)
(104351, 0.18424949)
(104401, 0.19189424)
(104451, 0.19356310)
(104501, 0.19274551)
(104551, 0.18716478)
(104601, 0.22262898)
(104651, 0.19201306)
(104701, 0.22324433)
(104751, 0.18260738)
(104801, 0.19043075)
(104851, 0.18751501)
(104901, 0.19120919)
(104951, 0.18316499)
(105001, 0.18798004)
(105051, 0.18758965)
(105101, 0.19166286)
(105151, 0.19514481)
(105201, 0.18855234)
(105251, 0.19499854)
(105301, 0.18622545)
(105351, 0.19222701)
(105401, 0.18653718)
(105451, 0.19386704)
(105501, 0.18523912)
(105551, 0.18411965)
(105601, 0.19764283)
(105651, 0.18464770)
(105701, 0.19492929)
(105751, 0.21222790)
(105801, 0.19306179)
(105851, 0.18200467)
(105901, 0.19206984)
(105951, 0.18920752)
(106001, 0.18420631)
(106051, 0.19462240)
(106101, 0.17843673)
(106151, 0.17673077)
(106201, 0.18688745)
(106251, 0.18733184)
(106301, 0.18962728)
(106351, 0.18566111)
(106401, 0.17090083)
(106451, 0.19847485)
(106501, 0.19390406)
(106551, 0.21264932)
(106601, 0.20336034)
(106651, 0.18999504)
(106701, 0.19911889)
(106751, 0.20168629)
(106801, 0.20678813)
(106851, 0.18205832)
(106901, 0.19816936)
(106951, 0.19169400)
(107001, 0.20912005)
(107051, 0.20961921)
(107101, 0.19660266)
(107151, 0.18928031)
(107201, 0.18532313)
(107251, 0.18429870)
(107301, 0.18075788)
(107351, 0.18822037)
(107401, 0.17967465)
(107451, 0.19613930)
(107501, 0.19776833)
(107551, 0.18943218)
(107601, 0.19967145)
(107651, 0.18400574)
(107701, 0.19208157)
(107751, 0.20925406)
(107801, 0.18349961)
(107851, 0.19088439)
(107901, 0.18640710)
(107951, 0.20636279)
(108001, 0.19266943)
(108051, 0.18384401)
(108101, 0.19872583)
(108151, 0.18867266)
(108201, 0.20889114)
(108251, 0.18239753)
(108301, 0.19850579)
(108351, 0.19250996)
(108401, 0.20248899)
(108451, 0.18800625)
(108501, 0.18454176)
(108551, 0.18059107)
(108601, 0.19424141)
(108651, 0.18097046)
(108701, 0.18855441)
(108751, 0.17992097)
(108801, 0.18543641)
(108851, 0.19646353)
(108901, 0.18945402)
(108951, 0.21290988)
(109001, 0.19562335)
(109051, 0.21628901)
(109101, 0.18803215)
(109151, 0.19468292)
(109201, 0.18727391)
(109251, 0.18559887)
(109301, 0.19099158)
(109351, 0.21088481)
(109401, 0.17890800)
(109451, 0.20118530)
(109501, 0.20637359)
(109551, 0.18690278)
(109601, 0.18342631)
(109651, 0.21298159)
(109701, 0.18309529)
(109751, 0.18073260)
(109801, 0.18339272)
(109851, 0.19853402)
(109901, 0.19373228)
(109951, 0.18614054)
(110001, 0.19487885)
(110051, 0.20500674)
(110101, 0.19979539)
(110151, 0.20705622)
(110201, 0.17733316)
(110251, 0.19192750)
(110301, 0.18232493)
(110351, 0.22460181)
(110401, 0.19428327)
(110451, 0.18006592)
(110501, 0.19673622)
(110551, 0.19608615)
(110601, 0.17802868)
(110651, 0.20045248)
(110701, 0.20922479)
(110751, 0.19662639)
(110801, 0.18784186)
(110851, 0.17827779)
(110901, 0.18144063)
(110951, 0.19228171)
(111001, 0.18316306)
(111051, 0.19307239)
(111101, 0.19857864)
(111151, 0.20326522)
(111201, 0.17871439)
(111251, 0.18421195)
(111301, 0.20222463)
(111351, 0.18849659)
(111401, 0.18264284)
(111451, 0.18896168)
(111501, 0.18181400)
(111551, 0.17761513)
(111601, 0.20255178)
(111651, 0.18862888)
(111701, 0.18769501)
(111751, 0.19072556)
(111801, 0.20164212)
(111851, 0.19851211)
(111901, 0.18613213)
(111951, 0.19066784)
(112001, 0.19753271)
(112051, 0.18839154)
(112101, 0.21028175)
(112151, 0.19103379)
(112201, 0.18189418)
(112251, 0.20960443)
(112301, 0.18449319)
(112351, 0.18866821)
(112401, 0.18834296)
(112451, 0.18484579)
(112501, 0.19649043)
(112551, 0.18790539)
(112601, 0.17874869)
(112651, 0.20271681)
(112701, 0.18489399)
(112751, 0.18609941)
(112801, 0.19850921)
(112851, 0.17659964)
(112901, 0.18998210)
(112951, 0.19301474)
(113001, 0.18747873)
(113051, 0.19070791)
(113101, 0.17703000)
(113151, 0.18080973)
(113201, 0.19139391)
(113251, 0.19743605)
(113301, 0.18735958)
(113351, 0.17826315)
(113401, 0.21563609)
(113451, 0.19654610)
(113501, 0.17772181)
(113551, 0.21675174)
(113601, 0.21005131)
(113651, 0.20026959)
(113701, 0.17346997)
(113751, 0.18161539)
(113801, 0.17987553)
(113851, 0.23924928)
(113901, 0.17965986)
(113951, 0.18109751)
(114001, 0.20059626)
(114051, 0.19016548)
(114101, 0.18498596)
(114151, 0.20340621)
(114201, 0.19537317)
(114251, 0.20047781)
(114301, 0.17707587)
(114351, 0.18648082)
(114401, 0.19402136)
(114451, 0.19534861)
(114501, 0.18713393)
(114551, 0.17790671)
(114601, 0.19257338)
(114651, 0.17701896)
(114701, 0.18134112)
(114751, 0.20684733)
(114801, 0.17533913)
(114851, 0.18941431)
(114901, 0.19650730)
(114951, 0.17718723)
(115001, 0.18800543)
(115051, 0.17931822)
(115101, 0.20725155)
(115151, 0.17592888)
(115201, 0.17847373)
(115251, 0.19304815)
(115301, 0.18527730)
(115351, 0.17833844)
(115401, 0.19350349)
(115451, 0.18859329)
(115501, 0.18733571)
(115551, 0.18677050)
(115601, 0.18134333)
(115651, 0.17013462)
(115701, 0.18727794)
(115751, 0.19077518)
(115801, 0.18283799)
(115851, 0.17925842)
(115901, 0.19642676)
(115951, 0.17936116)
(116001, 0.18594425)
(116051, 0.18184049)
(116101, 0.18670650)
(116151, 0.17591940)
(116201, 0.18452067)
(116251, 0.19437593)
(116301, 0.19092977)
(116351, 0.17852626)
(116401, 0.18163203)
(116451, 0.19382435)
(116501, 0.18446391)
(116551, 0.17889122)
(116601, 0.18196026)
(116651, 0.20666102)
(116701, 0.18677176)
(116751, 0.18166557)
(116801, 0.18379371)
(116851, 0.18407825)
(116901, 0.18867760)
(116951, 0.17629529)
(117001, 0.18362310)
(117051, 0.18499282)
(117101, 0.18464793)
(117151, 0.20881554)
(117201, 0.18278074)
(117251, 0.18624783)
(117301, 0.17750541)
(117351, 0.18032315)
(117401, 0.18372510)
(117451, 0.18082019)
(117501, 0.17849335)
(117551, 0.19830923)
(117601, 0.20779656)
(117651, 0.19602767)
(117701, 0.18431677)
(117751, 0.18060458)
(117801, 0.17427143)
(117851, 0.18437698)
(117901, 0.18386215)
(117951, 0.18239374)
(118001, 0.18658224)
(118051, 0.18219566)
(118101, 0.20054736)
(118151, 0.18213617)
(118201, 0.17773794)
(118251, 0.18944034)
(118301, 0.20150472)
(118351, 0.19067300)
(118401, 0.18585845)
(118451, 0.19395773)
(118501, 0.19888677)
(118551, 0.18027120)
(118601, 0.18078345)
(118651, 0.18317432)
(118701, 0.18244352)
(118751, 0.18439231)
(118801, 0.17560644)
(118851, 0.18181856)
(118901, 0.17576436)
(118951, 0.18765527)
(119001, 0.18495707)
(119051, 0.19045732)
(119101, 0.18939220)
(119151, 0.20651408)
(119201, 0.19601515)
(119251, 0.20197084)
(119301, 0.21501550)
(119351, 0.17764064)
(119401, 0.18522136)
(119451, 0.17010469)
(119501, 0.20334241)
(119551, 0.17285484)
(119601, 0.17848407)
(119651, 0.18742052)
(119701, 0.19743238)
(119751, 0.18024494)
(119801, 0.17934634)
(119851, 0.18972722)
(119901, 0.18142413)
(119951, 0.17510892)
(120001, 0.19419940)
(120051, 0.18114853)
(120101, 0.17572797)
(120151, 0.20172272)
(120201, 0.20058651)
(120251, 0.19649109)
(120301, 0.18266010)
(120351, 0.18641758)
(120401, 0.19491058)
(120451, 0.18255764)
(120501, 0.18985935)
(120551, 0.18477650)
(120601, 0.21255460)
(120651, 0.19810915)
(120701, 0.18766309)
(120751, 0.19087897)
(120801, 0.20071569)
(120851, 0.21668213)
(120901, 0.18087049)
(120951, 0.18776209)
(121001, 0.20522999)
(121051, 0.19512083)
(121101, 0.18025018)
(121151, 0.19592774)
(121201, 0.17313789)
(121251, 0.19554288)
(121301, 0.18131331)
(121351, 0.18251202)
(121401, 0.20007783)
(121451, 0.19389353)
(121501, 0.20339284)
(121551, 0.19455884)
(121601, 0.17312160)
(121651, 0.18832005)
(121701, 0.18466090)
(121751, 0.17986871)
(121801, 0.19276220)
(121851, 0.19216179)
(121901, 0.23373477)
(121951, 0.19439324)
(122001, 0.19170741)
(122051, 0.17455912)
(122101, 0.18634664)
(122151, 0.18575549)
(122201, 0.18407841)
(122251, 0.18777095)
(122301, 0.17934294)
(122351, 0.20756368)
(122401, 0.18689445)
(122451, 0.17405729)
(122501, 0.18579826)
(122551, 0.18634420)
(122601, 0.19276481)
(122651, 0.18976434)
(122701, 0.19196412)
(122751, 0.18811341)
(122801, 0.19545699)
(122851, 0.20200546)
(122901, 0.20905543)
(122951, 0.17793693)
(123001, 0.18868757)
(123051, 0.18296956)
(123101, 0.18635987)
(123151, 0.19904161)
(123201, 0.18538305)
(123251, 0.19094158)
(123301, 0.19434958)
(123351, 0.18561700)
(123401, 0.17768078)
(123451, 0.21428271)
(123501, 0.18148887)
(123551, 0.17738088)
(123601, 0.19125415)
(123651, 0.17336378)
(123701, 0.19415821)
(123751, 0.17090118)
(123801, 0.18577342)
(123851, 0.20026147)
(123901, 0.19368784)
(123951, 0.19320828)
(124001, 0.18089001)
(124051, 0.18323985)
(124101, 0.17344909)
(124151, 0.18623977)
(124201, 0.18444331)
(124251, 0.17360034)
(124301, 0.18746204)
(124351, 0.19273706)
(124401, 0.18158986)
(124451, 0.19287155)
(124501, 0.18180054)
(124551, 0.18518822)
(124601, 0.17979846)
(124651, 0.20766409)
(124701, 0.17846083)
(124751, 0.18197991)
(124801, 0.18168179)
(124851, 0.18005053)
(124901, 0.18189480)
(124951, 0.17884976)
