(1, 25.49137383)
(51, 7.83252668)
(101, 5.36837409)
(151, 4.85946718)
(201, 4.51142948)
(251, 4.65139779)
(301, 3.46390946)
(351, 3.85020734)
(401, 3.09017881)
(451, 2.69377740)
(501, 2.57842574)
(551, 2.09598659)
(601, 2.01701896)
(651, 2.07909582)
(701, 1.60719966)
(751, 1.83115648)
(801, 1.98725535)
(851, 1.65508695)
(901, 1.24133763)
(951, 1.43187656)
(1001, 1.59235460)
(1051, 1.29408653)
(1101, 1.23740080)
(1151, 1.10417748)
(1201, 1.34850088)
(1251, 1.42007424)
(1301, 0.89701689)
(1351, 0.84703794)
(1401, 1.08950357)
(1451, 0.99862269)
(1501, 0.94600238)
(1551, 0.99784878)
(1601, 0.92178704)
(1651, 1.12680130)
(1701, 0.78066152)
(1751, 0.72404521)
(1801, 1.26999822)
(1851, 0.81702371)
(1901, 0.79159683)
(1951, 0.92457170)
(2001, 0.63033289)
(2051, 0.61180304)
(2101, 0.62504433)
(2151, 0.60497928)
(2201, 1.19803752)
(2251, 0.78621837)
(2301, 0.63540577)
(2351, 0.69867313)
(2401, 0.96633118)
(2451, 0.86911464)
(2501, 0.54263410)
(2551, 0.48845812)
(2601, 0.57524993)
(2651, 0.65797525)
(2701, 0.66351297)
(2751, 0.58810721)
(2801, 0.65427556)
(2851, 0.97475583)
(2901, 0.67068254)
(2951, 0.58049341)
(3001, 0.59298182)
(3051, 0.45236508)
(3101, 0.52851593)
(3151, 0.86820707)
(3201, 0.41406094)
(3251, 0.70402353)
(3301, 0.43004956)
(3351, 0.33957078)
(3401, 0.36970664)
(3451, 0.64214226)
(3501, 0.37326550)
(3551, 0.61651731)
(3601, 0.47480460)
(3651, 0.42336335)
(3701, 0.39196548)
(3751, 0.39156826)
(3801, 0.42895335)
(3851, 0.51216314)
(3901, 0.52333176)
(3951, 0.36433832)
(4001, 0.45286097)
(4051, 0.67210029)
(4101, 0.41748181)
(4151, 0.39651089)
(4201, 0.34465526)
(4251, 0.44746729)
(4301, 0.44502950)
(4351, 1.02255191)
(4401, 0.27941783)
(4451, 0.97483725)
(4501, 0.49011545)
(4551, 0.35977978)
(4601, 0.52097495)
(4651, 0.37208512)
(4701, 0.48208518)
(4751, 0.29025104)
(4801, 0.40322250)
(4851, 0.40095760)
(4901, 0.32503139)
(4951, 0.45556466)
(5001, 0.39496538)
(5051, 0.33748592)
(5101, 0.31967546)
(5151, 0.43085191)
(5201, 0.35607607)
(5251, 0.54473329)
(5301, 0.32983221)
(5351, 0.31032105)
(5401, 0.41414525)
(5451, 0.34350134)
(5501, 0.48156344)
(5551, 0.28548002)
(5601, 0.35007475)
(5651, 0.38736102)
(5701, 0.32201819)
(5751, 0.26966614)
(5801, 0.31344448)
(5851, 0.35537482)
(5901, 0.26745394)
(5951, 0.29969958)
(6001, 0.32581192)
(6051, 0.30565322)
(6101, 0.32918274)
(6151, 0.31101761)
(6201, 0.34565897)
(6251, 0.23367594)
(6301, 0.39588635)
(6351, 0.30056581)
(6401, 0.19619974)
(6451, 0.27271063)
(6501, 0.24867535)
(6551, 0.21228569)
(6601, 0.36899618)
(6651, 0.25981279)
(6701, 0.38714241)
(6751, 0.25770825)
(6801, 0.36763621)
(6851, 0.20017917)
(6901, 0.32967720)
(6951, 0.27242627)
(7001, 0.19031895)
(7051, 0.22915648)
(7101, 0.31617154)
(7151, 0.26480912)
(7201, 0.23454568)
(7251, 0.22081410)
(7301, 0.23442425)
(7351, 0.26955912)
(7401, 0.30818609)
(7451, 0.22744496)
(7501, 0.20030941)
(7551, 0.19332875)
(7601, 0.17943514)
(7651, 0.24381678)
(7701, 0.25260935)
(7751, 0.27519630)
(7801, 0.46794140)
(7851, 0.25661521)
(7901, 0.25599111)
(7951, 0.24030535)
(8001, 0.28669243)
(8051, 0.19062450)
(8101, 0.18485247)
(8151, 0.18273573)
(8201, 0.19832788)
(8251, 0.20557595)
(8301, 0.18733848)
(8351, 0.35546814)
(8401, 0.16837408)
(8451, 0.18151972)
(8501, 0.41442991)
(8551, 0.16852494)
(8601, 0.63350286)
(8651, 0.37797069)
(8701, 0.29944367)
(8751, 0.15992310)
(8801, 0.37889839)
(8851, 0.32606649)
(8901, 0.15274133)
(8951, 0.30480986)
(9001, 0.16578862)
(9051, 0.32398362)
(9101, 0.31004082)
(9151, 0.24414648)
(9201, 0.14413107)
(9251, 0.39474534)
(9301, 0.13945635)
(9351, 0.16962499)
(9401, 0.21866345)
(9451, 0.37591983)
(9501, 0.39095777)
(9551, 0.29480409)
(9601, 0.16715579)
(9651, 0.17475561)
(9701, 0.29619951)
(9751, 0.14887807)
(9801, 0.22174122)
(9851, 0.14851794)
(9901, 0.30773525)
(9951, 0.29111286)
(10001, 0.17749773)
(10051, 0.27857395)
(10101, 0.15402695)
(10151, 0.26595396)
(10201, 0.62139155)
(10251, 0.39052862)
(10301, 0.25598624)
(10351, 0.23879741)
(10401, 0.11691288)
(10451, 0.14137754)
(10501, 0.12950167)
(10551, 0.11007969)
(10601, 0.17637310)
(10651, 0.40405193)
(10701, 0.14554583)
(10751, 0.12193518)
(10801, 0.14787275)
(10851, 0.12561661)
(10901, 0.09682196)
(10951, 0.17087745)
(11001, 0.14281562)
(11051, 0.12726528)
(11101, 0.12389320)
(11151, 0.12990406)
(11201, 0.12575179)
(11251, 0.16927844)
(11301, 0.20490027)
(11351, 0.14012191)
(11401, 0.64992991)
(11451, 0.11785325)
(11501, 0.18740800)
(11551, 0.08466533)
(11601, 0.14274728)
(11651, 0.37584493)
(11701, 0.05160337)
(11751, 0.21962420)
(11801, 0.19518160)
(11851, 0.08920033)
(11901, 0.24593264)
(11951, 0.12560030)
(12001, 0.18024939)
(12051, 0.11212025)
(12101, 0.23876889)
(12151, 0.16555019)
(12201, 0.10401061)
(12251, 0.29354507)
(12301, 0.28772647)
(12351, 0.11492285)
(12401, 0.11467135)
(12451, 0.16711615)
(12501, 0.17187828)
(12551, 0.16408328)
(12601, 0.12279752)
(12651, 0.04732677)
(12701, 0.20940055)
(12751, 0.16046184)
(12801, 0.17843542)
(12851, 0.06307336)
(12901, 0.09964732)
(12951, 0.08841081)
(13001, 0.15503956)
(13051, 0.07394725)
(13101, 0.09564339)
(13151, 0.15329719)
(13201, 0.14460145)
(13251, 0.20390253)
(13301, 0.09252914)
(13351, 0.16382607)
(13401, 0.20929937)
(13451, 0.12782595)
(13501, 0.12078502)
(13551, 0.07372091)
(13601, 0.12778798)
(13651, 0.27896856)
(13701, 0.14102519)
(13751, 0.23429179)
(13801, 0.15487635)
(13851, 0.13558833)
(13901, 0.08264179)
(13951, 0.10370233)
(14001, 0.13910070)
(14051, 0.11156419)
(14101, 0.16960309)
(14151, 0.05432323)
(14201, 0.23022680)
(14251, 0.11184601)
(14301, 0.07759920)
(14351, 0.21410681)
(14401, 0.26397633)
(14451, 0.07133454)
(14501, 0.17830095)
(14551, 0.12254677)
(14601, 0.18399119)
(14651, 0.16667965)
(14701, 0.08452399)
(14751, 0.07344875)
(14801, 0.12395891)
(14851, 0.08741128)
(14901, 0.09890520)
(14951, 0.03456284)
(15001, 0.06697806)
(15051, 0.11621754)
(15101, 0.18830543)
(15151, 0.05122078)
(15201, 0.09380388)
(15251, 0.16015430)
(15301, 0.09003375)
(15351, 0.05113060)
(15401, 0.15247495)
(15451, 0.38516383)
(15501, 0.13455038)
(15551, 0.12660324)
(15601, 0.14952926)
(15651, 0.20653246)
(15701, 0.07891815)
(15751, 0.19493892)
(15801, 0.13041611)
(15851, 0.06134434)
(15901, 0.07453033)
(15951, 0.37258206)
(16001, 0.26885604)
(16051, 0.02724950)
(16101, 0.14606292)
(16151, 0.12003904)
(16201, 0.11578805)
(16251, 0.06205179)
(16301, 0.07569008)
(16351, 0.11455531)
(16401, 0.12267442)
(16451, 0.07440220)
(16501, 0.07452405)
(16551, 0.10137615)
(16601, 0.33408813)
(16651, 0.56567183)
(16701, 0.19769415)
(16751, 0.08106207)
(16801, 0.07890557)
(16851, 0.08423332)
(16901, 0.06241978)
(16951, 0.06332548)
(17001, 0.03721336)
(17051, 0.05329628)
(17101, 0.07699706)
(17151, 0.05294516)
(17201, 0.07939750)
(17251, 0.08772761)
(17301, 0.15111572)
(17351, 0.06988138)
(17401, 0.06258091)
(17451, 0.05913701)
(17501, 0.09787958)
(17551, 0.11954428)
(17601, 0.05689568)
(17651, 0.28216150)
(17701, 0.06303538)
(17751, 0.03177512)
(17801, 0.03779173)
(17851, 0.22063603)
(17901, 0.08446350)
(17951, 0.10264204)
(18001, 0.31121223)
(18051, 0.10361521)
(18101, 0.16813491)
(18151, 0.14894687)
(18201, 0.05992831)
(18251, 0.17901461)
(18301, 0.09662057)
(18351, 0.13357483)
(18401, 0.05141041)
(18451, 0.02763983)
(18501, 0.27498364)
(18551, 0.06109657)
(18601, 0.06797218)
(18651, 0.03739566)
(18701, 0.15989485)
(18751, 0.09933544)
(18801, 0.05668789)
(18851, 0.10003978)
(18901, 0.06848942)
(18951, 0.03954918)
(19001, 0.07929390)
(19051, 0.02430549)
(19101, 0.08360678)
(19151, 0.06144463)
(19201, 0.14245028)
(19251, 0.34818514)
(19301, 0.13798093)
(19351, 0.13886034)
(19401, 0.03913011)
(19451, 0.03956725)
(19501, 0.04625261)
(19551, 0.04546276)
(19601, 0.07545068)
(19651, 0.01182909)
(19701, 0.75365430)
(19751, 0.04653119)
(19801, 0.03028834)
(19851, 0.08650514)
(19901, 0.24685116)
(19951, 0.04667067)
(20001, 0.03683698)
(20051, 0.07948039)
(20101, 0.04264142)
(20151, 0.03620597)
(20201, 0.01571335)
(20251, 0.08236880)
(20301, 0.01161385)
(20351, 0.06173763)
(20401, 0.07476857)
(20451, 0.17590218)
(20501, 0.04033820)
(20551, 0.03935174)
(20601, 0.12201943)
(20651, 0.18649624)
(20701, 0.10884162)
(20751, 0.00772268)
(20801, 0.18028195)
(20851, 0.04860314)
(20901, 0.07914583)
(20951, 0.37451448)
(21001, 0.23241297)
(21051, 0.02495919)
(21101, 0.02440879)
(21151, 0.02643837)
(21201, 0.12288182)
(21251, 0.01354630)
(21301, 0.04121674)
(21351, 0.02944251)
(21401, 0.03521293)
(21451, 0.37606713)
(21501, 0.43956823)
(21551, 0.17987199)
(21601, 0.11335866)
(21651, 0.06227411)
(21701, 0.24024687)
(21751, 0.04072868)
(21801, 0.03606633)
(21851, 0.07980594)
(21901, 0.01753968)
(21951, 0.17275301)
(22001, 0.03048564)
(22051, 0.08753095)
(22101, 0.00676172)
(22151, 0.08306395)
(22201, 0.10636597)
(22251, 0.08347441)
(22301, 0.07256042)
(22351, 0.02480841)
(22401, 0.09927427)
(22451, 0.02208852)
(22501, 0.04400001)
(22551, 0.09703229)
(22601, 0.09482640)
(22651, 0.02290418)
(22701, 0.00478198)
(22751, 0.03540877)
(22801, 0.02641044)
(22851, 0.09435746)
(22901, 0.03238245)
(22951, -0.00957273)
(23001, -0.01012267)
(23051, 0.09180360)
(23101, 0.09104075)
(23151, 0.07905550)
(23201, 0.02822329)
(23251, 0.00063203)
(23301, 0.02251612)
(23351, 0.09299678)
(23401, 0.07684189)
(23451, 0.01241378)
(23501, 0.08161966)
(23551, 0.02545870)
(23601, 0.17595745)
(23651, 0.12063608)
(23701, 0.06830769)
(23751, 0.00989580)
(23801, 0.07825675)
(23851, 0.41146357)
(23901, 0.01726313)
(23951, 0.19453743)
(24001, 0.34907028)
(24051, 0.04293663)
(24101, 0.04034784)
(24151, 0.05116439)
(24201, 0.16442375)
(24251, 0.03388425)
(24301, 0.00123222)
(24351, -0.00302703)
(24401, 0.05226176)
(24451, 0.03597496)
(24501, 0.00062469)
(24551, 0.25684449)
(24601, -0.01144491)
(24651, 0.13886305)
(24701, 0.11198411)
(24751, 0.08855959)
(24801, 0.11824416)
(24851, 0.17861978)
(24901, 0.19894848)
(24951, 0.07447267)
(25001, 0.12529322)
(25051, 0.26458479)
(25101, 0.22409090)
(25151, 0.26735235)
(25201, 0.07358479)
(25251, 0.07439794)
(25301, 0.02285696)
(25351, 0.03529540)
(25401, 0.03413936)
(25451, 0.05305622)
(25501, 0.02794793)
(25551, 0.10806966)
(25601, -0.00637403)
(25651, 0.08801026)
(25701, 0.06423200)
(25751, 0.13880444)
(25801, 0.39421450)
(25851, 0.05220165)
(25901, 0.12559853)
(25951, 0.18298565)
(26001, 0.12674933)
(26051, 0.20343903)
(26101, 0.11353508)
(26151, 0.03167700)
(26201, 0.08711652)
(26251, 0.30240811)
(26301, 0.00673405)
(26351, 0.01678876)
(26401, 0.07993875)
(26451, 0.49944281)
(26501, -0.01739576)
(26551, 0.01913096)
(26601, 0.06840476)
(26651, 0.26429864)
(26701, -0.00253215)
(26751, -0.01993932)
(26801, 0.06137925)
(26851, 0.04596123)
(26901, 0.01679696)
(26951, 0.41515531)
(27001, -0.00848668)
(27051, 0.01150314)
(27101, 0.00568064)
(27151, 0.03063841)
(27201, 0.05912095)
(27251, 0.32262296)
(27301, -0.01108546)
(27351, 0.00278326)
(27401, -0.01281736)
(27451, 0.20808535)
(27501, -0.02638369)
(27551, 0.01470967)
(27601, 0.86150777)
(27651, -0.00914359)
(27701, 0.04174914)
(27751, 0.09805699)
(27801, 0.03261382)
(27851, -0.02552026)
(27901, 0.06754330)
(27951, -0.01374720)
(28001, -0.02433440)
(28051, -0.00966475)
(28101, 0.11358365)
(28151, 0.02789529)
(28201, 0.13503172)
(28251, 0.07113900)
(28301, 0.21289304)
(28351, 0.02550690)
(28401, 0.00444781)
(28451, 0.06134345)
(28501, 0.06183024)
(28551, 0.02934835)
(28601, -0.00264439)
(28651, -0.00088295)
(28701, 0.28332020)
(28751, -0.01627834)
(28801, 0.09890795)
(28851, -0.01495659)
(28901, 0.06435166)
(28951, -0.03245199)
(29001, 0.06300570)
(29051, 0.70114162)
(29101, 0.12033964)
(29151, 0.21599324)
(29201, -0.02148891)
(29251, -0.03549376)
(29301, 0.11141083)
(29351, 0.16577268)
(29401, 0.05179299)
(29451, 0.18488010)
(29501, 0.01312146)
(29551, 0.01275203)
(29601, -0.01119860)
(29651, 0.09900570)
(29701, 0.03801362)
(29751, 0.08212915)
(29801, 0.05426511)
(29851, 0.05597721)
(29901, 0.03834148)
(29951, 0.14910773)
(30001, 0.06637447)
(30051, 0.05501528)
(30101, 0.00789313)
(30151, 0.02858708)
(30201, -0.01158921)
(30251, 0.05793175)
(30301, 0.20625414)
(30351, 0.18887920)
(30401, 0.02415289)
(30451, 0.22928876)
(30501, -0.01541300)
(30551, -0.00992580)
(30601, 0.01681319)
(30651, 0.09294553)
(30701, 0.19213981)
(30751, 0.13709891)
(30801, 0.00628252)
(30851, -0.01640573)
(30901, 0.00178342)
(30951, 0.00819043)
(31001, 0.00704730)
(31051, 0.00435573)
(31101, -0.01882352)
(31151, 0.06874484)
(31201, 0.00573450)
(31251, 0.10721167)
(31301, 0.15669759)
(31351, 0.29475077)
(31401, -0.03123202)
(31451, 0.45857777)
(31501, -0.00297302)
(31551, 0.04834887)
(31601, 0.02540984)
(31651, -0.02221359)
(31701, 0.01087791)
(31751, -0.02504240)
(31801, 0.04380032)
(31851, 0.06962986)
(31901, 0.19577346)
(31951, 0.00560469)
(32001, 0.00823504)
(32051, -0.02863475)
(32101, 0.07444363)
(32151, -0.03869426)
(32201, -0.01179906)
(32251, 0.14305464)
(32301, 0.01714148)
(32351, -0.00228358)
(32401, -0.00344761)
(32451, -0.01820095)
(32501, -0.01177885)
(32551, 0.38364006)
(32601, -0.00902696)
(32651, -0.02334847)
(32701, -0.01687305)
(32751, 0.08743947)
(32801, 0.00776089)
(32851, -0.01311337)
(32901, -0.05922050)
(32951, -0.01628048)
(33001, 0.19488843)
(33051, 0.02736741)
(33101, 0.14823727)
(33151, -0.02718243)
(33201, 0.35905327)
(33251, -0.02610559)
(33301, 0.19064309)
(33351, -0.04181421)
(33401, 0.05454156)
(33451, 0.07551362)
(33501, -0.02768872)
(33551, -0.04126339)
(33601, -0.01644413)
(33651, -0.04541449)
(33701, -0.05494611)
(33751, -0.00050980)
(33801, 0.12717780)
(33851, 0.06401169)
(33901, 0.02088862)
(33951, 0.05716895)
(34001, 0.00226371)
(34051, 0.20538619)
(34101, 0.02760804)
(34151, -0.03492069)
(34201, 0.01542860)
(34251, -0.00185385)
(34301, -0.04034667)
(34351, -0.02218021)
(34401, 0.42991090)
(34451, 0.10547153)
(34501, 0.32508744)
(34551, -0.00364523)
(34601, -0.04586914)
(34651, -0.03736638)
(34701, -0.00105851)
(34751, -0.02305692)
(34801, -0.00357359)
(34851, 0.02235695)
(34901, -0.01237073)
(34951, 0.01128453)
(35001, 0.01605172)
(35051, -0.02003472)
(35101, -0.02207096)
(35151, -0.02462550)
(35201, -0.03944175)
(35251, 0.17052316)
(35301, 0.01231625)
(35351, 0.14743724)
(35401, 0.41085312)
(35451, 0.05695113)
(35501, 0.13101366)
(35551, 0.29549405)
(35601, 0.01768261)
(35651, -0.03728008)
(35701, -0.05271389)
(35751, -0.02223459)
(35801, 0.19660179)
(35851, -0.03106837)
(35901, -0.03824256)
(35951, -0.01462467)
(36001, -0.01306272)
(36051, -0.05059964)
(36101, -0.01649256)
(36151, 0.02583589)
(36201, 0.17649527)
(36251, -0.01007728)
(36301, -0.03272073)
(36351, -0.02122575)
(36401, -0.01287915)
(36451, -0.06399974)
(36501, 0.01996419)
(36551, -0.03515240)
(36601, 0.08755041)
(36651, -0.01337167)
(36701, 0.12535484)
(36751, 0.03354194)
(36801, 0.07314281)
(36851, -0.02673696)
(36901, -0.02425076)
(36951, -0.02752141)
(37001, 0.24295348)
(37051, 0.09625258)
(37101, 0.08310912)
(37151, 0.02954474)
(37201, 0.00757441)
(37251, -0.01706285)
(37301, 0.00215192)
(37351, -0.05528267)
(37401, -0.02928625)
(37451, -0.02114326)
(37501, -0.03158284)
(37551, -0.00204763)
(37601, -0.02905166)
(37651, -0.00895401)
(37701, 0.01369275)
(37751, 0.08974547)
(37801, -0.05115388)
(37851, 0.00383227)
(37901, 0.05879322)
(37951, -0.03754213)
(38001, 0.08109928)
(38051, -0.04618340)
(38101, 0.16034658)
(38151, 0.20302115)
(38201, -0.06328821)
(38251, -0.06290350)
(38301, 0.13337944)
(38351, 0.09961565)
(38401, 0.03384729)
(38451, -0.02687516)
(38501, -0.05528403)
(38551, 0.14385379)
(38601, -0.02986459)
(38651, 0.03890344)
(38701, 0.37401017)
(38751, -0.02681127)
(38801, -0.03791170)
(38851, -0.03404922)
(38901, -0.04661126)
(38951, -0.02188800)
(39001, -0.05160458)
(39051, -0.02647059)
(39101, -0.01282363)
(39151, -0.01591512)
(39201, 0.00498204)
(39251, -0.01530315)
(39301, 0.16876024)
(39351, -0.02369816)
(39401, -0.03563320)
(39451, 0.00706019)
(39501, -0.01627391)
(39551, -0.04024612)
(39601, 0.19720004)
(39651, -0.00309690)
(39701, 0.08153988)
(39751, -0.00539751)
(39801, 0.13182794)
(39851, 0.03007984)
(39901, 0.02481555)
(39951, 0.11689138)
(40001, -0.03787977)
(40051, 0.14697183)
(40101, 0.20468037)
(40151, -0.02973728)
(40201, -0.02236286)
(40251, -0.02284502)
(40301, 0.07161107)
(40351, 0.30590313)
(40401, 0.02115829)
(40451, 0.02559940)
(40501, 0.01376020)
(40551, 0.16960508)
(40601, 0.06594062)
(40651, -0.02786679)
(40701, 0.01551628)
(40751, -0.01587041)
(40801, -0.01885025)
(40851, -0.02079431)
(40901, 0.01381965)
(40951, 0.12010059)
(41001, 0.05663380)
(41051, -0.03998443)
(41101, 0.02019980)
(41151, 0.02066872)
(41201, 0.03858370)
(41251, -0.03320108)
(41301, -0.05267771)
(41351, -0.06299566)
(41401, -0.05341975)
(41451, -0.05809620)
(41501, 0.07059744)
(41551, -0.05480973)
(41601, -0.03883193)
(41651, -0.05955116)
(41701, 0.03071835)
(41751, -0.00183105)
(41801, 0.08143212)
(41851, -0.03390132)
(41901, -0.04038884)
(41951, -0.02215268)
(42001, -0.04804295)
(42051, -0.04048098)
(42101, 0.14042244)
(42151, 0.05695204)
(42201, 0.01430441)
(42251, -0.02372491)
(42301, 0.43908266)
(42351, -0.03401126)
(42401, 0.16428525)
(42451, -0.03674601)
(42501, 0.19688932)
(42551, -0.02986743)
(42601, -0.05974150)
(42651, -0.03116870)
(42701, 0.09362878)
(42751, 0.08492646)
(42801, -0.03525413)
(42851, -0.05091256)
(42901, 0.02133106)
(42951, 0.03282229)
(43001, -0.07113825)
(43051, -0.06305288)
(43101, 0.00069102)
(43151, 0.04213716)
(43201, 0.06796616)
(43251, 0.04300909)
(43301, -0.05323209)
(43351, -0.05299408)
(43401, -0.05402031)
(43451, -0.04612928)
(43501, 0.15869829)
(43551, 0.04702303)
(43601, -0.04773441)
(43651, -0.06234568)
(43701, -0.00337029)
(43751, -0.02376315)
(43801, 0.05902346)
(43851, -0.05418162)
(43901, 0.06110188)
(43951, 0.01070462)
(44001, -0.04275582)
(44051, 0.14362418)
(44101, -0.03602090)
(44151, 0.00437758)
(44201, -0.02049356)
(44251, -0.00491547)
(44301, -0.01414127)
(44351, -0.02974648)
(44401, 0.09367565)
(44451, 0.01616513)
(44501, -0.06113273)
(44551, -0.01430264)
(44601, -0.00988906)
(44651, -0.02412217)
(44701, -0.04524790)
(44751, -0.00824207)
(44801, -0.05947238)
(44851, 0.09684617)
(44901, 0.05651494)
(44951, -0.07451738)
(45001, -0.01015367)
(45051, -0.05952291)
(45101, -0.06134277)
(45151, -0.02745572)
(45201, -0.02897245)
(45251, -0.05726427)
(45301, 0.03393345)
(45351, -0.05943672)
(45401, -0.00155263)
(45451, -0.04183883)
(45501, 0.00664423)
(45551, -0.02307699)
(45601, 0.07268982)
(45651, 0.00618353)
(45701, -0.04469845)
(45751, 0.00716581)
(45801, 0.01472555)
(45851, 0.00328728)
(45901, -0.04791846)
(45951, 0.12281753)
(46001, -0.03742361)
(46051, -0.07347346)
(46101, 0.05109263)
(46151, -0.03605564)
(46201, -0.03848020)
(46251, -0.06358291)
(46301, -0.04471542)
(46351, -0.03820439)
(46401, -0.02221444)
(46451, -0.05500436)
(46501, -0.03936119)
(46551, -0.06256405)
(46601, -0.05714851)
(46651, -0.00450419)
(46701, -0.00608378)
(46751, -0.01503459)
(46801, -0.04185786)
(46851, -0.06229300)
(46901, 0.02366712)
(46951, -0.02540783)
(47001, -0.04504502)
(47051, -0.07456845)
(47101, -0.00235529)
(47151, 0.05836384)
(47201, 0.26057278)
(47251, 0.14242300)
(47301, 0.13736464)
(47351, -0.07995605)
(47401, -0.00325057)
(47451, 0.46604155)
(47501, -0.01302278)
(47551, -0.03658124)
(47601, -0.04902328)
(47651, -0.05115091)
(47701, -0.01569187)
(47751, 0.14478060)
(47801, -0.04717907)
(47851, 0.39227357)
(47901, -0.03075753)
(47951, 0.21948816)
(48001, 0.04433183)
(48051, 0.00565874)
(48101, -0.04703086)
(48151, -0.06536783)
(48201, 0.02782678)
(48251, 0.13566177)
(48301, 0.29261073)
(48351, -0.03874197)
(48401, 0.01725973)
(48451, -0.06511955)
(48501, -0.05032752)
(48551, -0.04534254)
(48601, 0.10550805)
(48651, -0.04995067)
(48701, -0.07357464)
(48751, 0.14024507)
(48801, -0.03815654)
(48851, -0.05690668)
(48901, -0.00394334)
(48951, 0.08164626)
(49001, -0.03446662)
(49051, -0.08368136)
(49101, -0.01007469)
(49151, -0.04925635)
(49201, -0.05550655)
(49251, 0.16723362)
(49301, -0.04921978)
(49351, 0.05823573)
(49401, -0.02848816)
(49451, 0.23703733)
(49501, -0.04211586)
(49551, 0.01488697)
(49601, -0.06419469)
(49651, 0.25330739)
(49701, 0.00582628)
(49751, 0.03829912)
(49801, -0.05000997)
(49851, -0.00464091)
(49901, 0.01802516)
(49951, -0.03480413)
(50001, 0.06724921)
(50051, 0.11479744)
(50101, -0.06537064)
(50151, -0.00702596)
(50201, 0.06701919)
(50251, -0.07470679)
(50301, -0.05006277)
(50351, 0.03449877)
(50401, 0.30237891)
(50451, 0.11336648)
(50501, -0.03377443)
(50551, 0.02188057)
(50601, -0.00186121)
(50651, 0.32211846)
(50701, -0.00768165)
(50751, -0.07709904)
(50801, 0.38989308)
(50851, -0.06235141)
(50901, -0.08155929)
(50951, -0.06028039)
(51001, 0.13850571)
(51051, -0.06099815)
(51101, -0.01053300)
(51151, -0.06335381)
(51201, -0.08013620)
(51251, 0.03275631)
(51301, -0.08769172)
(51351, -0.04368335)
(51401, -0.05220351)
(51451, 0.08199751)
(51501, -0.02342500)
(51551, -0.07548353)
(51601, 0.01786997)
(51651, 0.01527535)
(51701, -0.05266719)
(51751, -0.03186680)
(51801, -0.02374049)
(51851, -0.07037653)
(51901, -0.02869494)
(51951, -0.05270552)
(52001, -0.04464804)
(52051, -0.00904527)
(52101, -0.04122789)
(52151, -0.07017839)
(52201, -0.02408634)
(52251, -0.03363499)
(52301, -0.04592083)
(52351, 0.04829182)
(52401, -0.04083370)
(52451, -0.08963592)
(52501, -0.02559344)
(52551, 0.03584448)
(52601, -0.05578436)
(52651, 0.03503659)
(52701, -0.07778403)
(52751, -0.05095684)
(52801, -0.05662435)
(52851, 0.12709951)
(52901, -0.07355345)
(52951, 0.29799452)
(53001, -0.08675095)
(53051, -0.03425523)
(53101, 0.08246946)
(53151, 0.10446959)
(53201, -0.05398325)
(53251, 0.03269879)
(53301, 0.07402704)
(53351, -0.01826842)
(53401, -0.02742829)
(53451, 0.02872190)
(53501, -0.07127533)
(53551, -0.05357635)
(53601, -0.05440665)
(53651, -0.06912377)
(53701, -0.07609816)
(53751, -0.08885043)
(53801, -0.07455327)
(53851, -0.05073461)
(53901, -0.07510332)
(53951, 0.06635971)
(54001, 0.01342511)
(54051, -0.05191602)
(54101, -0.02083476)
(54151, -0.04028508)
(54201, 0.09381039)
(54251, -0.01251547)
(54301, -0.07014984)
(54351, -0.07184078)
(54401, -0.07821906)
(54451, -0.03110854)
(54501, -0.05364129)
(54551, -0.06632818)
(54601, -0.03903775)
(54651, 0.01881969)
(54701, 0.03003194)
(54751, 0.06372770)
(54801, -0.04885576)
(54851, -0.03786857)
(54901, -0.03814993)
(54951, -0.04101326)
(55001, -0.06645368)
(55051, -0.04273354)
(55101, -0.04852308)
(55151, -0.04797193)
(55201, -0.02578832)
(55251, -0.00000419)
(55301, 0.04624863)
(55351, 0.04790177)
(55401, -0.02448187)
(55451, -0.04940361)
(55501, 0.03776692)
(55551, -0.02358469)
(55601, -0.03797656)
(55651, -0.08051611)
(55701, 0.02378277)
(55751, 0.02305887)
(55801, 0.03966112)
(55851, 0.00058882)
(55901, 0.33831325)
(55951, -0.06893546)
(56001, -0.01617078)
(56051, -0.06014773)
(56101, -0.07380798)
(56151, -0.03954221)
(56201, 0.13280392)
(56251, 0.15573019)
(56301, 0.00474158)
(56351, -0.06051406)
(56401, 0.20886229)
(56451, -0.08413216)
(56501, 0.00792233)
(56551, -0.02341130)
(56601, -0.07922344)
(56651, 0.17702559)
(56701, -0.05288922)
(56751, -0.05682441)
(56801, -0.00971715)
(56851, 0.01568230)
(56901, -0.04839337)
(56951, 0.18236385)
(57001, 0.02147529)
(57051, -0.01762037)
(57101, -0.05895571)
(57151, 0.03545976)
(57201, -0.03112523)
(57251, -0.07436575)
(57301, -0.06752736)
(57351, -0.00056473)
(57401, -0.03936438)
(57451, 0.02480484)
(57501, 0.07786801)
(57551, -0.07308875)
(57601, -0.03011467)
(57651, 0.24018713)
(57701, 0.13189124)
(57751, 0.13610884)
(57801, -0.05430305)
(57851, -0.04495344)
(57901, 0.11757585)
(57951, -0.04011099)
(58001, 0.00066353)
(58051, -0.03241146)
(58101, 0.10358405)
(58151, -0.02368095)
(58201, -0.02484913)
(58251, -0.03809972)
(58301, -0.07650467)
(58351, -0.02184794)
(58401, -0.02751781)
(58451, -0.04843907)
(58501, -0.08917893)
(58551, 0.58715324)
(58601, -0.00286558)
(58651, 0.04143992)
(58701, -0.04994374)
(58751, -0.03450712)
(58801, -0.08993354)
(58851, -0.06539400)
(58901, -0.03754677)
(58951, -0.04495019)
(59001, -0.05747272)
(59051, -0.02676499)
(59101, 0.03862739)
(59151, -0.06673097)
(59201, -0.01494753)
(59251, -0.06554915)
(59301, -0.06456544)
(59351, 0.00353140)
(59401, -0.06560230)
(59451, -0.00325487)
(59501, 0.08299106)
(59551, 0.04129516)
(59601, 0.00234636)
(59651, -0.05439099)
(59701, 0.05108577)
(59751, -0.01830083)
(59801, -0.06328668)
(59851, -0.03526729)
(59901, -0.05088959)
(59951, 0.28519345)
(60001, 0.20648689)
(60051, -0.06327862)
(60101, -0.00593447)
(60151, -0.03687881)
(60201, -0.00080534)
(60251, -0.06208545)
(60301, -0.05505325)
(60351, -0.06065123)
(60401, -0.07014885)
(60451, -0.10046672)
(60501, -0.04427616)
(60551, 0.04551454)
(60601, -0.02993790)
(60651, -0.00051779)
(60701, -0.06991036)
(60751, -0.08335599)
(60801, -0.04214259)
(60851, -0.06350071)
(60901, -0.06686239)
(60951, -0.05831964)
(61001, 0.50728614)
(61051, 0.00521655)
(61101, 0.09195104)
(61151, 0.11844810)
(61201, -0.08394111)
(61251, -0.00293732)
(61301, -0.03593215)
(61351, -0.08382275)
(61401, -0.08546228)
(61451, -0.09567543)
(61501, -0.05914663)
(61551, -0.07236635)
(61601, -0.05013867)
(61651, 0.13955976)
(61701, -0.03261659)
(61751, -0.08270015)
(61801, -0.06575480)
(61851, -0.02461831)
(61901, -0.03561157)
(61951, 0.09852887)
(62001, -0.09212222)
(62051, -0.02949116)
(62101, 0.03644138)
(62151, -0.07194785)
(62201, -0.04419719)
(62251, -0.06804781)
(62301, -0.07803563)
(62351, -0.06881022)
(62401, 0.09411230)
(62451, 0.12636425)
(62501, -0.08161705)
(62551, 0.02281962)
(62601, -0.02588178)
(62651, -0.07939798)
(62701, -0.02073040)
(62751, 0.01818053)
(62801, -0.04363338)
(62851, 0.10668056)
(62901, 0.03469356)
(62951, -0.07331843)
(63001, -0.05323686)
(63051, 0.04349231)
(63101, 0.03126435)
(63151, -0.01793117)
(63201, -0.07370934)
(63251, 0.19848435)
(63301, -0.05394014)
(63351, -0.05557602)
(63401, -0.06907998)
(63451, -0.08244321)
(63501, -0.03945694)
(63551, -0.09492465)
(63601, -0.06571145)
(63651, -0.08589809)
(63701, 0.17967492)
(63751, -0.06001933)
(63801, -0.01416206)
(63851, -0.08094170)
(63901, -0.06499144)
(63951, -0.04834512)
(64001, -0.05668732)
(64051, 0.38968000)
(64101, 0.01893303)
(64151, 0.00882622)
(64201, -0.02840860)
(64251, 0.02039506)
(64301, 0.20476350)
(64351, 0.17155316)
(64401, 0.21758727)
(64451, 0.04021901)
(64501, -0.03289339)
(64551, -0.05135432)
(64601, -0.07787409)
(64651, -0.06872931)
(64701, -0.06921855)
(64751, 0.16796919)
(64801, -0.08621650)
(64851, -0.01760851)
(64901, -0.00416574)
(64951, -0.02914723)
(65001, -0.07222650)
(65051, -0.08165400)
(65101, -0.07768485)
(65151, -0.03601160)
(65201, -0.06438583)
(65251, -0.07613355)
(65301, -0.07158755)
(65351, 0.30639376)
(65401, 0.00976892)
(65451, -0.07989665)
(65501, -0.08412967)
(65551, -0.00155624)
(65601, -0.09666309)
(65651, -0.05439017)
(65701, 0.01375761)
(65751, -0.01130352)
(65801, -0.05156461)
(65851, 0.06700047)
(65901, -0.10209860)
(65951, 0.00005582)
(66001, -0.05523413)
(66051, -0.10132921)
(66101, -0.03859185)
(66151, 0.08131573)
(66201, -0.08615104)
(66251, -0.09837083)
(66301, -0.07119887)
(66351, -0.01850712)
(66401, -0.07582990)
(66451, -0.05486156)
(66501, 0.07619393)
(66551, -0.02570831)
(66601, 0.03976214)
(66651, -0.07968585)
(66701, 0.19757742)
(66751, -0.00190149)
(66801, -0.05675930)
(66851, -0.04515352)
(66901, -0.06594718)
(66951, -0.07539756)
(67001, -0.09319399)
(67051, -0.07224414)
(67101, 0.03942071)
(67151, -0.01961838)
(67201, -0.08358781)
(67251, -0.06488941)
(67301, -0.07772154)
(67351, -0.11296837)
(67401, -0.00345169)
(67451, -0.08337476)
(67501, -0.07469465)
(67551, -0.09473961)
(67601, -0.03109599)
(67651, -0.06967301)
(67701, -0.07813985)
(67751, 0.00104641)
(67801, -0.08219289)
(67851, 0.00730445)
(67901, 0.07506897)
(67951, -0.09685955)
(68001, -0.06208629)
(68051, -0.08054551)
(68101, -0.07572488)
(68151, -0.05370094)
(68201, -0.05278212)
(68251, -0.04195697)
(68301, -0.07660401)
(68351, -0.07096480)
(68401, -0.10295349)
(68451, -0.08577082)
(68501, 0.01740880)
(68551, 0.00168341)
(68601, -0.07707018)
(68651, -0.04509339)
(68701, -0.06608848)
(68751, -0.06319260)
(68801, 0.22867085)
(68851, 0.01257733)
(68901, -0.05825308)
(68951, -0.08443532)
(69001, 0.05757246)
(69051, -0.06374292)
(69101, 0.03766683)
(69151, -0.06552226)
(69201, 0.02299871)
(69251, -0.05190578)
(69301, 0.00463236)
(69351, 0.06594174)
(69401, 0.10672978)
(69451, 0.01300886)
(69501, 0.01840743)
(69551, -0.08072332)
(69601, -0.02155323)
(69651, -0.02631260)
(69701, -0.03790841)
(69751, -0.04068357)
(69801, -0.10266965)
(69851, -0.00942359)
(69901, -0.05202507)
(69951, -0.08474399)
(70001, -0.05458120)
(70051, -0.07633783)
(70101, 0.03248891)
(70151, 0.00509988)
(70201, -0.07948678)
(70251, -0.05260943)
(70301, -0.08770640)
(70351, 0.07738644)
(70401, 0.01563656)
(70451, 0.04436636)
(70501, 0.26470995)
(70551, -0.02519355)
(70601, -0.03956380)
(70651, -0.04758072)
(70701, -0.02622164)
(70751, -0.03886486)
(70801, -0.03020763)
(70851, -0.04470132)
(70901, 0.05974193)
(70951, -0.08266516)
(71001, -0.05642278)
(71051, -0.09765109)
(71101, -0.07565908)
(71151, 0.22626109)
(71201, -0.08213104)
(71251, 0.09374747)
(71301, -0.00371680)
(71351, 0.02384400)
(71401, -0.04832949)
(71451, -0.07876411)
(71501, -0.08436725)
(71551, -0.02088516)
(71601, -0.06361726)
(71651, -0.03628151)
(71701, -0.05767155)
(71751, 0.00820894)
(71801, 0.02453725)
(71851, 0.05310079)
(71901, -0.02141987)
(71951, 0.14297739)
(72001, -0.09756558)
(72051, 0.04102913)
(72101, -0.00319603)
(72151, -0.06947160)
(72201, -0.07007596)
(72251, -0.05644714)
(72301, 0.25628305)
(72351, 0.05489991)
(72401, -0.05058388)
(72451, -0.09632889)
(72501, -0.03656999)
(72551, 0.21838941)
(72601, 0.08802313)
(72651, -0.07002399)
(72701, -0.04695549)
(72751, -0.04503470)
(72801, 0.14995006)
(72851, -0.10539519)
(72901, 0.06691163)
(72951, -0.04262231)
(73001, -0.07800771)
(73051, 0.01684368)
(73101, -0.10377036)
(73151, -0.04755184)
(73201, -0.00925409)
(73251, 0.01208332)
(73301, -0.09072947)
(73351, -0.05166517)
(73401, -0.04489114)
(73451, -0.09844090)
(73501, -0.02581185)
(73551, 0.15194825)
(73601, -0.09099810)
(73651, -0.06504708)
(73701, -0.01318252)
(73751, -0.07385523)
(73801, -0.08489731)
(73851, -0.05324201)
(73901, 0.09132167)
(73951, 0.05139529)
(74001, -0.02183916)
(74051, -0.01637667)
(74101, 0.03535635)
(74151, 0.10784535)
(74201, -0.04943983)
(74251, -0.09252849)
(74301, -0.01778720)
(74351, -0.04761402)
(74401, -0.05437563)
(74451, -0.05354003)
(74501, 0.10617522)
(74551, -0.05747331)
(74601, -0.03448780)
(74651, -0.01599640)
(74701, -0.06423822)
(74751, -0.02645899)
(74801, -0.11564703)
(74851, -0.09881786)
(74901, -0.06739212)
(74951, 0.06716122)
(75001, -0.07485365)
(75051, -0.10119300)
(75101, -0.01557800)
(75151, -0.08520976)
(75201, -0.07010651)
(75251, -0.10557213)
(75301, -0.03373781)
(75351, -0.00748961)
(75401, -0.02979846)
(75451, -0.08103382)
(75501, -0.07475223)
(75551, -0.05776606)
(75601, -0.08204495)
(75651, -0.10539647)
(75701, -0.02512939)
(75751, -0.04973257)
(75801, -0.10004875)
(75851, 0.26468056)
(75901, -0.08595332)
(75951, 0.14212629)
(76001, -0.05458975)
(76051, 0.36723647)
(76101, -0.08649587)
(76151, -0.07507131)
(76201, 0.01760508)
(76251, -0.00461682)
(76301, -0.05111314)
(76351, -0.06536110)
(76401, -0.02393892)
(76451, -0.04640153)
(76501, -0.09443779)
(76551, 0.03334020)
(76601, 0.38071033)
(76651, 0.03507842)
(76701, -0.08467464)
(76751, 0.17346254)
(76801, -0.09119881)
(76851, -0.00523499)
(76901, 0.11975523)
(76951, -0.08856692)
(77001, -0.07876656)
(77051, -0.04488286)
(77101, -0.08205567)
(77151, 0.09218425)
(77201, -0.01599079)
(77251, -0.08012791)
(77301, -0.08534035)
(77351, 0.07436031)
(77401, -0.08671378)
(77451, -0.10014274)
(77501, -0.03801175)
(77551, -0.02334804)
(77601, -0.07760638)
(77651, -0.10338496)
(77701, 0.05784155)
(77751, -0.08354676)
(77801, -0.06220157)
(77851, -0.03203641)
(77901, -0.05016083)
(77951, -0.08030067)
(78001, -0.07016478)
(78051, -0.07214567)
(78101, -0.02294646)
(78151, 0.09005815)
(78201, -0.04803915)
(78251, -0.09165536)
(78301, -0.09387627)
(78351, -0.08061441)
(78401, -0.01681620)
(78451, -0.05161409)
(78501, 0.11066986)
(78551, -0.07272641)
(78601, -0.06914632)
(78651, 0.03110528)
(78701, -0.07517036)
(78751, -0.00616972)
(78801, -0.06645531)
(78851, -0.08724808)
(78901, 0.16761625)
(78951, 0.11593683)
(79001, 0.13933263)
(79051, -0.04747422)
(79101, -0.03415061)
(79151, 0.20234039)
(79201, 0.36162168)
(79251, -0.07868011)
(79301, 0.13477662)
(79351, -0.07373707)
(79401, -0.10045813)
(79451, -0.08156743)
(79501, -0.09121639)
(79551, -0.07166401)
(79601, -0.09435946)
(79651, -0.06068015)
(79701, 0.19008582)
(79751, -0.07100850)
(79801, 0.00583864)
(79851, -0.09259748)
(79901, -0.07660820)
(79951, -0.00049744)
(80001, -0.04142869)
(80051, -0.04463600)
(80101, 0.12268503)
(80151, -0.07739183)
(80201, -0.04869293)
(80251, 0.18043987)
(80301, -0.05544670)
(80351, 0.23915717)
(80401, 0.04522647)
(80451, 0.22910760)
(80501, -0.09231013)
(80551, -0.08637676)
(80601, -0.07207633)
(80651, -0.07953094)
(80701, 0.41781330)
(80751, -0.07790733)
(80801, -0.09018621)
(80851, 0.41972447)
(80901, 0.06141045)
(80951, -0.07114324)
(81001, 0.18119437)
(81051, 0.22930927)
(81101, 0.06099627)
(81151, 0.07785217)
(81201, 0.00180476)
(81251, -0.06883844)
(81301, -0.02857721)
(81351, -0.09741834)
(81401, 0.05020497)
(81451, -0.01522538)
(81501, -0.10885034)
(81551, -0.05727350)
(81601, -0.05012567)
(81651, 0.04073907)
(81701, -0.07691009)
(81751, 0.10338968)
(81801, -0.07497361)
(81851, -0.00041809)
(81901, -0.02832545)
(81951, -0.08838451)
(82001, -0.08900876)
(82051, -0.06619327)
(82101, -0.07855249)
(82151, -0.05379715)
(82201, -0.06060408)
(82251, -0.10422683)
(82301, -0.01357937)
(82351, -0.07098708)
(82401, -0.10510903)
(82451, -0.00570953)
(82501, 0.05033193)
(82551, -0.02846379)
(82601, -0.02946651)
(82651, 0.10403729)
(82701, -0.07500414)
(82751, -0.02156436)
(82801, -0.08230952)
(82851, -0.01097206)
(82901, -0.07738773)
(82951, -0.09862034)
(83001, -0.10150661)
(83051, -0.03647641)
(83101, -0.00069220)
(83151, -0.07594708)
(83201, 0.30763707)
(83251, -0.03905192)
(83301, -0.07292125)
(83351, -0.07636897)
(83401, 0.11289968)
(83451, -0.05357970)
(83501, 0.05356428)
(83551, -0.05311377)
(83601, -0.05239086)
(83651, -0.07832405)
(83701, -0.09574094)
(83751, -0.06275972)
(83801, 0.42547727)
(83851, -0.03710106)
(83901, -0.03054871)
(83951, -0.07194557)
(84001, 0.12828873)
(84051, -0.01793949)
(84101, -0.01651093)
(84151, -0.03091916)
(84201, -0.07836154)
(84251, 0.03451179)
(84301, -0.10844594)
(84351, -0.06755678)
(84401, -0.08104878)
(84451, 0.06482902)
(84501, -0.08729139)
(84551, -0.00839526)
(84601, -0.11440160)
(84651, 0.01903631)
(84701, -0.09100636)
(84751, -0.10544033)
(84801, -0.01721626)
(84851, 0.03080829)
(84901, -0.05327445)
(84951, -0.08283283)
(85001, 0.09284389)
(85051, -0.02501469)
(85101, -0.08640802)
(85151, -0.06892600)
(85201, 0.01553617)
(85251, -0.08204818)
(85301, -0.09827942)
(85351, -0.09373318)
(85401, -0.06319844)
(85451, 0.08460997)
(85501, -0.06245377)
(85551, -0.04778182)
(85601, -0.09429492)
(85651, -0.03394140)
(85701, -0.10893752)
(85751, -0.10344223)
(85801, 0.19444177)
(85851, 0.03627170)
(85901, -0.10690901)
(85951, 0.00964799)
(86001, -0.03389856)
(86051, -0.09618281)
(86101, 0.06188857)
(86151, -0.08683909)
(86201, 0.02088420)
(86251, -0.11995806)
(86301, -0.08131430)
(86351, -0.04202458)
(86401, -0.09832982)
(86451, -0.00248197)
(86501, -0.10444099)
(86551, -0.01637963)
(86601, 0.24550810)
(86651, 0.05517160)
(86701, 0.33496816)
(86751, -0.05767923)
(86801, -0.00239652)
(86851, -0.07376640)
(86901, -0.05498977)
(86951, -0.08482016)
(87001, 0.19344805)
(87051, 0.05081855)
(87101, 0.16370453)
(87151, -0.05819246)
(87201, -0.07372990)
(87251, -0.01518481)
(87301, -0.08559888)
(87351, 0.16779996)
(87401, -0.09491187)
(87451, -0.08379123)
(87501, -0.09694222)
(87551, -0.06567053)
(87601, -0.04837983)
(87651, 0.06604198)
(87701, -0.09498543)
(87751, -0.09072874)
(87801, -0.02587355)
(87851, -0.08598568)
(87901, -0.09373912)
(87951, -0.09426347)
(88001, -0.08778306)
(88051, 0.02251182)
(88101, -0.08474218)
(88151, -0.08566856)
(88201, -0.08765390)
(88251, -0.10620325)
(88301, -0.03772712)
(88351, -0.06867915)
(88401, -0.09640871)
(88451, 0.11555216)
(88501, -0.06518662)
(88551, -0.07608806)
(88601, -0.04026308)
(88651, -0.09694405)
(88701, 0.01443643)
(88751, -0.08972413)
(88801, -0.08758256)
(88851, -0.01835532)
(88901, -0.07984973)
(88951, -0.05220274)
(89001, 0.05452404)
(89051, -0.09245092)
(89101, -0.07992960)
(89151, -0.08700388)
(89201, -0.02385532)
(89251, 0.05440113)
(89301, -0.09786356)
(89351, -0.10142369)
(89401, -0.06611833)
(89451, -0.09730271)
(89501, -0.00108877)
(89551, 0.06956574)
(89601, -0.09718301)
(89651, 0.20237499)
(89701, 0.24673088)
(89751, 0.17701648)
(89801, -0.10043696)
(89851, -0.03125961)
(89901, -0.04615612)
(89951, -0.07858830)
(90001, -0.04264109)
(90051, 0.06791706)
(90101, -0.08399411)
(90151, -0.08437090)
(90201, -0.11372161)
(90251, -0.09612884)
(90301, 0.00936956)
(90351, -0.06782438)
(90401, 0.08937434)
(90451, -0.07023043)
(90501, 0.04677361)
(90551, 0.07265636)
(90601, 0.00519171)
(90651, -0.08089549)
(90701, 0.10530695)
(90751, -0.06145859)
(90801, -0.09977954)
(90851, -0.10141769)
(90901, 0.00496136)
(90951, -0.02559260)
(91001, 0.02839212)
(91051, -0.09223000)
(91101, 0.01278034)
(91151, -0.06542739)
(91201, -0.09354678)
(91251, -0.09465560)
(91301, -0.04157748)
(91351, 0.73443920)
(91401, 0.05613451)
(91451, -0.08924445)
(91501, -0.12795456)
(91551, -0.07500124)
(91601, 0.01490992)
(91651, -0.07518297)
(91701, -0.04891536)
(91751, -0.05593332)
(91801, -0.09231320)
(91851, -0.06842531)
(91901, -0.05765033)
(91951, -0.12783500)
(92001, -0.09641256)
(92051, -0.02862094)
(92101, -0.03898216)
(92151, -0.01355017)
(92201, -0.02703173)
(92251, -0.09446463)
(92301, -0.08642408)
(92351, 0.05287584)
(92401, -0.09414527)
(92451, 0.12535501)
(92501, 0.22617616)
(92551, -0.08307597)
(92601, 0.06212305)
(92651, 0.01128807)
(92701, -0.11207729)
(92751, -0.06287082)
(92801, 0.26520513)
(92851, -0.06771136)
(92901, 0.02965948)
(92951, -0.09308362)
(93001, -0.06923533)
(93051, 0.24402467)
(93101, -0.12644344)
(93151, -0.12976807)
(93201, -0.04313877)
(93251, -0.09677797)
(93301, 0.02529392)
(93351, 0.07898576)
(93401, -0.09749709)
(93451, -0.09411202)
(93501, 0.04874662)
(93551, -0.08635989)
(93601, -0.01566325)
(93651, -0.11193598)
(93701, -0.10159148)
(93751, -0.10342297)
(93801, -0.07554256)
(93851, 0.07904720)
(93901, 0.03089149)
(93951, -0.11672609)
(94001, -0.05471649)
(94051, -0.08121457)
(94101, 0.00171096)
(94151, -0.05049522)
(94201, -0.08738149)
(94251, -0.08905851)
(94301, -0.07661989)
(94351, 0.07651589)
(94401, 0.12901969)
(94451, -0.10386122)
(94501, -0.10331148)
(94551, 0.16259266)
(94601, 0.07058513)
(94651, -0.09628292)
(94701, 0.29118555)
(94751, -0.12115422)
(94801, -0.03030992)
(94851, -0.04564106)
(94901, 0.20638335)
(94951, 0.19930706)
(95001, -0.02030574)
(95051, -0.04897935)
(95101, 0.04562900)
(95151, -0.09226512)
(95201, -0.08707626)
(95251, 0.25289721)
(95301, -0.08555866)
(95351, 0.16298642)
(95401, 0.11728352)
(95451, -0.07598422)
(95501, 0.02764766)
(95551, -0.11657839)
(95601, -0.09361827)
(95651, 0.00256931)
(95701, -0.01145758)
(95751, -0.04908043)
(95801, 0.01629907)
(95851, -0.09148476)
(95901, -0.05915063)
(95951, -0.08990396)
(96001, 0.03919897)
(96051, -0.09788653)
(96101, 0.04056787)
(96151, 0.12071827)
(96201, -0.05979478)
(96251, -0.08263801)
(96301, 0.18385450)
(96351, 0.04904486)
(96401, -0.02207389)
(96451, -0.05723305)
(96501, -0.08452049)
(96551, -0.10719575)
(96601, -0.11489594)
(96651, -0.10708586)
(96701, -0.05050740)
(96751, -0.03074217)
(96801, -0.10516019)
(96851, -0.08999484)
(96901, -0.10276941)
(96951, -0.07267632)
(97001, -0.09736801)
(97051, -0.00937185)
(97101, 0.13023642)
(97151, 0.02647603)
(97201, -0.06871348)
(97251, -0.09898924)
(97301, -0.09457150)
(97351, -0.08660189)
(97401, 0.09400409)
(97451, -0.11076297)
(97501, -0.10456762)
(97551, 0.15322901)
(97601, -0.10220453)
(97651, -0.08159421)
(97701, 0.04068724)
(97751, 0.16639740)
(97801, -0.09080994)
(97851, -0.05874807)
(97901, 0.09613383)
(97951, -0.06469229)
(98001, -0.11312882)
(98051, -0.12116042)
(98101, -0.04006825)
(98151, -0.04364883)
(98201, -0.08503189)
(98251, -0.10685887)
(98301, -0.10179486)
(98351, 0.12849038)
(98401, 0.12076138)
(98451, -0.10063085)
(98501, -0.06830368)
(98551, -0.08195669)
(98601, -0.07988939)
(98651, -0.00929535)
(98701, -0.10133873)
(98751, -0.08654020)
(98801, -0.06397706)
(98851, -0.02738227)
(98901, 0.16637366)
(98951, -0.06272455)
(99001, -0.00184071)
(99051, -0.09059393)
(99101, -0.10908946)
(99151, 0.12873491)
(99201, -0.07422855)
(99251, -0.04375029)
(99301, 0.06488125)
(99351, -0.10403659)
(99401, -0.08256507)
(99451, -0.09216164)
(99501, -0.05479225)
(99551, -0.05964100)
(99601, -0.09742120)
(99651, -0.07509911)
(99701, -0.06741783)
(99751, -0.04527794)
(99801, -0.09577714)
(99851, -0.11958669)
(99901, -0.07510883)
(99951, -0.00131391)
(100001, -0.04953807)
(100051, -0.11962488)
(100101, 0.54421436)
(100151, -0.08804840)
(100201, -0.09268672)
(100251, -0.06495937)
(100301, -0.11561555)
(100351, -0.04331546)
(100401, 0.02353187)
(100451, -0.13264604)
(100501, -0.10939233)
(100551, -0.09532247)
(100601, -0.04241370)
(100651, -0.09919409)
(100701, -0.11466103)
(100751, -0.00046700)
(100801, -0.04081278)
(100851, -0.06380153)
(100901, -0.11563455)
(100951, 0.05047751)
(101001, 0.01848087)
(101051, 0.02584790)
(101101, -0.12093130)
(101151, 0.01345529)
(101201, -0.01940496)
(101251, 0.16373752)
(101301, -0.01757379)
(101351, -0.00187497)
(101401, -0.11854599)
(101451, -0.10054225)
(101501, -0.01240165)
(101551, -0.10003421)
(101601, 0.07378970)
(101651, 0.16410550)
(101701, 0.12107495)
(101751, -0.06079112)
(101801, -0.04990576)
(101851, -0.10573168)
(101901, -0.04692163)
(101951, -0.01933552)
(102001, -0.06746516)
(102051, 0.04213122)
(102101, -0.10021180)
(102151, 0.17169237)
(102201, -0.05697522)
(102251, -0.06990064)
(102301, -0.01222938)
(102351, 0.16111699)
(102401, -0.11603726)
(102451, -0.06782348)
(102501, 0.14835877)
(102551, -0.12184550)
(102601, 0.09651063)
(102651, -0.11092921)
(102701, -0.08409399)
(102751, -0.01983403)
(102801, -0.10494960)
(102851, -0.09234753)
(102901, -0.00744013)
(102951, -0.09197376)
(103001, -0.09340503)
(103051, -0.09286495)
(103101, -0.02606118)
(103151, -0.11241981)
(103201, -0.06168736)
(103251, -0.11246269)
(103301, -0.02087502)
(103351, -0.03157174)
(103401, -0.10335321)
(103451, -0.01861620)
(103501, -0.09394225)
(103551, -0.07514238)
(103601, -0.04324961)
(103651, -0.12175151)
(103701, 0.03682678)
(103751, -0.01135198)
(103801, -0.12596317)
(103851, 0.07093413)
(103901, -0.09018762)
(103951, -0.08171394)
(104001, 0.06115237)
(104051, 0.03730476)
(104101, -0.12012580)
(104151, -0.03575100)
(104201, 0.05312491)
(104251, 0.04549984)
(104301, -0.11316124)
(104351, -0.11265817)
(104401, -0.10439109)
(104451, -0.07759884)
(104501, -0.10548083)
(104551, -0.09355326)
(104601, 0.18039842)
(104651, -0.07052651)
(104701, -0.03122595)
(104751, -0.11413451)
(104801, -0.01503346)
(104851, -0.10247355)
(104901, -0.09351876)
(104951, -0.03776722)
(105001, -0.10837877)
(105051, -0.10260744)
(105101, 0.03860242)
(105151, -0.09936609)
(105201, -0.11541262)
(105251, 0.00706750)
(105301, -0.10788482)
(105351, -0.09210688)
(105401, -0.08013880)
(105451, -0.04390665)
(105501, -0.11975286)
(105551, 0.05049537)
(105601, -0.09569542)
(105651, -0.08465562)
(105701, -0.06081553)
(105751, 0.02370935)
(105801, -0.05619489)
(105851, 0.13963426)
(105901, -0.04260970)
(105951, -0.10634719)
(106001, -0.11613931)
(106051, -0.08831916)
(106101, -0.12449630)
(106151, -0.13214172)
(106201, -0.10576545)
(106251, -0.08444271)
(106301, -0.07048539)
(106351, -0.06272532)
(106401, -0.14192314)
(106451, -0.09630638)
(106501, 0.07437843)
(106551, 0.24796920)
(106601, -0.08519785)
(106651, -0.10434347)
(106701, -0.08470552)
(106751, -0.08464944)
(106801, -0.03050263)
(106851, -0.10458768)
(106901, -0.06660324)
(106951, -0.05412330)
(107001, 0.14873035)
(107051, -0.01364298)
(107101, -0.07899553)
(107151, -0.08063009)
(107201, -0.02368739)
(107251, -0.06351092)
(107301, 0.19118924)
(107351, -0.10052116)
(107401, -0.05900164)
(107451, -0.10150023)
(107501, -0.05317889)
(107551, -0.09441479)
(107601, 0.07751808)
(107651, -0.06294894)
(107701, -0.11070350)
(107751, -0.02046144)
(107801, -0.10896147)
(107851, -0.09082551)
(107901, -0.05745677)
(107951, -0.03325758)
(108001, -0.03171178)
(108051, -0.06736131)
(108101, -0.09876310)
(108151, -0.07498851)
(108201, -0.07246359)
(108251, -0.10144928)
(108301, 0.02911132)
(108351, 0.12970123)
(108401, -0.01461864)
(108451, -0.11055782)
(108501, 0.11221522)
(108551, -0.12067552)
(108601, -0.11191185)
(108651, -0.08940167)
(108701, -0.10713443)
(108751, -0.01264865)
(108801, -0.10501134)
(108851, -0.08893707)
(108901, 0.00078906)
(108951, 0.08426261)
(109001, -0.10483081)
(109051, 0.09791867)
(109101, -0.07920932)
(109151, -0.10010870)
(109201, -0.06607102)
(109251, -0.12867774)
(109301, -0.04869960)
(109351, -0.06465895)
(109401, -0.07870897)
(109451, 0.13415876)
(109501, 0.16744281)
(109551, 0.10783285)
(109601, -0.10574009)
(109651, -0.05971418)
(109701, -0.11531716)
(109751, -0.11416946)
(109801, 0.07758268)
(109851, -0.04708636)
(109901, -0.05169211)
(109951, 0.08530662)
(110001, -0.10858910)
(110051, -0.08727000)
(110101, 0.10590366)
(110151, -0.07353922)
(110201, -0.09454873)
(110251, -0.09953217)
(110301, 0.16822378)
(110351, 0.15229523)
(110401, -0.01313478)
(110451, -0.11321933)
(110501, -0.07552726)
(110551, 0.02039766)
(110601, -0.07344744)
(110651, -0.07126647)
(110701, -0.09282331)
(110751, -0.04721773)
(110801, -0.12218664)
(110851, -0.08672674)
(110901, -0.11449141)
(110951, -0.02992706)
(111001, -0.05844415)
(111051, -0.10199029)
(111101, -0.09536817)
(111151, 0.02837367)
(111201, -0.09413744)
(111251, 0.03287587)
(111301, -0.02510855)
(111351, -0.08945410)
(111401, -0.07303745)
(111451, -0.08552500)
(111501, -0.12037330)
(111551, -0.08018076)
(111601, 0.28526154)
(111651, -0.10930740)
(111701, 0.09582025)
(111751, -0.06888755)
(111801, -0.08609076)
(111851, -0.09617504)
(111901, -0.08471585)
(111951, -0.10509068)
(112001, 0.16135072)
(112051, -0.05196741)
(112101, 0.08964476)
(112151, -0.10885044)
(112201, -0.05340511)
(112251, 0.42450555)
(112301, -0.10928852)
(112351, -0.10383244)
(112401, -0.06039972)
(112451, -0.08593595)
(112501, -0.04403716)
(112551, -0.11417350)
(112601, -0.06216883)
(112651, -0.09496097)
(112701, -0.11772174)
(112751, -0.11043970)
(112801, 0.02771382)
(112851, -0.12016298)
(112901, -0.08338103)
(112951, -0.10513068)
(113001, -0.04458359)
(113051, -0.09418356)
(113101, -0.05863357)
(113151, -0.00388942)
(113201, -0.10493155)
(113251, -0.03263227)
(113301, -0.01216330)
(113351, -0.11801242)
(113401, 0.21545070)
(113451, -0.02184538)
(113501, -0.13315931)
(113551, 0.10731334)
(113601, 0.13163151)
(113651, 0.03797979)
(113701, -0.08628039)
(113751, 0.00392343)
(113801, -0.12953779)
(113851, 0.22832427)
(113901, -0.11845898)
(113951, -0.12642026)
(114001, -0.06312148)
(114051, 0.00585252)
(114101, -0.12564342)
(114151, -0.06164309)
(114201, -0.08834878)
(114251, 0.06540767)
(114301, -0.12346748)
(114351, -0.08443614)
(114401, -0.03217976)
(114451, 0.23051001)
(114501, -0.11624171)
(114551, -0.12645424)
(114601, -0.08449470)
(114651, 0.05694613)
(114701, -0.10117379)
(114751, -0.01252416)
(114801, -0.08835191)
(114851, -0.11497066)
(114901, -0.04271831)
(114951, 0.05570824)
(115001, -0.11118617)
(115051, -0.06730271)
(115101, -0.07515970)
(115151, -0.09933878)
(115201, 0.00529527)
(115251, 0.02359460)
(115301, -0.11065466)
(115351, -0.08821345)
(115401, -0.05297212)
(115451, -0.06989736)
(115501, -0.07689486)
(115551, -0.06921171)
(115601, -0.10620215)
(115651, 0.05506589)
(115701, -0.10835161)
(115751, -0.08232577)
(115801, -0.09104140)
(115851, -0.07968230)
(115901, -0.03465737)
(115951, -0.04324862)
(116001, -0.08563039)
(116051, -0.13044781)
(116101, -0.10797973)
(116151, -0.09964146)
(116201, -0.10594596)
(116251, -0.09598061)
(116301, 0.06780635)
(116351, -0.10295286)
(116401, -0.12090587)
(116451, -0.04352801)
(116501, -0.08367453)
(116551, -0.12925551)
(116601, -0.11293436)
(116651, -0.01216163)
(116701, 0.04872029)
(116751, -0.11493143)
(116801, -0.10831201)
(116851, 0.00261842)
(116901, -0.05788765)
(116951, -0.02507223)
(117001, -0.11962969)
(117051, -0.05334145)
(117101, 0.10692154)
(117151, -0.05593890)
(117201, -0.02926442)
(117251, -0.11022944)
(117301, -0.09880065)
(117351, -0.05434648)
(117401, -0.11804086)
(117451, -0.11402400)
(117501, -0.12422949)
(117551, 0.04014515)
(117601, 0.18831046)
(117651, -0.08254164)
(117701, -0.11187501)
(117751, -0.11859405)
(117801, -0.11355253)
(117851, 0.06417630)
(117901, -0.07139698)
(117951, -0.05128933)
(118001, -0.09766909)
(118051, -0.12097855)
(118101, -0.06941622)
(118151, -0.12241580)
(118201, -0.06923854)
(118251, -0.10475458)
(118301, 0.02463551)
(118351, -0.04076447)
(118401, -0.08834929)
(118451, -0.01807869)
(118501, 0.01228236)
(118551, -0.10727477)
(118601, -0.11108515)
(118651, -0.10625670)
(118701, -0.12872880)
(118751, -0.12271853)
(118801, -0.07524265)
(118851, -0.11385478)
(118901, -0.12345666)
(118951, -0.08223283)
(119001, 0.12797336)
(119051, -0.00168967)
(119101, -0.05186545)
(119151, 0.03469598)
(119201, -0.10946732)
(119251, -0.09275668)
(119301, -0.05831283)
(119351, -0.09902820)
(119401, -0.08696131)
(119451, 0.02970592)
(119501, 0.21196460)
(119551, 0.12108972)
(119601, -0.05477805)
(119651, -0.01505828)
(119701, 0.21841599)
(119751, -0.09403432)
(119801, -0.09904341)
(119851, -0.07590094)
(119901, -0.10536893)
(119951, -0.10223919)
(120001, 0.08882439)
(120051, -0.08675136)
(120101, -0.09391451)
(120151, -0.10122335)
(120201, -0.08118309)
(120251, -0.05665911)
(120301, -0.11218875)
(120351, 0.02208200)
(120401, -0.00948545)
(120451, -0.12928104)
(120501, -0.06775298)
(120551, -0.08873281)
(120601, -0.07165392)
(120651, 0.03945286)
(120701, -0.11471272)
(120751, -0.05568402)
(120801, 0.13874814)
(120851, 0.13024293)
(120901, -0.11160565)
(120951, -0.10692145)
(121001, -0.01730902)
(121051, -0.06045875)
(121101, -0.07747174)
(121151, -0.04946552)
(121201, -0.11670972)
(121251, -0.09095904)
(121301, -0.10429505)
(121351, -0.02120852)
(121401, 0.03787645)
(121451, 0.19240183)
(121501, 0.10424684)
(121551, -0.07585361)
(121601, -0.06797914)
(121651, -0.09157101)
(121701, -0.00209522)
(121751, -0.07151575)
(121801, 0.00143850)
(121851, -0.01474006)
(121901, 0.25626039)
(121951, -0.01271337)
(122001, -0.08019109)
(122051, -0.08348495)
(122101, -0.10897068)
(122151, -0.06736443)
(122201, -0.09445753)
(122251, -0.07303543)
(122301, -0.12664721)
(122351, 0.00841066)
(122401, -0.10283973)
(122451, -0.03703073)
(122501, -0.10888296)
(122551, -0.10801575)
(122601, -0.03367227)
(122651, -0.11558852)
(122701, -0.02230794)
(122751, -0.02026708)
(122801, -0.05114175)
(122851, -0.09033174)
(122901, 0.03932717)
(122951, -0.09855993)
(123001, -0.08037720)
(123051, -0.08090736)
(123101, -0.09456041)
(123151, 0.11659424)
(123201, -0.01223849)
(123251, -0.08630036)
(123301, 0.39846288)
(123351, -0.10298344)
(123401, -0.12238642)
(123451, -0.07010653)
(123501, -0.09845324)
(123551, -0.06739022)
(123601, -0.10493180)
(123651, -0.11831821)
(123701, 0.13373952)
(123751, -0.09447705)
(123801, -0.10444539)
(123851, -0.00454076)
(123901, 0.00198133)
(123951, 0.08597292)
(124001, -0.12190481)
(124051, -0.10152670)
(124101, -0.13088794)
(124151, -0.08714612)
(124201, -0.07994827)
(124251, 0.08856643)
(124301, -0.11384787)
(124351, -0.09857308)
(124401, 0.26646858)
(124451, 0.05066955)
(124501, -0.11097186)
(124551, -0.09346169)
(124601, -0.07760658)
(124651, 0.14609548)
(124701, -0.09018466)
(124751, 0.03139713)
(124801, -0.11946946)
(124851, -0.11278182)
(124901, -0.03842736)
(124951, 0.15510844)
