(1, 25.48424959)
(51, 7.81352198)
(101, 5.35079074)
(151, 4.83868563)
(201, 4.48839760)
(251, 4.62450314)
(301, 3.43576705)
(351, 3.81876034)
(401, 3.05996209)
(451, 2.66015339)
(501, 2.54430991)
(551, 2.05992532)
(601, 1.98036844)
(651, 2.04269165)
(701, 1.56911427)
(751, 1.79242057)
(801, 1.94857430)
(851, 1.61506027)
(901, 1.20089179)
(951, 1.39136475)
(1001, 1.55227125)
(1051, 1.25199857)
(1101, 1.19475567)
(1151, 1.06240949)
(1201, 1.30440441)
(1251, 1.37665859)
(1301, 0.85227853)
(1351, 0.80303898)
(1401, 1.04484165)
(1451, 0.95314813)
(1501, 0.90165341)
(1551, 0.95210725)
(1601, 0.87600577)
(1651, 1.08528179)
(1701, 0.73378396)
(1751, 0.67853922)
(1801, 1.22561452)
(1851, 0.77050191)
(1901, 0.74683991)
(1951, 0.88047099)
(2001, 0.58364105)
(2051, 0.56561637)
(2101, 0.57900012)
(2151, 0.55919239)
(2201, 1.15377054)
(2251, 0.74165118)
(2301, 0.59163553)
(2351, 0.65348211)
(2401, 0.92160285)
(2451, 0.82568818)
(2501, 0.49798664)
(2551, 0.44408654)
(2601, 0.53033890)
(2651, 0.61514524)
(2701, 0.61905700)
(2751, 0.54345870)
(2801, 0.60963044)
(2851, 0.92913115)
(2901, 0.62634790)
(2951, 0.53594665)
(3001, 0.54972216)
(3051, 0.40714635)
(3101, 0.48366442)
(3151, 0.82378191)
(3201, 0.36828594)
(3251, 0.66199112)
(3301, 0.38629276)
(3351, 0.29641201)
(3401, 0.32515068)
(3451, 0.59863779)
(3501, 0.32933330)
(3551, 0.57318699)
(3601, 0.43235043)
(3651, 0.38005039)
(3701, 0.34805521)
(3751, 0.34677888)
(3801, 0.38493933)
(3851, 0.46876539)
(3901, 0.48087913)
(3951, 0.32033654)
(4001, 0.40989566)
(4051, 0.63031489)
(4101, 0.37435472)
(4151, 0.35354951)
(4201, 0.30264234)
(4251, 0.40582129)
(4301, 0.40223877)
(4351, 0.98050410)
(4401, 0.23660660)
(4451, 0.93243036)
(4501, 0.44769949)
(4551, 0.31775945)
(4601, 0.48082919)
(4651, 0.32865284)
(4701, 0.43922301)
(4751, 0.24883996)
(4801, 0.36233976)
(4851, 0.35995643)
(4901, 0.28404056)
(4951, 0.41348848)
(5001, 0.35336152)
(5051, 0.29688425)
(5101, 0.27758285)
(5151, 0.38963184)
(5201, 0.31433750)
(5251, 0.50272828)
(5301, 0.28908359)
(5351, 0.26790258)
(5401, 0.37351209)
(5451, 0.30065221)
(5501, 0.43916214)
(5551, 0.24480958)
(5601, 0.30988207)
(5651, 0.34516972)
(5701, 0.28264374)
(5751, 0.22929926)
(5801, 0.27322285)
(5851, 0.31397901)
(5901, 0.22525462)
(5951, 0.25883915)
(6001, 0.28497049)
(6051, 0.26707220)
(6101, 0.28744730)
(6151, 0.26999584)
(6201, 0.30360611)
(6251, 0.19354060)
(6301, 0.35540445)
(6351, 0.26042387)
(6401, 0.15470845)
(6451, 0.23295977)
(6501, 0.20919704)
(6551, 0.17263901)
(6601, 0.32800581)
(6651, 0.21934060)
(6701, 0.34647833)
(6751, 0.21823185)
(6801, 0.32885887)
(6851, 0.15990899)
(6901, 0.28997123)
(6951, 0.23365299)
(7001, 0.15129439)
(7051, 0.18916771)
(7101, 0.27641726)
(7151, 0.22463097)
(7201, 0.19459109)
(7251, 0.18188470)
(7301, 0.19400345)
(7351, 0.23012233)
(7401, 0.26835804)
(7451, 0.18756517)
(7501, 0.16214140)
(7551, 0.15428237)
(7601, 0.14122829)
(7651, 0.20435241)
(7701, 0.21307623)
(7751, 0.23594754)
(7801, 0.42747378)
(7851, 0.21746288)
(7901, 0.21910302)
(7951, 0.20049449)
(8001, 0.24774181)
(8051, 0.15155081)
(8101, 0.14602914)
(8151, 0.14350286)
(8201, 0.15900144)
(8251, 0.16682453)
(8301, 0.14917637)
(8351, 0.31707633)
(8401, 0.12878288)
(8451, 0.14234001)
(8501, 0.37599485)
(8551, 0.12957462)
(8601, 0.59450528)
(8651, 0.33958434)
(8701, 0.26094595)
(8751, 0.12214354)
(8801, 0.33967781)
(8851, 0.28836612)
(8901, 0.11509433)
(8951, 0.26557697)
(9001, 0.12911998)
(9051, 0.28596302)
(9101, 0.27169377)
(9151, 0.20650137)
(9201, 0.10632392)
(9251, 0.35603844)
(9301, 0.10138084)
(9351, 0.13179543)
(9401, 0.18118083)
(9451, 0.33748612)
(9501, 0.35300055)
(9551, 0.25724927)
(9601, 0.12902431)
(9651, 0.13833685)
(9701, 0.25736127)
(9751, 0.11073861)
(9801, 0.18495857)
(9851, 0.11216871)
(9901, 0.27043242)
(9951, 0.25366871)
(10001, 0.13974329)
(10051, 0.24141894)
(10101, 0.11721834)
(10151, 0.22882403)
(10201, 0.58348289)
(10251, 0.35197896)
(10301, 0.21836623)
(10351, 0.20109864)
(10401, 0.08038546)
(10451, 0.10510114)
(10501, 0.09327223)
(10551, 0.07334673)
(10601, 0.13905150)
(10651, 0.36700366)
(10701, 0.11006839)
(10751, 0.08463350)
(10801, 0.11186209)
(10851, 0.08838605)
(10901, 0.05977713)
(10951, 0.13417259)
(11001, 0.10668442)
(11051, 0.09113044)
(11101, 0.08671578)
(11151, 0.09360620)
(11201, 0.08937858)
(11251, 0.13430947)
(11301, 0.16812310)
(11351, 0.10314248)
(11401, 0.61234859)
(11451, 0.08054464)
(11501, 0.15046144)
(11551, 0.04725888)
(11601, 0.10588235)
(11651, 0.33931452)
(11701, 0.01585984)
(11751, 0.18257850)
(11801, 0.15871542)
(11851, 0.05329956)
(11901, 0.21034542)
(11951, 0.08987448)
(12001, 0.14365724)
(12051, 0.07506460)
(12101, 0.20156305)
(12151, 0.12759480)
(12201, 0.06759334)
(12251, 0.25634017)
(12301, 0.25124155)
(12351, 0.07854301)
(12401, 0.07926511)
(12451, 0.13171774)
(12501, 0.13544178)
(12551, 0.12747352)
(12601, 0.08779736)
(12651, 0.01096559)
(12701, 0.17381380)
(12751, 0.12477071)
(12801, 0.14312510)
(12851, 0.02639615)
(12901, 0.06366900)
(12951, 0.05366198)
(13001, 0.11994009)
(13051, 0.03751902)
(13101, 0.06061558)
(13151, 0.11680776)
(13201, 0.10932982)
(13251, 0.16851316)
(13301, 0.05662655)
(13351, 0.12776183)
(13401, 0.17361182)
(13451, 0.09293616)
(13501, 0.08561562)
(13551, 0.03882214)
(13601, 0.09198047)
(13651, 0.24388266)
(13701, 0.10481136)
(13751, 0.19901561)
(13801, 0.11963670)
(13851, 0.10098194)
(13901, 0.04757646)
(13951, 0.06831316)
(14001, 0.10351348)
(14051, 0.07530883)
(14101, 0.13447545)
(14151, 0.01962698)
(14201, 0.19510168)
(14251, 0.07768484)
(14301, 0.04288159)
(14351, 0.17898133)
(14401, 0.22800093)
(14451, 0.03594224)
(14501, 0.14339601)
(14551, 0.08764245)
(14601, 0.14919288)
(14651, 0.13059931)
(14701, 0.05001551)
(14751, 0.03674709)
(14801, 0.08894023)
(14851, 0.05221216)
(14901, 0.06411744)
(14951, -0.00044401)
(15001, 0.03143679)
(15051, 0.08081180)
(15101, 0.15320687)
(15151, 0.01651959)
(15201, 0.05791304)
(15251, 0.12536186)
(15301, 0.05465623)
(15351, 0.01641095)
(15401, 0.11715637)
(15451, 0.34970491)
(15501, 0.09954412)
(15551, 0.09253477)
(15601, 0.11413402)
(15651, 0.17090828)
(15701, 0.04392785)
(15751, 0.15922977)
(15801, 0.09564636)
(15851, 0.02712294)
(15901, 0.03918720)
(15951, 0.33809455)
(16001, 0.23433349)
(16051, -0.00779122)
(16101, 0.11041293)
(16151, 0.08487165)
(16201, 0.08039945)
(16251, 0.02717067)
(16301, 0.04082159)
(16351, 0.08003188)
(16401, 0.08735760)
(16451, 0.03990810)
(16501, 0.03970744)
(16551, 0.06542351)
(16601, 0.29887150)
(16651, 0.53123371)
(16701, 0.16265594)
(16751, 0.04661106)
(16801, 0.04372469)
(16851, 0.04916923)
(16901, 0.02761218)
(16951, 0.02938297)
(17001, 0.00262290)
(17051, 0.01920254)
(17101, 0.04305881)
(17151, 0.01849359)
(17201, 0.04530729)
(17251, 0.05391522)
(17301, 0.11720692)
(17351, 0.03472716)
(17401, 0.02692653)
(17451, 0.02412616)
(17501, 0.06228756)
(17551, 0.08580543)
(17601, 0.02195830)
(17651, 0.24791829)
(17701, 0.02872333)
(17751, -0.00289561)
(17801, 0.00413122)
(17851, 0.18632735)
(17901, 0.04966375)
(17951, 0.06940220)
(18001, 0.27767764)
(18051, 0.06856182)
(18101, 0.13413597)
(18151, 0.11510134)
(18201, 0.02574182)
(18251, 0.14493886)
(18301, 0.06197143)
(18351, 0.09941935)
(18401, 0.01608311)
(18451, -0.00675304)
(18501, 0.24071995)
(18551, 0.02690882)
(18601, 0.03366586)
(18651, 0.00329422)
(18701, 0.12587353)
(18751, 0.06459420)
(18801, 0.02217291)
(18851, 0.06510469)
(18901, 0.03453177)
(18951, 0.00497813)
(19001, 0.04592077)
(19051, -0.00991859)
(19101, 0.04893761)
(19151, 0.02655657)
(19201, 0.10818870)
(19251, 0.31328639)
(19301, 0.10419892)
(19351, 0.10451616)
(19401, 0.00542840)
(19451, 0.00528689)
(19501, 0.01231693)
(19551, 0.01115351)
(19601, 0.04193549)
(19651, -0.02135262)
(19701, 0.71840501)
(19751, 0.01284108)
(19801, -0.00323629)
(19851, 0.05280304)
(19901, 0.21335300)
(19951, 0.01248000)
(20001, 0.00281854)
(20051, 0.04465015)
(20101, 0.00854173)
(20151, 0.00296620)
(20201, -0.01890799)
(20251, 0.04838838)
(20301, -0.02161854)
(20351, 0.02748095)
(20401, 0.04088141)
(20451, 0.14157069)
(20501, 0.00670966)
(20551, 0.00627255)
(20601, 0.08770181)
(20651, 0.15266155)
(20701, 0.07462929)
(20751, -0.02625649)
(20801, 0.14636067)
(20851, 0.01588073)
(20901, 0.04538894)
(20951, 0.34132434)
(21001, 0.19894489)
(21051, -0.00801763)
(21101, -0.00857686)
(21151, -0.00774863)
(21201, 0.08920239)
(21251, -0.02055068)
(21301, 0.00750969)
(21351, -0.00368381)
(21401, 0.00194381)
(21451, 0.34311092)
(21501, 0.40543436)
(21551, 0.14715204)
(21601, 0.08026262)
(21651, 0.02881468)
(21701, 0.20693669)
(21751, 0.00792989)
(21801, 0.00232150)
(21851, 0.04642109)
(21901, -0.01548856)
(21951, 0.13895753)
(22001, -0.00273269)
(22051, 0.05300191)
(22101, -0.02679288)
(22151, 0.04986843)
(22201, 0.07190867)
(22251, 0.04994611)
(22301, 0.03905536)
(22351, -0.00826863)
(22401, 0.06546025)
(22451, -0.01170625)
(22501, 0.01106095)
(22551, 0.06455649)
(22601, 0.06091580)
(22651, -0.01045325)
(22701, -0.02894289)
(22751, 0.00221879)
(22801, -0.00707288)
(22851, 0.06146125)
(22901, -0.00091565)
(22951, -0.04187007)
(23001, -0.04370173)
(23051, 0.05841715)
(23101, 0.05794795)
(23151, 0.04499138)
(23201, -0.00505001)
(23251, -0.03264178)
(23301, -0.01049988)
(23351, 0.05969071)
(23401, 0.04384618)
(23451, -0.02087852)
(23501, 0.04759876)
(23551, -0.00847380)
(23601, 0.14282762)
(23651, 0.08647344)
(23701, 0.03481413)
(23751, -0.02342151)
(23801, 0.04506292)
(23851, 0.37806545)
(23901, -0.01507296)
(23951, 0.16085917)
(24001, 0.31663112)
(24051, 0.00886358)
(24101, 0.00690320)
(24151, 0.01778889)
(24201, 0.13122139)
(24251, 0.00045642)
(24301, -0.03259628)
(24351, -0.03665837)
(24401, 0.01833653)
(24451, 0.00262977)
(24501, -0.03248050)
(24551, 0.22373493)
(24601, -0.04446243)
(24651, 0.10547892)
(24701, 0.07841316)
(24751, 0.05597853)
(24801, 0.08513097)
(24851, 0.14508168)
(24901, 0.16542490)
(24951, 0.04181922)
(25001, 0.09141084)
(25051, 0.23142000)
(25101, 0.19119666)
(25151, 0.23424119)
(25201, 0.04123100)
(25251, 0.04187902)
(25301, -0.01117710)
(25351, 0.00227165)
(25401, 0.00050634)
(25451, 0.02014967)
(25501, -0.00593539)
(25551, 0.07510474)
(25601, -0.03914912)
(25651, 0.05467169)
(25701, 0.03133010)
(25751, 0.10594367)
(25801, 0.36106810)
(25851, 0.01965397)
(25901, 0.09299415)
(25951, 0.15039863)
(26001, 0.09341560)
(26051, 0.17018502)
(26101, 0.08066786)
(26151, -0.00124922)
(26201, 0.05418675)
(26251, 0.26801948)
(26301, -0.02580319)
(26351, -0.01571675)
(26401, 0.04722869)
(26451, 0.46604208)
(26501, -0.05044150)
(26551, -0.01339935)
(26601, 0.03601200)
(26651, 0.23187727)
(26701, -0.03528350)
(26751, -0.05246247)
(26801, 0.02874527)
(26851, 0.01331327)
(26901, -0.01629452)
(26951, 0.38164872)
(27001, -0.04117615)
(27051, -0.02166812)
(27101, -0.02615102)
(27151, -0.00166260)
(27201, 0.02639916)
(27251, 0.28878970)
(27301, -0.04306460)
(27351, -0.03052405)
(27401, -0.04573634)
(27451, 0.17533436)
(27501, -0.05889457)
(27551, -0.01779954)
(27601, 0.82809548)
(27651, -0.04209080)
(27701, 0.00868328)
(27751, 0.06462077)
(27801, 0.00050488)
(27851, -0.05859248)
(27901, 0.03488091)
(27951, -0.04626755)
(28001, -0.05732999)
(28051, -0.04231455)
(28101, 0.08099223)
(28151, -0.00425079)
(28201, 0.10198742)
(28251, 0.03847844)
(28301, 0.17972209)
(28351, -0.00710659)
(28401, -0.02839433)
(28451, 0.02930319)
(28501, 0.02903576)
(28551, -0.00312373)
(28601, -0.03562533)
(28651, -0.03365959)
(28701, 0.25117538)
(28751, -0.04854391)
(28801, 0.06677942)
(28851, -0.04792425)
(28901, 0.03230523)
(28951, -0.06511229)
(29001, 0.03090739)
(29051, 0.66859648)
(29101, 0.08739150)
(29151, 0.18347863)
(29201, -0.05355762)
(29251, -0.06857531)
(29301, 0.07874908)
(29351, 0.13231158)
(29401, 0.01990861)
(29451, 0.15192575)
(29501, -0.01925828)
(29551, -0.01979219)
(29601, -0.04335847)
(29651, 0.06630903)
(29701, 0.00508074)
(29751, 0.04932981)
(29801, 0.02164063)
(29851, 0.02315976)
(29901, 0.00585020)
(29951, 0.11650116)
(30001, 0.03368419)
(30051, 0.02287310)
(30101, -0.02440865)
(30151, -0.00390016)
(30201, -0.04463042)
(30251, 0.02530852)
(30301, 0.17389964)
(30351, 0.15628234)
(30401, -0.00826680)
(30451, 0.19679513)
(30501, -0.04753677)
(30551, -0.04233132)
(30601, -0.01583368)
(30651, 0.06121076)
(30701, 0.15953116)
(30751, 0.10446649)
(30801, -0.02586272)
(30851, -0.04912069)
(30901, -0.03084595)
(30951, -0.02376818)
(31001, -0.02546053)
(31051, -0.02734002)
(31101, -0.05086724)
(31151, 0.03617885)
(31201, -0.02656211)
(31251, 0.07524509)
(31301, 0.12495601)
(31351, 0.26271205)
(31401, -0.06272569)
(31451, 0.42520998)
(31501, -0.03550821)
(31551, 0.01673707)
(31601, -0.00768977)
(31651, -0.05426894)
(31701, -0.02226356)
(31751, -0.05739614)
(31801, 0.01112276)
(31851, 0.03751966)
(31901, 0.16322185)
(31951, -0.02677385)
(32001, -0.02408168)
(32051, -0.06064081)
(32101, 0.04213499)
(32151, -0.07110409)
(32201, -0.04467417)
(32251, 0.11064133)
(32301, -0.01441249)
(32351, -0.03476221)
(32401, -0.03592116)
(32451, -0.05004619)
(32501, -0.04465445)
(32551, 0.35205001)
(32601, -0.04113154)
(32651, -0.05545574)
(32701, -0.04933175)
(32751, 0.05514509)
(32801, -0.02405646)
(32851, -0.04629777)
(32901, -0.09201174)
(32951, -0.04889371)
(33001, 0.16321895)
(33051, -0.00458822)
(33101, 0.11732600)
(33151, -0.05944283)
(33201, 0.32643239)
(33251, -0.05874638)
(33301, 0.15832397)
(33351, -0.07375694)
(33401, 0.02227459)
(33451, 0.04246929)
(33501, -0.06051310)
(33551, -0.07336871)
(33601, -0.04867105)
(33651, -0.07745744)
(33701, -0.08636893)
(33751, -0.03241593)
(33801, 0.09496478)
(33851, 0.03186963)
(33901, -0.01118666)
(33951, 0.02496626)
(34001, -0.03004260)
(34051, 0.17281293)
(34101, -0.00425854)
(34151, -0.06729077)
(34201, -0.01669382)
(34251, -0.03394140)
(34301, -0.07219487)
(34351, -0.05403084)
(34401, 0.39750304)
(34451, 0.07325711)
(34501, 0.29203790)
(34551, -0.03581505)
(34601, -0.07826910)
(34651, -0.07014074)
(34701, -0.03349652)
(34751, -0.05551387)
(34801, -0.03595071)
(34851, -0.00991333)
(34901, -0.04402108)
(34951, -0.02089420)
(35001, -0.01597563)
(35051, -0.05241334)
(35101, -0.05367342)
(35151, -0.05744871)
(35201, -0.07187291)
(35251, 0.13824343)
(35301, -0.01959796)
(35351, 0.11518908)
(35401, 0.37797615)
(35451, 0.02491405)
(35501, 0.09984667)
(35551, 0.26335282)
(35601, -0.01407523)
(35651, -0.06907510)
(35701, -0.08467054)
(35751, -0.05407225)
(35801, 0.16445370)
(35851, -0.06343263)
(35901, -0.07046765)
(35951, -0.04707013)
(36001, -0.04515675)
(36051, -0.08301722)
(36101, -0.04834523)
(36151, -0.00623407)
(36201, 0.14407414)
(36251, -0.04176210)
(36301, -0.06467932)
(36351, -0.05350192)
(36401, -0.04579353)
(36451, -0.09591066)
(36501, -0.01240370)
(36551, -0.06702345)
(36601, 0.05560002)
(36651, -0.04570843)
(36701, 0.09325955)
(36751, 0.00157422)
(36801, 0.04061387)
(36851, -0.05909846)
(36901, -0.05650365)
(36951, -0.05945875)
(37001, 0.20975074)
(37051, 0.06474372)
(37101, 0.05136003)
(37151, -0.00262869)
(37201, -0.02397831)
(37251, -0.04916811)
(37301, -0.02956869)
(37351, -0.08665124)
(37401, -0.06103148)
(37451, -0.05312320)
(37501, -0.06321009)
(37551, -0.03386438)
(37601, -0.06113783)
(37651, -0.04127459)
(37701, -0.01883328)
(37751, 0.05780847)
(37801, -0.08375560)
(37851, -0.02856376)
(37901, 0.02660625)
(37951, -0.06949988)
(38001, 0.04982997)
(38051, -0.07795570)
(38101, 0.12775569)
(38151, 0.17094220)
(38201, -0.09509084)
(38251, -0.09436693)
(38301, 0.10054233)
(38351, 0.06682953)
(38401, 0.00176981)
(38451, -0.05814128)
(38501, -0.08722334)
(38551, 0.11133930)
(38601, -0.06161336)
(38651, 0.00629453)
(38701, 0.34132365)
(38751, -0.05908930)
(38801, -0.07039097)
(38851, -0.06582458)
(38901, -0.07855037)
(38951, -0.05364864)
(39001, -0.08337685)
(39051, -0.05864613)
(39101, -0.04466911)
(39151, -0.04742678)
(39201, -0.02715062)
(39251, -0.04671374)
(39301, 0.13683701)
(39351, -0.05524588)
(39401, -0.06746665)
(39451, -0.02486121)
(39501, -0.04834428)
(39551, -0.07229500)
(39601, 0.16537877)
(39651, -0.03477316)
(39701, 0.04966399)
(39751, -0.03744257)
(39801, 0.10028937)
(39851, -0.00198957)
(39901, -0.00625821)
(39951, 0.08450109)
(40001, -0.06991847)
(40051, 0.11506931)
(40101, 0.17240908)
(40151, -0.06171364)
(40201, -0.05393358)
(40251, -0.05486196)
(40301, 0.03956215)
(40351, 0.27396425)
(40401, -0.01053035)
(40451, -0.00643741)
(40501, -0.01825766)
(40551, 0.13752472)
(40601, 0.03410834)
(40651, -0.05934452)
(40701, -0.01666629)
(40751, -0.04811136)
(40801, -0.05146121)
(40851, -0.05312771)
(40901, -0.01817514)
(40951, 0.08787711)
(41001, 0.02471827)
(41051, -0.07128399)
(41101, -0.01244979)
(41151, -0.01086976)
(41201, 0.00625186)
(41251, -0.06483430)
(41301, -0.08470396)
(41351, -0.09536804)
(41401, -0.08519809)
(41451, -0.08991788)
(41501, 0.03890985)
(41551, -0.08689146)
(41601, -0.07070661)
(41651, -0.09153701)
(41701, -0.00128394)
(41751, -0.03343870)
(41801, 0.04895850)
(41851, -0.06577946)
(41901, -0.07213911)
(41951, -0.05408073)
(42001, -0.07942455)
(42051, -0.07285462)
(42101, 0.10878302)
(42151, 0.02470423)
(42201, -0.01701325)
(42251, -0.05539902)
(42301, 0.40683748)
(42351, -0.06578172)
(42401, 0.13222810)
(42451, -0.06783868)
(42501, 0.16516227)
(42551, -0.06149150)
(42601, -0.09120718)
(42651, -0.06278355)
(42701, 0.06140723)
(42751, 0.05320004)
(42801, -0.06766056)
(42851, -0.08286973)
(42901, -0.01040698)
(42951, 0.00024126)
(43001, -0.10359178)
(43051, -0.09520848)
(43101, -0.03066822)
(43151, 0.00963899)
(43201, 0.03568508)
(43251, 0.01047418)
(43301, -0.08502535)
(43351, -0.08444089)
(43401, -0.08539651)
(43451, -0.07760781)
(43501, 0.12680049)
(43551, 0.01493283)
(43601, -0.07957417)
(43651, -0.09442687)
(43701, -0.03542358)
(43751, -0.05592801)
(43801, 0.02746668)
(43851, -0.08580521)
(43901, 0.02943376)
(43951, -0.02067883)
(44001, -0.07504203)
(44051, 0.11076711)
(44101, -0.06819975)
(44151, -0.02845569)
(44201, -0.05199686)
(44251, -0.03686188)
(44301, -0.04598195)
(44351, -0.06140289)
(44401, 0.06137172)
(44451, -0.01548667)
(44501, -0.09311721)
(44551, -0.04609033)
(44601, -0.04257733)
(44651, -0.05640659)
(44701, -0.07717172)
(44751, -0.03981156)
(44801, -0.09124522)
(44851, 0.06496385)
(44901, 0.02465395)
(44951, -0.10643709)
(45001, -0.04209043)
(45051, -0.09064785)
(45101, -0.09337720)
(45151, -0.05890900)
(45201, -0.06084636)
(45251, -0.08905999)
(45301, 0.00231976)
(45351, -0.09084284)
(45401, -0.03291974)
(45451, -0.07371632)
(45501, -0.02519038)
(45551, -0.05438687)
(45601, 0.04108392)
(45651, -0.02523595)
(45701, -0.07644647)
(45751, -0.02462053)
(45801, -0.01708014)
(45851, -0.02854520)
(45901, -0.08009304)
(45951, 0.09081750)
(46001, -0.06953763)
(46051, -0.10489870)
(46101, 0.01956392)
(46151, -0.06807366)
(46201, -0.07026827)
(46251, -0.09573190)
(46301, -0.07634613)
(46351, -0.07003319)
(46401, -0.05406303)
(46451, -0.08654897)
(46501, -0.07123149)
(46551, -0.09450786)
(46601, -0.08888192)
(46651, -0.03648438)
(46701, -0.03755714)
(46751, -0.04700898)
(46801, -0.07316470)
(46851, -0.09394021)
(46901, -0.00829055)
(46951, -0.05626132)
(47001, -0.07656559)
(47051, -0.10651696)
(47101, -0.03403323)
(47151, 0.02699979)
(47201, 0.22856398)
(47251, 0.11065207)
(47301, 0.10551002)
(47351, -0.11240007)
(47401, -0.03505746)
(47451, 0.43438897)
(47501, -0.04430872)
(47551, -0.06817453)
(47601, -0.08074091)
(47651, -0.08285053)
(47701, -0.04768024)
(47751, 0.11302628)
(47801, -0.07966001)
(47851, 0.36040547)
(47901, -0.06255093)
(47951, 0.18770285)
(48001, 0.01264994)
(48051, -0.02652387)
(48101, -0.07895005)
(48151, -0.09677090)
(48201, -0.00446744)
(48251, 0.10337147)
(48301, 0.26068243)
(48351, -0.07016939)
(48401, -0.01436324)
(48451, -0.09710958)
(48501, -0.08233328)
(48551, -0.07699551)
(48601, 0.07378199)
(48651, -0.08112224)
(48701, -0.10493939)
(48751, 0.10811928)
(48801, -0.06967921)
(48851, -0.08843676)
(48901, -0.03559078)
(48951, 0.05008706)
(49001, -0.06621369)
(49051, -0.11527906)
(49101, -0.04200199)
(49151, -0.08092599)
(49201, -0.08749463)
(49251, 0.13585711)
(49301, -0.08112267)
(49351, 0.02654112)
(49401, -0.06023764)
(49451, 0.20526801)
(49501, -0.07358182)
(49551, -0.01677208)
(49601, -0.09516964)
(49651, 0.22100677)
(49701, -0.02561928)
(49751, 0.00624578)
(49801, -0.08193381)
(49851, -0.03649960)
(49901, -0.01330562)
(49951, -0.06651440)
(50001, 0.03552396)
(50051, 0.08300181)
(50101, -0.09726968)
(50151, -0.03865125)
(50201, 0.03553061)
(50251, -0.10627412)
(50301, -0.08113062)
(50351, 0.00260601)
(50401, 0.27033051)
(50451, 0.08198549)
(50501, -0.06539983)
(50551, -0.00939818)
(50601, -0.03367142)
(50651, 0.29057979)
(50701, -0.03938553)
(50751, -0.10851204)
(50801, 0.35781733)
(50851, -0.09430852)
(50901, -0.11303469)
(50951, -0.09193241)
(51001, 0.10731361)
(51051, -0.09269081)
(51101, -0.04155686)
(51151, -0.09497920)
(51201, -0.11155071)
(51251, 0.00095178)
(51301, -0.11911928)
(51351, -0.07562967)
(51401, -0.08393758)
(51451, 0.05016696)
(51501, -0.05529521)
(51551, -0.10706843)
(51601, -0.01446537)
(51651, -0.01629115)
(51701, -0.08437571)
(51751, -0.06353331)
(51801, -0.05570460)
(51851, -0.10225512)
(51901, -0.06015227)
(51951, -0.08461828)
(52001, -0.07655996)
(52051, -0.04090170)
(52101, -0.07281914)
(52151, -0.10129037)
(52201, -0.05550477)
(52251, -0.06511463)
(52301, -0.07751396)
(52351, 0.01646566)
(52401, -0.07263042)
(52451, -0.12122988)
(52501, -0.05705643)
(52551, 0.00393299)
(52601, -0.08751141)
(52651, 0.00309446)
(52701, -0.10926101)
(52751, -0.08282061)
(52801, -0.08772072)
(52851, 0.09499694)
(52901, -0.10509468)
(52951, 0.26655443)
(53001, -0.11839805)
(53051, -0.06568417)
(53101, 0.05067614)
(53151, 0.07288108)
(53201, -0.08551908)
(53251, 0.00104319)
(53301, 0.04254487)
(53351, -0.04987673)
(53401, -0.05907766)
(53451, -0.00280378)
(53501, -0.10242149)
(53551, -0.08508831)
(53601, -0.08596644)
(53651, -0.10047586)
(53701, -0.10750871)
(53751, -0.12097947)
(53801, -0.10615086)
(53851, -0.08241586)
(53901, -0.10632884)
(53951, 0.03482530)
(54001, -0.01783594)
(54051, -0.08329926)
(54101, -0.05256449)
(54151, -0.07208391)
(54201, 0.06189653)
(54251, -0.04388763)
(54301, -0.10154065)
(54351, -0.10403410)
(54401, -0.11027178)
(54451, -0.06345731)
(54501, -0.08521973)
(54551, -0.09829330)
(54601, -0.07120059)
(54651, -0.01319140)
(54701, -0.00149560)
(54751, 0.03157070)
(54801, -0.08034231)
(54851, -0.06950469)
(54901, -0.06959927)
(54951, -0.07265285)
(55001, -0.09777981)
(55051, -0.07436601)
(55101, -0.07988429)
(55151, -0.07968651)
(55201, -0.05777339)
(55251, -0.03147877)
(55301, 0.01452313)
(55351, 0.01637848)
(55401, -0.05568771)
(55451, -0.08117724)
(55501, 0.00637428)
(55551, -0.05512327)
(55601, -0.06992913)
(55651, -0.11217784)
(55701, -0.00841120)
(55751, -0.00856819)
(55801, 0.00819331)
(55851, -0.03078927)
(55901, 0.30688211)
(55951, -0.10046311)
(56001, -0.04792827)
(56051, -0.09195351)
(56101, -0.10580775)
(56151, -0.07098421)
(56201, 0.10130492)
(56251, 0.12390397)
(56301, -0.02687658)
(56351, -0.09203820)
(56401, 0.17738476)
(56451, -0.11555085)
(56501, -0.02344778)
(56551, -0.05506652)
(56601, -0.11144288)
(56651, 0.14536080)
(56701, -0.08450349)
(56751, -0.08857148)
(56801, -0.04091387)
(56851, -0.01562888)
(56901, -0.07990258)
(56951, 0.15050885)
(57001, -0.01005584)
(57051, -0.04867825)
(57101, -0.09050202)
(57151, 0.00409812)
(57201, -0.06247703)
(57251, -0.10554823)
(57301, -0.09874937)
(57351, -0.03266951)
(57401, -0.07046297)
(57451, -0.00654265)
(57501, 0.04615405)
(57551, -0.10502382)
(57601, -0.06152821)
(57651, 0.20750955)
(57701, 0.09952840)
(57751, 0.10447152)
(57801, -0.08596301)
(57851, -0.07646919)
(57901, 0.08647182)
(57951, -0.07181392)
(58001, -0.03119157)
(58051, -0.06397665)
(58101, 0.07186637)
(58151, -0.05534720)
(58201, -0.05691274)
(58251, -0.06966518)
(58301, -0.10812569)
(58351, -0.05316649)
(58401, -0.05937189)
(58451, -0.08036077)
(58501, -0.12056166)
(58551, 0.55497028)
(58601, -0.03449267)
(58651, 0.00935987)
(58701, -0.08098011)
(58751, -0.06628622)
(58801, -0.12120003)
(58851, -0.09714616)
(58901, -0.06969859)
(58951, -0.07672711)
(59001, -0.08927487)
(59051, -0.05823143)
(59101, 0.00704293)
(59151, -0.09866948)
(59201, -0.04665119)
(59251, -0.09752493)
(59301, -0.09607401)
(59351, -0.02820038)
(59401, -0.09667443)
(59451, -0.03490893)
(59501, 0.05151192)
(59551, 0.00959197)
(59601, -0.02926058)
(59651, -0.08607721)
(59701, 0.01912766)
(59751, -0.04989705)
(59801, -0.09514685)
(59851, -0.06709369)
(59901, -0.08255581)
(59951, 0.25382502)
(60001, 0.17476822)
(60051, -0.09459486)
(60101, -0.03784564)
(60151, -0.06786299)
(60201, -0.03275515)
(60251, -0.09408384)
(60301, -0.08657468)
(60351, -0.09187699)
(60401, -0.10178695)
(60451, -0.13204616)
(60501, -0.07544058)
(60551, 0.01315648)
(60601, -0.06161462)
(60651, -0.03187226)
(60701, -0.10123260)
(60751, -0.11469156)
(60801, -0.07320129)
(60851, -0.09494542)
(60901, -0.09838296)
(60951, -0.09001758)
(61001, 0.47571838)
(61051, -0.02660464)
(61101, 0.06014672)
(61151, 0.08650077)
(61201, -0.11569481)
(61251, -0.03413291)
(61301, -0.06762538)
(61351, -0.11473261)
(61401, -0.11705391)
(61451, -0.12712272)
(61501, -0.09042568)
(61551, -0.10352176)
(61601, -0.08179092)
(61651, 0.10746859)
(61701, -0.06371687)
(61751, -0.11448880)
(61801, -0.09728641)
(61851, -0.05612645)
(61901, -0.06687848)
(61951, 0.06663273)
(62001, -0.12353042)
(62051, -0.06069133)
(62101, 0.00468180)
(62151, -0.10315979)
(62201, -0.07541425)
(62251, -0.09985461)
(62301, -0.10977662)
(62351, -0.10016297)
(62401, 0.06198990)
(62451, 0.09466896)
(62501, -0.11291150)
(62551, -0.00835606)
(62601, -0.05784689)
(62651, -0.11139600)
(62701, -0.05200309)
(62751, -0.01373977)
(62801, -0.07513336)
(62851, 0.07530791)
(62901, 0.00340249)
(62951, -0.10498323)
(63001, -0.08457092)
(63051, 0.01150598)
(63101, -0.00032499)
(63151, -0.04962651)
(63201, -0.10524650)
(63251, 0.16646594)
(63301, -0.08546525)
(63351, -0.08665685)
(63401, -0.10052073)
(63451, -0.11420128)
(63501, -0.07122678)
(63551, -0.12650155)
(63601, -0.09720281)
(63651, -0.11772917)
(63701, 0.14788884)
(63751, -0.09137135)
(63801, -0.04580448)
(63851, -0.11251629)
(63901, -0.09674617)
(63951, -0.07958279)
(64001, -0.08796068)
(64051, 0.35789714)
(64101, -0.01234313)
(64151, -0.02275934)
(64201, -0.06019023)
(64251, -0.01099218)
(64301, 0.17291943)
(64351, 0.13948792)
(64401, 0.18595626)
(64451, 0.00862214)
(64501, -0.06440479)
(64551, -0.08320113)
(64601, -0.10944982)
(64651, -0.10013228)
(64701, -0.10097127)
(64751, 0.13646855)
(64801, -0.11731461)
(64851, -0.04965045)
(64901, -0.03559040)
(64951, -0.06018827)
(65001, -0.10417628)
(65051, -0.11281120)
(65101, -0.10913652)
(65151, -0.06771006)
(65201, -0.09603682)
(65251, -0.10738528)
(65301, -0.10273975)
(65351, 0.27419033)
(65401, -0.02176420)
(65451, -0.11125511)
(65501, -0.11565997)
(65551, -0.03333931)
(65601, -0.12804700)
(65651, -0.08587456)
(65701, -0.01753124)
(65751, -0.04283024)
(65801, -0.08357337)
(65851, 0.03540289)
(65901, -0.13386889)
(65951, -0.03171796)
(66001, -0.08721408)
(66051, -0.13282949)
(66101, -0.07038791)
(66151, 0.04953972)
(66201, -0.11769182)
(66251, -0.12980878)
(66301, -0.10251518)
(66351, -0.04995522)
(66401, -0.10711601)
(66451, -0.08691111)
(66501, 0.04424925)
(66551, -0.05718795)
(66601, 0.00854646)
(66651, -0.11070275)
(66701, 0.16620368)
(66751, -0.03334802)
(66801, -0.08814804)
(66851, -0.07640126)
(66901, -0.09737370)
(66951, -0.10718142)
(67001, -0.12474593)
(67051, -0.10366964)
(67101, 0.00820628)
(67151, -0.05138886)
(67201, -0.11498691)
(67251, -0.09630442)
(67301, -0.10875011)
(67351, -0.14455961)
(67401, -0.03518614)
(67451, -0.11498190)
(67501, -0.10609137)
(67551, -0.12609416)
(67601, -0.06303000)
(67651, -0.10088287)
(67701, -0.10982557)
(67751, -0.03033336)
(67801, -0.11358718)
(67851, -0.02420311)
(67901, 0.04366807)
(67951, -0.12802765)
(68001, -0.09358610)
(68051, -0.11162770)
(68101, -0.10739342)
(68151, -0.08482487)
(68201, -0.08404495)
(68251, -0.07311772)
(68301, -0.10776307)
(68351, -0.10218780)
(68401, -0.13432746)
(68451, -0.11723543)
(68501, -0.01431027)
(68551, -0.02999282)
(68601, -0.10861205)
(68651, -0.07647702)
(68701, -0.09775294)
(68751, -0.09481072)
(68801, 0.19725752)
(68851, -0.01866431)
(68901, -0.08894241)
(68951, -0.11614542)
(69001, 0.02606475)
(69051, -0.09531596)
(69101, 0.00672051)
(69151, -0.09682854)
(69201, -0.00812899)
(69251, -0.08332504)
(69301, -0.02728417)
(69351, 0.03411341)
(69401, 0.07567114)
(69451, -0.01856262)
(69501, -0.01317479)
(69551, -0.11264774)
(69601, -0.05324424)
(69651, -0.05813643)
(69701, -0.06924789)
(69751, -0.07272626)
(69801, -0.13420337)
(69851, -0.04102238)
(69901, -0.08343355)
(69951, -0.11620584)
(70001, -0.08617145)
(70051, -0.10787243)
(70101, 0.00085816)
(70151, -0.02657640)
(70201, -0.11105837)
(70251, -0.08410221)
(70301, -0.11894876)
(70351, 0.04535591)
(70401, -0.01607121)
(70451, 0.01264148)
(70501, 0.23298613)
(70551, -0.05675545)
(70601, -0.07062037)
(70651, -0.07934979)
(70701, -0.05769810)
(70751, -0.07030340)
(70801, -0.06202848)
(70851, -0.07638090)
(70901, 0.02821091)
(70951, -0.11403438)
(71001, -0.08795706)
(71051, -0.12967718)
(71101, -0.10742211)
(71151, 0.19417862)
(71201, -0.11346139)
(71251, 0.06254224)
(71301, -0.03532875)
(71351, -0.00780345)
(71401, -0.07969152)
(71451, -0.10975673)
(71501, -0.11527133)
(71551, -0.05237332)
(71601, -0.09527799)
(71651, -0.06810842)
(71701, -0.08894907)
(71751, -0.02324674)
(71801, -0.00658641)
(71851, 0.02178177)
(71901, -0.05287601)
(71951, 0.11139712)
(72001, -0.12907852)
(72051, 0.00946560)
(72101, -0.03483967)
(72151, -0.10085212)
(72201, -0.10189282)
(72251, -0.08818130)
(72301, 0.22414868)
(72351, 0.02345011)
(72401, -0.08193309)
(72451, -0.12696780)
(72501, -0.06821650)
(72551, 0.18666012)
(72601, 0.05650220)
(72651, -0.10154998)
(72701, -0.07773200)
(72751, -0.07647767)
(72801, 0.11855140)
(72851, -0.13713418)
(72901, 0.03579337)
(72951, -0.07450484)
(73001, -0.10926340)
(73051, -0.01452386)
(73101, -0.13491396)
(73151, -0.07893577)
(73201, -0.04117855)
(73251, -0.01892205)
(73301, -0.12216980)
(73351, -0.08320054)
(73401, -0.07616693)
(73451, -0.12971722)
(73501, -0.05719408)
(73551, 0.12033998)
(73601, -0.12253158)
(73651, -0.09634601)
(73701, -0.04488040)
(73751, -0.10549531)
(73801, -0.11597263)
(73851, -0.08499275)
(73901, 0.05954763)
(73951, 0.02030534)
(74001, -0.05345693)
(74051, -0.04840083)
(74101, 0.00431475)
(74151, 0.07651230)
(74201, -0.08071541)
(74251, -0.12388855)
(74301, -0.04909328)
(74351, -0.07893659)
(74401, -0.08578395)
(74451, -0.08496363)
(74501, 0.07401904)
(74551, -0.08865895)
(74601, -0.06616088)
(74651, -0.04686333)
(74701, -0.09597919)
(74751, -0.05769462)
(74801, -0.14691316)
(74851, -0.13023378)
(74901, -0.09849632)
(74951, 0.03549025)
(75001, -0.10627721)
(75051, -0.13267601)
(75101, -0.04724236)
(75151, -0.11661412)
(75201, -0.10134289)
(75251, -0.13680699)
(75301, -0.06513090)
(75351, -0.03943079)
(75401, -0.06096942)
(75451, -0.11239325)
(75501, -0.10583591)
(75551, -0.08871225)
(75601, -0.11335460)
(75651, -0.13657229)
(75701, -0.05654413)
(75751, -0.08122128)
(75801, -0.13125591)
(75851, 0.23365053)
(75901, -0.11722955)
(75951, 0.11049907)
(76001, -0.08627466)
(76051, 0.33537171)
(76101, -0.11820506)
(76151, -0.10601585)
(76201, -0.01348590)
(76251, -0.03570874)
(76301, -0.08289504)
(76351, -0.09703459)
(76401, -0.05574767)
(76451, -0.07793154)
(76501, -0.12606453)
(76551, 0.00156662)
(76601, 0.34907822)
(76651, 0.00309148)
(76701, -0.11626980)
(76751, 0.14195907)
(76801, -0.12279669)
(76851, -0.03701838)
(76901, 0.08776688)
(76951, -0.12022543)
(77001, -0.10996172)
(77051, -0.07609044)
(77101, -0.11356113)
(77151, 0.06037173)
(77201, -0.04773203)
(77251, -0.11109799)
(77301, -0.11658922)
(77351, 0.04288696)
(77401, -0.11816455)
(77451, -0.13156264)
(77501, -0.06987070)
(77551, -0.05474892)
(77601, -0.10935304)
(77651, -0.13456467)
(77701, 0.02643872)
(77751, -0.11504618)
(77801, -0.09333741)
(77851, -0.06330905)
(77901, -0.08145249)
(77951, -0.11210998)
(78001, -0.10196941)
(78051, -0.10337193)
(78101, -0.05447279)
(78151, 0.05828558)
(78201, -0.07983679)
(78251, -0.12317029)
(78301, -0.12541530)
(78351, -0.11184954)
(78401, -0.04839683)
(78451, -0.08273053)
(78501, 0.07940139)
(78551, -0.10431854)
(78601, -0.10045645)
(78651, -0.00034316)
(78701, -0.10661171)
(78751, -0.03777126)
(78801, -0.09762003)
(78851, -0.11873166)
(78901, 0.13599331)
(78951, 0.08486332)
(79001, 0.10754604)
(79051, -0.07903560)
(79101, -0.06556719)
(79151, 0.17045653)
(79201, 0.33042561)
(79251, -0.11038243)
(79301, 0.10282995)
(79351, -0.10492121)
(79401, -0.13148531)
(79451, -0.11337883)
(79501, -0.12246668)
(79551, -0.10310823)
(79601, -0.12598360)
(79651, -0.09224835)
(79701, 0.15806243)
(79751, -0.10262939)
(79801, -0.02570336)
(79851, -0.12392765)
(79901, -0.10762493)
(79951, -0.03204713)
(80001, -0.07342793)
(80051, -0.07640713)
(80101, 0.09103426)
(80151, -0.10870516)
(80201, -0.08043671)
(80251, 0.14861827)
(80301, -0.08657967)
(80351, 0.20755000)
(80401, 0.01385287)
(80451, 0.19747303)
(80501, -0.12384863)
(80551, -0.11757173)
(80601, -0.10324745)
(80651, -0.11119556)
(80701, 0.38604686)
(80751, -0.10959733)
(80801, -0.12120311)
(80851, 0.38834511)
(80901, 0.03001526)
(80951, -0.10276930)
(81001, 0.14979054)
(81051, 0.19716305)
(81101, 0.02935926)
(81151, 0.04614404)
(81201, -0.02977259)
(81251, -0.10033081)
(81301, -0.06020735)
(81351, -0.12906154)
(81401, 0.01865259)
(81451, -0.04699434)
(81501, -0.14075130)
(81551, -0.08862971)
(81601, -0.08145272)
(81651, 0.00914812)
(81701, -0.10882130)
(81751, 0.07201031)
(81801, -0.10638117)
(81851, -0.03216512)
(81901, -0.05961193)
(81951, -0.12042850)
(82001, -0.12035582)
(82051, -0.09775995)
(82101, -0.10969850)
(82151, -0.08569693)
(82201, -0.09212685)
(82251, -0.13582435)
(82301, -0.04495130)
(82351, -0.10325267)
(82401, -0.13669305)
(82451, -0.03690788)
(82501, 0.01893955)
(82551, -0.06006916)
(82601, -0.06124486)
(82651, 0.07242088)
(82701, -0.10634931)
(82751, -0.05286211)
(82801, -0.11347710)
(82851, -0.04273446)
(82901, -0.10863800)
(82951, -0.12977009)
(83001, -0.13321582)
(83051, -0.06813660)
(83101, -0.03179166)
(83151, -0.10711335)
(83201, 0.27605257)
(83251, -0.07072670)
(83301, -0.10440388)
(83351, -0.10764445)
(83401, 0.08082771)
(83451, -0.08506310)
(83501, 0.02199135)
(83551, -0.08460124)
(83601, -0.08381007)
(83651, -0.10944047)
(83701, -0.12738542)
(83751, -0.09427073)
(83801, 0.39363110)
(83851, -0.06895815)
(83901, -0.06218079)
(83951, -0.10293804)
(84001, 0.09717735)
(84051, -0.04931951)
(84101, -0.04758133)
(84151, -0.06259608)
(84201, -0.10945377)
(84251, 0.00271600)
(84301, -0.13952263)
(84351, -0.09897895)
(84401, -0.11243628)
(84451, 0.03335445)
(84501, -0.11880666)
(84551, -0.04000840)
(84601, -0.14617097)
(84651, -0.01298242)
(84701, -0.12256803)
(84751, -0.13661193)
(84801, -0.04825247)
(84851, -0.00087833)
(84901, -0.08490589)
(84951, -0.11458291)
(85001, 0.06113593)
(85051, -0.05659277)
(85101, -0.11754707)
(85151, -0.10007486)
(85201, -0.01623332)
(85251, -0.11328828)
(85301, -0.12980103)
(85351, -0.12509575)
(85401, -0.09473561)
(85451, 0.05277979)
(85501, -0.09383423)
(85551, -0.07970093)
(85601, -0.12575175)
(85651, -0.06526140)
(85701, -0.14037174)
(85751, -0.13488945)
(85801, 0.16332274)
(85851, 0.00458147)
(85901, -0.13836628)
(85951, -0.02182437)
(86001, -0.06532444)
(86051, -0.12751307)
(86101, 0.03054853)
(86151, -0.11826403)
(86201, -0.01034638)
(86251, -0.15164086)
(86301, -0.11284415)
(86351, -0.07300749)
(86401, -0.12939811)
(86451, -0.03412254)
(86501, -0.13537196)
(86551, -0.04792132)
(86601, 0.21390345)
(86651, 0.02343461)
(86701, 0.30329778)
(86751, -0.08954936)
(86801, -0.03403453)
(86851, -0.10492093)
(86901, -0.08643480)
(86951, -0.11649852)
(87001, 0.16202766)
(87051, 0.01886145)
(87101, 0.13169573)
(87151, -0.08976830)
(87201, -0.10513186)
(87251, -0.04678449)
(87301, -0.11735853)
(87351, 0.13627704)
(87401, -0.12639351)
(87451, -0.11502040)
(87501, -0.12831482)
(87551, -0.09712284)
(87601, -0.07958471)
(87651, 0.03430531)
(87701, -0.12667717)
(87751, -0.12179799)
(87801, -0.05700078)
(87851, -0.11743014)
(87901, -0.12484874)
(87951, -0.12557414)
(88001, -0.11933932)
(88051, -0.00917457)
(88101, -0.11605346)
(88151, -0.11710723)
(88201, -0.11915772)
(88251, -0.13803992)
(88301, -0.06951670)
(88351, -0.10009105)
(88401, -0.12788369)
(88451, 0.08404729)
(88501, -0.09696107)
(88551, -0.10713266)
(88601, -0.07116332)
(88651, -0.12849896)
(88701, -0.01697694)
(88751, -0.12133844)
(88801, -0.11901312)
(88851, -0.04985860)
(88901, -0.11120946)
(88951, -0.08393221)
(89001, 0.02308271)
(89051, -0.12379637)
(89101, -0.11127073)
(89151, -0.11836693)
(89201, -0.05585128)
(89251, 0.02299369)
(89301, -0.12914211)
(89351, -0.13258670)
(89401, -0.09758926)
(89451, -0.12902510)
(89501, -0.03260043)
(89551, 0.03787471)
(89601, -0.12847678)
(89651, 0.17055807)
(89701, 0.21530566)
(89751, 0.14521433)
(89801, -0.13192537)
(89851, -0.06272945)
(89901, -0.07739767)
(89951, -0.11020005)
(90001, -0.07402662)
(90051, 0.03615623)
(90101, -0.11497725)
(90151, -0.11589887)
(90201, -0.14528158)
(90251, -0.12736742)
(90301, -0.02221777)
(90351, -0.09912498)
(90401, 0.05736030)
(90451, -0.10188353)
(90501, 0.01488447)
(90551, 0.04113788)
(90601, -0.02668773)
(90651, -0.11220570)
(90701, 0.07371073)
(90751, -0.09314177)
(90801, -0.13104889)
(90851, -0.13303836)
(90901, -0.02710322)
(90951, -0.05718801)
(91001, -0.00300707)
(91051, -0.12383286)
(91101, -0.01879422)
(91151, -0.09666209)
(91201, -0.12488315)
(91251, -0.12595223)
(91301, -0.07282744)
(91351, 0.70214727)
(91401, 0.02461804)
(91451, -0.12053426)
(91501, -0.15910079)
(91551, -0.10673524)
(91601, -0.01669320)
(91651, -0.10701900)
(91701, -0.08046185)
(91751, -0.08733638)
(91801, -0.12371121)
(91851, -0.10023610)
(91901, -0.08946159)
(91951, -0.15949925)
(92001, -0.12773166)
(92051, -0.05975698)
(92101, -0.07044677)
(92151, -0.04525463)
(92201, -0.05866502)
(92251, -0.12588177)
(92301, -0.11824755)
(92351, 0.02116123)
(92401, -0.12533553)
(92451, 0.09376551)
(92501, 0.19422871)
(92551, -0.11484180)
(92601, 0.03070285)
(92651, -0.02001005)
(92701, -0.14330310)
(92751, -0.09397376)
(92801, 0.23347686)
(92851, -0.09924589)
(92901, -0.00146431)
(92951, -0.12420470)
(93001, -0.10062476)
(93051, 0.21234649)
(93101, -0.15777284)
(93151, -0.16115586)
(93201, -0.07497674)
(93251, -0.12802219)
(93301, -0.00694467)
(93351, 0.04726490)
(93401, -0.12854410)
(93451, -0.12562077)
(93501, 0.01736399)
(93551, -0.11760539)
(93601, -0.04705916)
(93651, -0.14338049)
(93701, -0.13295469)
(93751, -0.13460766)
(93801, -0.10695136)
(93851, 0.04765932)
(93901, -0.00081369)
(93951, -0.14810281)
(94001, -0.08631599)
(94051, -0.11253100)
(94101, -0.02973145)
(94151, -0.08133805)
(94201, -0.11911611)
(94251, -0.12053631)
(94301, -0.10823202)
(94351, 0.04501397)
(94401, 0.09735874)
(94451, -0.13531063)
(94501, -0.13469250)
(94551, 0.13161355)
(94601, 0.03871918)
(94651, -0.12775487)
(94701, 0.25916322)
(94751, -0.15267133)
(94801, -0.06224707)
(94851, -0.07704478)
(94901, 0.17417941)
(94951, 0.16780810)
(95001, -0.05176184)
(95051, -0.08045919)
(95101, 0.01378420)
(95151, -0.12375879)
(95201, -0.11840770)
(95251, 0.22058560)
(95301, -0.11689229)
(95351, 0.13141207)
(95401, 0.08528297)
(95451, -0.10704375)
(95501, -0.00388975)
(95551, -0.14809559)
(95601, -0.12498552)
(95651, -0.02910265)
(95701, -0.04293625)
(95751, -0.08048405)
(95801, -0.01499647)
(95851, -0.12331031)
(95901, -0.09056099)
(95951, -0.12132148)
(96001, 0.00763401)
(96051, -0.12939814)
(96101, 0.00906102)
(96151, 0.08969072)
(96201, -0.09125757)
(96251, -0.11397146)
(96301, 0.15215410)
(96351, 0.01778123)
(96401, -0.05407314)
(96451, -0.08899038)
(96501, -0.11610013)
(96551, -0.13877483)
(96601, -0.14649136)
(96651, -0.13849165)
(96701, -0.08214191)
(96751, -0.06237222)
(96801, -0.13633415)
(96851, -0.12159995)
(96901, -0.13408909)
(96951, -0.10451154)
(97001, -0.12883548)
(97051, -0.04101644)
(97101, 0.09855843)
(97151, -0.00499099)
(97201, -0.09991395)
(97251, -0.13061370)
(97301, -0.12610675)
(97351, -0.11813833)
(97401, 0.06238394)
(97451, -0.14233840)
(97501, -0.13614042)
(97551, 0.12190960)
(97601, -0.13375884)
(97651, -0.11291398)
(97701, 0.00874081)
(97751, 0.13501476)
(97801, -0.12229411)
(97851, -0.09008595)
(97901, 0.06443916)
(97951, -0.09591433)
(98001, -0.14417200)
(98051, -0.15239301)
(98101, -0.07176689)
(98151, -0.07520000)
(98201, -0.11640888)
(98251, -0.13822853)
(98301, -0.13299175)
(98351, 0.09687844)
(98401, 0.08947243)
(98451, -0.13252681)
(98501, -0.09981343)
(98551, -0.11350396)
(98601, -0.11134017)
(98651, -0.04072398)
(98701, -0.13208848)
(98751, -0.11756855)
(98801, -0.09542886)
(98851, -0.05854443)
(98901, 0.13427558)
(98951, -0.09403051)
(99001, -0.03333274)
(99051, -0.12229169)
(99101, -0.14065412)
(99151, 0.09746098)
(99201, -0.10552548)
(99251, -0.07555193)
(99301, 0.03282666)
(99351, -0.13546466)
(99401, -0.11409836)
(99451, -0.12349476)
(99501, -0.08610271)
(99551, -0.09099738)
(99601, -0.12888922)
(99651, -0.10671046)
(99701, -0.09948538)
(99751, -0.07664487)
(99801, -0.12725537)
(99851, -0.15062580)
(99901, -0.10669257)
(99951, -0.03235388)
(100001, -0.08113894)
(100051, -0.15082641)
(100101, 0.51256898)
(100151, -0.11929030)
(100201, -0.12413973)
(100251, -0.09658236)
(100301, -0.14697646)
(100351, -0.07514292)
(100401, -0.00819062)
(100451, -0.16432153)
(100501, -0.14049937)
(100551, -0.12667503)
(100601, -0.07415637)
(100651, -0.13085083)
(100701, -0.14605688)
(100751, -0.03210469)
(100801, -0.07227506)
(100851, -0.09519595)
(100901, -0.14688988)
(100951, 0.01929895)
(101001, -0.01331347)
(101051, -0.00579442)
(101101, -0.15240698)
(101151, -0.01795638)
(101201, -0.05094697)
(101251, 0.13217641)
(101301, -0.04932611)
(101351, -0.03300320)
(101401, -0.14972661)
(101451, -0.13189768)
(101501, -0.04369619)
(101551, -0.13174620)
(101601, 0.04165611)
(101651, 0.13214032)
(101701, 0.08940335)
(101751, -0.09232822)
(101801, -0.08153170)
(101851, -0.13707472)
(101901, -0.07835350)
(101951, -0.05061004)
(102001, -0.09899232)
(102051, 0.01032542)
(102101, -0.13195401)
(102151, 0.13978624)
(102201, -0.08848703)
(102251, -0.10153360)
(102301, -0.04378736)
(102351, 0.12959678)
(102401, -0.14778882)
(102451, -0.09944177)
(102501, 0.11683835)
(102551, -0.15339844)
(102601, 0.06515759)
(102651, -0.14276271)
(102701, -0.11549998)
(102751, -0.05146847)
(102801, -0.13633598)
(102851, -0.12368714)
(102901, -0.03880738)
(102951, -0.12339563)
(103001, -0.12487826)
(103051, -0.12418116)
(103101, -0.05736112)
(103151, -0.14380573)
(103201, -0.09317632)
(103251, -0.14404377)
(103301, -0.05240108)
(103351, -0.06239672)
(103401, -0.13474204)
(103451, -0.04989687)
(103501, -0.12515260)
(103551, -0.10670520)
(103601, -0.07469254)
(103651, -0.15304132)
(103701, 0.00540563)
(103751, -0.04274715)
(103801, -0.15753705)
(103851, 0.03926492)
(103901, -0.12147100)
(103951, -0.11356044)
(104001, 0.02941806)
(104051, 0.00563144)
(104101, -0.15166157)
(104151, -0.06780741)
(104201, 0.02206004)
(104251, 0.01382910)
(104301, -0.14502316)
(104351, -0.14410287)
(104401, -0.13559467)
(104451, -0.10946283)
(104501, -0.13687637)
(104551, -0.12471740)
(104601, 0.14821184)
(104651, -0.10205909)
(104701, -0.06275926)
(104751, -0.14581449)
(104801, -0.04688418)
(104851, -0.13368299)
(104901, -0.12515716)
(104951, -0.06915081)
(105001, -0.13980226)
(105051, -0.13432838)
(105101, 0.00757515)
(105151, -0.13075649)
(105201, -0.14669694)
(105251, -0.02466657)
(105301, -0.13980222)
(105351, -0.12353379)
(105401, -0.11151403)
(105451, -0.07527688)
(105501, -0.15120579)
(105551, 0.01903161)
(105601, -0.12711929)
(105651, -0.11573154)
(105701, -0.09250059)
(105751, -0.00806072)
(105801, -0.08754890)
(105851, 0.10848970)
(105901, -0.07427068)
(105951, -0.13773729)
(106001, -0.14723457)
(106051, -0.11982380)
(106101, -0.15609086)
(106151, -0.16350910)
(106201, -0.13730401)
(106251, -0.11607970)
(106301, -0.10199213)
(106351, -0.09422372)
(106401, -0.17319749)
(106451, -0.12786067)
(106501, 0.04287466)
(106551, 0.21624366)
(106601, -0.11686551)
(106651, -0.13587405)
(106701, -0.11628748)
(106751, -0.11591417)
(106801, -0.06191538)
(106851, -0.13584061)
(106901, -0.09814947)
(106951, -0.08556482)
(107001, 0.11726603)
(107051, -0.04493651)
(107101, -0.11029877)
(107151, -0.11222070)
(107201, -0.05497455)
(107251, -0.09510213)
(107301, 0.15974940)
(107351, -0.13170861)
(107401, -0.09097420)
(107451, -0.13308372)
(107501, -0.08439897)
(107551, -0.12613291)
(107601, 0.04626225)
(107651, -0.09428689)
(107701, -0.14205229)
(107751, -0.05194262)
(107801, -0.14032726)
(107851, -0.12242864)
(107901, -0.08894391)
(107951, -0.06488319)
(108001, -0.06312514)
(108051, -0.09854046)
(108101, -0.13028193)
(108151, -0.10622954)
(108201, -0.10430323)
(108251, -0.13269143)
(108301, -0.00278442)
(108351, 0.09782888)
(108401, -0.04603698)
(108451, -0.14182062)
(108501, 0.08054984)
(108551, -0.15178134)
(108601, -0.14314084)
(108651, -0.12085079)
(108701, -0.13825771)
(108751, -0.04407167)
(108801, -0.13651910)
(108851, -0.12070375)
(108901, -0.03062670)
(108951, 0.05288808)
(109001, -0.13622068)
(109051, 0.06592188)
(109101, -0.11048409)
(109151, -0.13181012)
(109201, -0.09790563)
(109251, -0.16013213)
(109301, -0.08037694)
(109351, -0.09648953)
(109401, -0.11000311)
(109451, 0.10204691)
(109501, 0.13621328)
(109551, 0.07603457)
(109601, -0.13707723)
(109651, -0.09151811)
(109701, -0.14637592)
(109751, -0.14577460)
(109801, 0.04619666)
(109851, -0.07853039)
(109901, -0.08328751)
(109951, 0.05379385)
(110001, -0.14026592)
(110051, -0.11885196)
(110101, 0.07468676)
(110151, -0.10509238)
(110201, -0.12590804)
(110251, -0.13075707)
(110301, 0.13668861)
(110351, 0.12052632)
(110401, -0.04450652)
(110451, -0.14476410)
(110501, -0.10692869)
(110551, -0.01156880)
(110601, -0.10480542)
(110651, -0.10287537)
(110701, -0.12404726)
(110751, -0.07866362)
(110801, -0.15369236)
(110851, -0.11822344)
(110901, -0.14578195)
(110951, -0.06132146)
(111001, -0.08972423)
(111051, -0.13370378)
(111101, -0.12676203)
(111151, -0.00338332)
(111201, -0.12561047)
(111251, 0.00140191)
(111301, -0.05685747)
(111351, -0.12093975)
(111401, -0.10446266)
(111451, -0.11708389)
(111501, -0.15171575)
(111551, -0.11146704)
(111601, 0.25374034)
(111651, -0.14081948)
(111701, 0.06439197)
(111751, -0.09990583)
(111801, -0.11780800)
(111851, -0.12796709)
(111901, -0.11600929)
(111951, -0.13665712)
(112001, 0.12945032)
(112051, -0.08346754)
(112101, 0.05804100)
(112151, -0.14050147)
(112201, -0.08515570)
(112251, 0.39239470)
(112301, -0.14061706)
(112351, -0.13523000)
(112401, -0.09207543)
(112451, -0.11766563)
(112501, -0.07538275)
(112551, -0.14526315)
(112601, -0.09391641)
(112651, -0.12633196)
(112701, -0.14923099)
(112751, -0.14186236)
(112801, -0.00374212)
(112851, -0.15141463)
(112901, -0.11500422)
(112951, -0.13673388)
(113001, -0.07598491)
(113051, -0.12595730)
(113101, -0.09016120)
(113151, -0.03568498)
(113201, -0.13651760)
(113251, -0.06431413)
(113301, -0.04391892)
(113351, -0.14960034)
(113401, 0.18348475)
(113451, -0.05358732)
(113501, -0.16475236)
(113551, 0.07542892)
(113601, 0.10010219)
(113651, 0.00650187)
(113701, -0.11770026)
(113751, -0.02721640)
(113801, -0.16081068)
(113851, 0.19669728)
(113901, -0.14990114)
(113951, -0.15790591)
(114001, -0.09459496)
(114051, -0.02573483)
(114101, -0.15723814)
(114151, -0.09315292)
(114201, -0.12011746)
(114251, 0.03376819)
(114301, -0.15508766)
(114351, -0.11582620)
(114401, -0.06383743)
(114451, 0.19902328)
(114501, -0.14806085)
(114551, -0.15755096)
(114601, -0.11615521)
(114651, 0.02526265)
(114701, -0.13297340)
(114751, -0.04428036)
(114801, -0.11948919)
(114851, -0.14638657)
(114901, -0.07408209)
(114951, 0.02430330)
(115001, -0.14258564)
(115051, -0.09872806)
(115101, -0.10686198)
(115151, -0.13065758)
(115201, -0.02613556)
(115251, -0.00814123)
(115301, -0.14229930)
(115351, -0.11933731)
(115401, -0.08428218)
(115451, -0.10120872)
(115501, -0.10840542)
(115551, -0.10055865)
(115601, -0.13783502)
(115651, 0.02388831)
(115701, -0.13972671)
(115751, -0.11365347)
(115801, -0.12257318)
(115851, -0.11082483)
(115901, -0.06585009)
(115951, -0.07462902)
(116001, -0.11725030)
(116051, -0.16234107)
(116101, -0.13938563)
(116151, -0.13107156)
(116201, -0.13734668)
(116251, -0.12741274)
(116301, 0.03660445)
(116351, -0.13434770)
(116401, -0.15251060)
(116451, -0.07488267)
(116501, -0.11566731)
(116551, -0.16073130)
(116601, -0.14422677)
(116651, -0.04433710)
(116701, 0.01745445)
(116751, -0.14643953)
(116801, -0.13964041)
(116851, -0.02902044)
(116901, -0.08888916)
(116951, -0.05629636)
(117001, -0.15112752)
(117051, -0.08473420)
(117101, 0.07568525)
(117151, -0.08790582)
(117201, -0.06101841)
(117251, -0.14196204)
(117301, -0.13071678)
(117351, -0.08579233)
(117401, -0.14953388)
(117451, -0.14575478)
(117501, -0.15547007)
(117551, 0.00847942)
(117601, 0.15671750)
(117651, -0.11449339)
(117701, -0.14314494)
(117751, -0.14985782)
(117801, -0.14482801)
(117851, 0.03262664)
(117901, -0.10264086)
(117951, -0.08291961)
(118001, -0.12904788)
(118051, -0.15277772)
(118101, -0.10121749)
(118151, -0.15401616)
(118201, -0.10077550)
(118251, -0.13609549)
(118301, -0.00707052)
(118351, -0.07233772)
(118401, -0.11960852)
(118451, -0.04966952)
(118501, -0.01937687)
(118551, -0.13867243)
(118601, -0.14273106)
(118651, -0.13757031)
(118701, -0.16012778)
(118751, -0.15438614)
(118801, -0.10700367)
(118851, -0.14551986)
(118901, -0.15487583)
(118951, -0.11365491)
(119001, 0.09637744)
(119051, -0.03331317)
(119101, -0.08359309)
(119151, 0.00284240)
(119201, -0.14074809)
(119251, -0.12435205)
(119301, -0.08976177)
(119351, -0.13028041)
(119401, -0.11869809)
(119451, -0.00161677)
(119501, 0.18048901)
(119551, 0.08966672)
(119601, -0.08617452)
(119651, -0.04664169)
(119701, 0.18659518)
(119751, -0.12493744)
(119801, -0.13048908)
(119851, -0.10707712)
(119901, -0.13703125)
(119951, -0.13386696)
(120001, 0.05735035)
(120051, -0.11819880)
(120101, -0.12550630)
(120151, -0.13277306)
(120201, -0.11291328)
(120251, -0.08800664)
(120301, -0.14373405)
(120351, -0.00935110)
(120401, -0.04111647)
(120451, -0.16085415)
(120501, -0.09931760)
(120551, -0.12002663)
(120601, -0.10323234)
(120651, 0.00743931)
(120701, -0.14625080)
(120751, -0.08741558)
(120801, 0.10674960)
(120851, 0.09841133)
(120901, -0.14293841)
(120951, -0.13856313)
(121001, -0.04865730)
(121051, -0.09178612)
(121101, -0.10901047)
(121151, -0.08103012)
(121201, -0.14815864)
(121251, -0.12227392)
(121301, -0.13569125)
(121351, -0.05277178)
(121401, 0.00600734)
(121451, 0.16096723)
(121501, 0.07238959)
(121551, -0.10761180)
(121601, -0.09933732)
(121651, -0.12291650)
(121701, -0.03365399)
(121751, -0.10267897)
(121801, -0.02990124)
(121851, -0.04624712)
(121901, 0.22477522)
(121951, -0.04411633)
(122001, -0.11176997)
(122051, -0.11474275)
(122101, -0.14054295)
(122151, -0.09830611)
(122201, -0.12613612)
(122251, -0.10450408)
(122301, -0.15797553)
(122351, -0.02321643)
(122401, -0.13413040)
(122451, -0.06849860)
(122501, -0.14020213)
(122551, -0.13962331)
(122601, -0.06525214)
(122651, -0.14694623)
(122701, -0.05358129)
(122751, -0.05164241)
(122801, -0.08301935)
(122851, -0.12193916)
(122901, 0.00728549)
(122951, -0.12984993)
(123001, -0.11173394)
(123051, -0.11213323)
(123101, -0.12637205)
(123151, 0.08489089)
(123201, -0.04367606)
(123251, -0.11771310)
(123301, 0.36712021)
(123351, -0.13447765)
(123401, -0.15378027)
(123451, -0.10158204)
(123501, -0.12984471)
(123551, -0.09864505)
(123601, -0.13646983)
(123651, -0.14988109)
(123701, 0.10199194)
(123751, -0.12583444)
(123801, -0.13597240)
(123851, -0.03609218)
(123901, -0.02970552)
(123951, 0.05467915)
(124001, -0.15330556)
(124051, -0.13309843)
(124101, -0.16242662)
(124151, -0.11871754)
(124201, -0.11138862)
(124251, 0.05694465)
(124301, -0.14553007)
(124351, -0.13016026)
(124401, 0.23459070)
(124451, 0.01918997)
(124501, -0.14216775)
(124551, -0.12514304)
(124601, -0.10885385)
(124651, 0.11449987)
(124701, -0.12135211)
(124751, 0.00002197)
(124801, -0.15085301)
(124851, -0.14434901)
(124901, -0.06988177)
(124951, 0.12321500)
