(1, 0.62377840)
(51, 0.31159496)
(101, 0.26481202)
(151, 0.25574756)
(201, 0.24799576)
(251, 0.24314122)
(301, 0.21155223)
(351, 0.21813124)
(401, 0.19783667)
(451, 0.18202834)
(501, 0.17974856)
(551, 0.16658176)
(601, 0.15833528)
(651, 0.16709471)
(701, 0.15167625)
(751, 0.15382016)
(801, 0.15732576)
(851, 0.14533029)
(901, 0.12834197)
(951, 0.13726194)
(1001, 0.14354968)
(1051, 0.13214755)
(1101, 0.12673470)
(1151, 0.12795804)
(1201, 0.13887501)
(1251, 0.14868778)
(1301, 0.11460187)
(1351, 0.11198092)
(1401, 0.12293772)
(1451, 0.12070371)
(1501, 0.11389933)
(1551, 0.11674367)
(1601, 0.11663869)
(1651, 0.12658215)
(1701, 0.10887212)
(1751, 0.10594994)
(1801, 0.13364446)
(1851, 0.11132421)
(1901, 0.11393741)
(1951, 0.12165495)
(2001, 0.10128799)
(2051, 0.09996895)
(2101, 0.10224933)
(2151, 0.10134795)
(2201, 0.13419786)
(2251, 0.10723466)
(2301, 0.10160203)
(2351, 0.10727659)
(2401, 0.11662837)
(2451, 0.12263443)
(2501, 0.09845886)
(2551, 0.09438829)
(2601, 0.09674585)
(2651, 0.10072149)
(2701, 0.10221238)
(2751, 0.09970219)
(2801, 0.10623746)
(2851, 0.12450945)
(2901, 0.10405637)
(2951, 0.10169933)
(3001, 0.10354167)
(3051, 0.09259607)
(3101, 0.09836448)
(3151, 0.11358082)
(3201, 0.09035832)
(3251, 0.10885634)
(3301, 0.09073931)
(3351, 0.08578359)
(3401, 0.08849079)
(3451, 0.10071411)
(3501, 0.08809603)
(3551, 0.10155030)
(3601, 0.09454159)
(3651, 0.08969741)
(3701, 0.09147618)
(3751, 0.08952498)
(3801, 0.09376735)
(3851, 0.09890623)
(3901, 0.10597444)
(3951, 0.08764795)
(4001, 0.10463847)
(4051, 0.11345490)
(4101, 0.10297279)
(4151, 0.09199898)
(4201, 0.08520089)
(4251, 0.09000520)
(4301, 0.09227972)
(4351, 0.12388547)
(4401, 0.08404718)
(4451, 0.12600645)
(4501, 0.09505080)
(4551, 0.08765537)
(4601, 0.09771776)
(4651, 0.09094225)
(4701, 0.09489539)
(4751, 0.08350312)
(4801, 0.08963249)
(4851, 0.09447653)
(4901, 0.09061879)
(4951, 0.09647911)
(5001, 0.09355594)
(5051, 0.09188969)
(5101, 0.09352066)
(5151, 0.09390689)
(5201, 0.09771770)
(5251, 0.10797705)
(5301, 0.09123030)
(5351, 0.09219196)
(5401, 0.10468409)
(5451, 0.09409294)
(5501, 0.09893961)
(5551, 0.08745243)
(5601, 0.08990158)
(5651, 0.10365251)
(5701, 0.08681230)
(5751, 0.08759533)
(5801, 0.08939550)
(5851, 0.09492156)
(5901, 0.08663117)
(5951, 0.08378230)
(6001, 0.09116153)
(6051, 0.09240531)
(6101, 0.08904029)
(6151, 0.08699948)
(6201, 0.08662536)
(6251, 0.07832657)
(6301, 0.10191792)
(6351, 0.08891805)
(6401, 0.07754686)
(6451, 0.08268926)
(6501, 0.08063398)
(6551, 0.07863513)
(6601, 0.09346279)
(6651, 0.08269753)
(6701, 0.10390243)
(6751, 0.08296795)
(6801, 0.09561501)
(6851, 0.07919867)
(6901, 0.10582189)
(6951, 0.08227574)
(7001, 0.07713113)
(7051, 0.07935727)
(7101, 0.09387080)
(7151, 0.08985677)
(7201, 0.08683614)
(7251, 0.07864766)
(7301, 0.08060507)
(7351, 0.08335350)
(7401, 0.10089596)
(7451, 0.08316157)
(7501, 0.08005470)
(7551, 0.07855813)
(7601, 0.07671221)
(7651, 0.09274226)
(7701, 0.08190646)
(7751, 0.08843122)
(7801, 0.11505727)
(7851, 0.09104763)
(7901, 0.09207305)
(7951, 0.08324853)
(8001, 0.09067485)
(8051, 0.07938845)
(8101, 0.08089522)
(8151, 0.07746726)
(8201, 0.08013152)
(8251, 0.07996039)
(8301, 0.08634882)
(8351, 0.10021042)
(8401, 0.07704887)
(8451, 0.07683185)
(8501, 0.12633602)
(8551, 0.07955457)
(8601, 0.13638069)
(8651, 0.12083136)
(8701, 0.09726019)
(8751, 0.07717180)
(8801, 0.10366422)
(8851, 0.10716420)
(8901, 0.07745919)
(8951, 0.09234683)
(9001, 0.07549684)
(9051, 0.10246115)
(9101, 0.10652675)
(9151, 0.08055615)
(9201, 0.07814264)
(9251, 0.09095801)
(9301, 0.07518153)
(9351, 0.07936682)
(9401, 0.08681490)
(9451, 0.11044467)
(9501, 0.09741580)
(9551, 0.09239283)
(9601, 0.08371969)
(9651, 0.08032052)
(9701, 0.09978402)
(9751, 0.07423656)
(9801, 0.09819927)
(9851, 0.08291858)
(9901, 0.10802361)
(9951, 0.10719261)
(10001, 0.08052076)
(10051, 0.10225939)
(10101, 0.07606604)
(10151, 0.09277933)
(10201, 0.12726521)
(10251, 0.11783239)
(10301, 0.08131553)
(10351, 0.08620303)
(10401, 0.07332087)
(10451, 0.07455141)
(10501, 0.07411697)
(10551, 0.07616628)
(10601, 0.08166767)
(10651, 0.11743796)
(10701, 0.08545630)
(10751, 0.07336631)
(10801, 0.07662828)
(10851, 0.07371474)
(10901, 0.08015245)
(10951, 0.08280466)
(11001, 0.08000593)
(11051, 0.07344635)
(11101, 0.08175793)
(11151, 0.07503126)
(11201, 0.07335427)
(11251, 0.07658635)
(11301, 0.08234685)
(11351, 0.07618368)
(11401, 0.15895171)
(11451, 0.07309137)
(11501, 0.07685128)
(11551, 0.07334232)
(11601, 0.08323434)
(11651, 0.10805267)
(11701, 0.06988978)
(11751, 0.07964699)
(11801, 0.08286783)
(11851, 0.07569372)
(11901, 0.09321995)
(11951, 0.07941252)
(12001, 0.08366069)
(12051, 0.07658484)
(12101, 0.10358974)
(12151, 0.08952150)
(12201, 0.07583007)
(12251, 0.11013842)
(12301, 0.09284616)
(12351, 0.07660025)
(12401, 0.07749616)
(12451, 0.09057180)
(12501, 0.08298910)
(12551, 0.08094031)
(12601, 0.08015439)
(12651, 0.06830531)
(12701, 0.09415715)
(12751, 0.09271070)
(12801, 0.08478671)
(12851, 0.06978710)
(12901, 0.07465425)
(12951, 0.07576359)
(13001, 0.07876091)
(13051, 0.07134850)
(13101, 0.07240291)
(13151, 0.08160799)
(13201, 0.07678405)
(13251, 0.08625126)
(13301, 0.07308411)
(13351, 0.08272877)
(13401, 0.09665505)
(13451, 0.08258382)
(13501, 0.07951929)
(13551, 0.07380059)
(13601, 0.07406762)
(13651, 0.10493004)
(13701, 0.08730613)
(13751, 0.08696102)
(13801, 0.09075928)
(13851, 0.07350621)
(13901, 0.07381939)
(13951, 0.07467645)
(14001, 0.07745157)
(14051, 0.07440427)
(14101, 0.08267055)
(14151, 0.06967182)
(14201, 0.10550607)
(14251, 0.07695958)
(14301, 0.07059674)
(14351, 0.09615839)
(14401, 0.10650531)
(14451, 0.06995580)
(14501, 0.08554834)
(14551, 0.07955991)
(14601, 0.09499278)
(14651, 0.07894546)
(14701, 0.07402048)
(14751, 0.07167128)
(14801, 0.07464338)
(14851, 0.07405059)
(14901, 0.07585359)
(14951, 0.06784294)
(15001, 0.07143544)
(15051, 0.08302778)
(15101, 0.08227066)
(15151, 0.06799192)
(15201, 0.07251165)
(15251, 0.08030321)
(15301, 0.07284160)
(15351, 0.07274649)
(15401, 0.08535323)
(15451, 0.11714286)
(15501, 0.07967623)
(15551, 0.08879022)
(15601, 0.07804136)
(15651, 0.08813991)
(15701, 0.07553192)
(15751, 0.08811971)
(15801, 0.08063673)
(15851, 0.07828736)
(15901, 0.07542992)
(15951, 0.12485944)
(16001, 0.10992698)
(16051, 0.06842605)
(16101, 0.08941311)
(16151, 0.07665785)
(16201, 0.08002511)
(16251, 0.07179057)
(16301, 0.07020875)
(16351, 0.07728982)
(16401, 0.08105780)
(16451, 0.07675623)
(16501, 0.07254737)
(16551, 0.07992365)
(16601, 0.10844816)
(16651, 0.14882641)
(16701, 0.10223648)
(16751, 0.07700783)
(16801, 0.07253551)
(16851, 0.07245023)
(16901, 0.07267604)
(16951, 0.07045493)
(17001, 0.06886466)
(17051, 0.06952296)
(17101, 0.07087122)
(17151, 0.07184844)
(17201, 0.07481824)
(17251, 0.07399999)
(17301, 0.08219502)
(17351, 0.07000663)
(17401, 0.07048399)
(17451, 0.07283499)
(17501, 0.07891682)
(17551, 0.07486925)
(17601, 0.07407649)
(17651, 0.12175790)
(17701, 0.07474458)
(17751, 0.07166103)
(17801, 0.06870313)
(17851, 0.09842905)
(17901, 0.07475623)
(17951, 0.08054747)
(18001, 0.10781624)
(18051, 0.07806053)
(18101, 0.08745410)
(18151, 0.08448835)
(18201, 0.07415295)
(18251, 0.09842003)
(18301, 0.07547284)
(18351, 0.08726288)
(18401, 0.06863661)
(18451, 0.06720348)
(18501, 0.11360159)
(18551, 0.07342469)
(18601, 0.06994003)
(18651, 0.06841289)
(18701, 0.08534575)
(18751, 0.07718643)
(18801, 0.07257266)
(18851, 0.07381597)
(18901, 0.07131181)
(18951, 0.07134584)
(19001, 0.07749626)
(19051, 0.07176061)
(19101, 0.07814056)
(19151, 0.07244076)
(19201, 0.07419799)
(19251, 0.12515935)
(19301, 0.07809000)
(19351, 0.09469046)
(19401, 0.06885654)
(19451, 0.06916165)
(19501, 0.06746166)
(19551, 0.07296198)
(19601, 0.07008922)
(19651, 0.06797926)
(19701, 0.15252626)
(19751, 0.07097020)
(19801, 0.06851447)
(19851, 0.07801331)
(19901, 0.09753283)
(19951, 0.07460421)
(20001, 0.06833922)
(20051, 0.07574282)
(20101, 0.07021887)
(20151, 0.06832466)
(20201, 0.06915401)
(20251, 0.08341872)
(20301, 0.06722652)
(20351, 0.06876145)
(20401, 0.08463505)
(20451, 0.08870882)
(20501, 0.07396101)
(20551, 0.07661480)
(20601, 0.08421084)
(20651, 0.10692389)
(20701, 0.08378541)
(20751, 0.06606052)
(20801, 0.10230492)
(20851, 0.07336047)
(20901, 0.07323632)
(20951, 0.11290756)
(21001, 0.08460124)
(21051, 0.06695788)
(21101, 0.07166424)
(21151, 0.06988170)
(21201, 0.08445350)
(21251, 0.07019485)
(21301, 0.07137125)
(21351, 0.07200231)
(21401, 0.06908410)
(21451, 0.12460893)
(21501, 0.13036016)
(21551, 0.09655491)
(21601, 0.08511581)
(21651, 0.07953131)
(21701, 0.10815360)
(21751, 0.07522582)
(21801, 0.06766433)
(21851, 0.07986580)
(21901, 0.06762494)
(21951, 0.10106852)
(22001, 0.07062996)
(22051, 0.07310568)
(22101, 0.06687475)
(22151, 0.07152181)
(22201, 0.07694063)
(22251, 0.08293038)
(22301, 0.07436936)
(22351, 0.06937791)
(22401, 0.07626784)
(22451, 0.06927698)
(22501, 0.07353678)
(22551, 0.08996356)
(22601, 0.08433592)
(22651, 0.06748617)
(22701, 0.06917212)
(22751, 0.07032258)
(22801, 0.07381227)
(22851, 0.08308657)
(22901, 0.07043637)
(22951, 0.06613152)
(23001, 0.06639453)
(23051, 0.08120578)
(23101, 0.09221745)
(23151, 0.08781067)
(23201, 0.07371146)
(23251, 0.06789248)
(23301, 0.06797227)
(23351, 0.08027249)
(23401, 0.07931403)
(23451, 0.06733388)
(23501, 0.07924195)
(23551, 0.07221292)
(23601, 0.09910842)
(23651, 0.08565179)
(23701, 0.08159874)
(23751, 0.06693204)
(23801, 0.08794909)
(23851, 0.13231242)
(23901, 0.06943621)
(23951, 0.10128236)
(24001, 0.11526796)
(24051, 0.06980139)
(24101, 0.07542676)
(24151, 0.07545473)
(24201, 0.09095933)
(24251, 0.07293861)
(24301, 0.06747636)
(24351, 0.06612278)
(24401, 0.07859201)
(24451, 0.07049780)
(24501, 0.06566292)
(24551, 0.10942673)
(24601, 0.06564383)
(24651, 0.09701095)
(24701, 0.09295276)
(24751, 0.07956572)
(24801, 0.08443514)
(24851, 0.09024630)
(24901, 0.09905356)
(24951, 0.07665970)
(25001, 0.09212849)
(25051, 0.09763586)
(25101, 0.10571232)
(25151, 0.11827421)
(25201, 0.08015049)
(25251, 0.08909820)
(25301, 0.07527438)
(25351, 0.07418975)
(25401, 0.06892810)
(25451, 0.07328372)
(25501, 0.06836728)
(25551, 0.09081785)
(25601, 0.06580998)
(25651, 0.08412274)
(25701, 0.08319833)
(25751, 0.10282062)
(25801, 0.12771001)
(25851, 0.08662757)
(25901, 0.09270264)
(25951, 0.10395921)
(26001, 0.08574202)
(26051, 0.09494017)
(26101, 0.09424943)
(26151, 0.06851723)
(26201, 0.08841959)
(26251, 0.11416055)
(26301, 0.06777088)
(26351, 0.06722727)
(26401, 0.08361410)
(26451, 0.14495324)
(26501, 0.06786881)
(26551, 0.07112309)
(26601, 0.07902561)
(26651, 0.12169228)
(26701, 0.06591327)
(26751, 0.06550089)
(26801, 0.07160582)
(26851, 0.07353823)
(26901, 0.06767099)
(26951, 0.14065990)
(27001, 0.06596633)
(27051, 0.07105375)
(27101, 0.06926583)
(27151, 0.07380057)
(27201, 0.07811114)
(27251, 0.12291230)
(27301, 0.06479538)
(27351, 0.07031964)
(27401, 0.06475632)
(27451, 0.10146058)
(27501, 0.06542861)
(27551, 0.06950524)
(27601, 0.16966565)
(27651, 0.06513432)
(27701, 0.07817771)
(27751, 0.08348081)
(27801, 0.06878217)
(27851, 0.06425023)
(27901, 0.08212984)
(27951, 0.06513306)
(28001, 0.06401425)
(28051, 0.06643018)
(28101, 0.08892108)
(28151, 0.07554217)
(28201, 0.09772407)
(28251, 0.07954810)
(28301, 0.10866682)
(28351, 0.07687736)
(28401, 0.06541414)
(28451, 0.07684207)
(28501, 0.08419418)
(28551, 0.07507316)
(28601, 0.06623694)
(28651, 0.07048144)
(28701, 0.12032503)
(28751, 0.06891845)
(28801, 0.09667861)
(28851, 0.06486870)
(28901, 0.08957998)
(28951, 0.06411386)
(29001, 0.07998060)
(29051, 0.16185853)
(29101, 0.07517450)
(29151, 0.10192559)
(29201, 0.06425004)
(29251, 0.06433337)
(29301, 0.09590124)
(29351, 0.09709051)
(29401, 0.07415183)
(29451, 0.09506111)
(29501, 0.06595758)
(29551, 0.06865426)
(29601, 0.06515859)
(29651, 0.07375517)
(29701, 0.08157571)
(29751, 0.08697332)
(29801, 0.08957622)
(29851, 0.08181638)
(29901, 0.07578143)
(29951, 0.10015555)
(30001, 0.08323698)
(30051, 0.07585993)
(30101, 0.06818999)
(30151, 0.07809442)
(30201, 0.06938706)
(30251, 0.08672103)
(30301, 0.11284598)
(30351, 0.11058889)
(30401, 0.06701262)
(30451, 0.10658538)
(30501, 0.06797419)
(30551, 0.06519756)
(30601, 0.07395215)
(30651, 0.09170996)
(30701, 0.10499772)
(30751, 0.09844079)
(30801, 0.07437357)
(30851, 0.06577209)
(30901, 0.06694117)
(30951, 0.07266297)
(31001, 0.07293922)
(31051, 0.07153772)
(31101, 0.06691700)
(31151, 0.08653260)
(31201, 0.07678668)
(31251, 0.09572230)
(31301, 0.09415138)
(31351, 0.11094585)
(31401, 0.06389374)
(31451, 0.14628454)
(31501, 0.07048419)
(31551, 0.07964029)
(31601, 0.08174320)
(31651, 0.06760171)
(31701, 0.07430153)
(31751, 0.06374200)
(31801, 0.08240850)
(31851, 0.08410849)
(31901, 0.10167694)
(31951, 0.07413371)
(32001, 0.07272521)
(32051, 0.06341459)
(32101, 0.08779748)
(32151, 0.06452940)
(32201, 0.07708471)
(32251, 0.09165376)
(32301, 0.07024261)
(32351, 0.06972110)
(32401, 0.06865606)
(32451, 0.06956989)
(32501, 0.06625207)
(32551, 0.12521838)
(32601, 0.06544871)
(32651, 0.06560364)
(32701, 0.06579366)
(32751, 0.09484952)
(32801, 0.07131984)
(32851, 0.06899156)
(32901, 0.06301740)
(32951, 0.06840584)
(33001, 0.09892634)
(33051, 0.07142997)
(33101, 0.08498083)
(33151, 0.06680212)
(33201, 0.11645284)
(33251, 0.06435777)
(33301, 0.10725189)
(33351, 0.06383295)
(33401, 0.08226355)
(33451, 0.08192609)
(33501, 0.06685653)
(33551, 0.06371444)
(33601, 0.06487408)
(33651, 0.06341163)
(33701, 0.06293285)
(33751, 0.07114612)
(33801, 0.10118303)
(33851, 0.08896378)
(33901, 0.08278706)
(33951, 0.08436640)
(34001, 0.06596146)
(34051, 0.09397001)
(34101, 0.07071810)
(34151, 0.06324881)
(34201, 0.07693870)
(34251, 0.06861188)
(34301, 0.06931043)
(34351, 0.07265450)
(34401, 0.14487033)
(34451, 0.08700106)
(34501, 0.13282095)
(34551, 0.07336489)
(34601, 0.06337224)
(34651, 0.06699661)
(34701, 0.06797905)
(34751, 0.06756387)
(34801, 0.07176558)
(34851, 0.07731411)
(34901, 0.06577417)
(34951, 0.07814056)
(35001, 0.07304782)
(35051, 0.07007637)
(35101, 0.06428840)
(35151, 0.06566562)
(35201, 0.06527195)
(35251, 0.10483480)
(35301, 0.07798832)
(35351, 0.10420430)
(35401, 0.13763681)
(35451, 0.08789852)
(35501, 0.10138092)
(35551, 0.11409941)
(35601, 0.07824970)
(35651, 0.06371999)
(35701, 0.06260423)
(35751, 0.07025086)
(35801, 0.09602739)
(35851, 0.06778970)
(35901, 0.06420026)
(35951, 0.06878849)
(36001, 0.06584597)
(36051, 0.06358707)
(36101, 0.07127246)
(36151, 0.07606313)
(36201, 0.10457323)
(36251, 0.07012936)
(36301, 0.06623218)
(36351, 0.06305177)
(36401, 0.06950404)
(36451, 0.06196306)
(36501, 0.07872253)
(36551, 0.06984184)
(36601, 0.09349215)
(36651, 0.06563673)
(36701, 0.09911194)
(36751, 0.07686162)
(36801, 0.07546012)
(36851, 0.06625373)
(36901, 0.06850082)
(36951, 0.06818255)
(37001, 0.10385952)
(37051, 0.08270058)
(37101, 0.08809093)
(37151, 0.07640768)
(37201, 0.08064613)
(37251, 0.06563906)
(37301, 0.07159605)
(37351, 0.06343298)
(37401, 0.06442086)
(37451, 0.07015698)
(37501, 0.06874829)
(37551, 0.07839642)
(37601, 0.07219603)
(37651, 0.06879918)
(37701, 0.07395472)
(37751, 0.08548948)
(37801, 0.06180425)
(37851, 0.06848805)
(37901, 0.08620939)
(37951, 0.06368073)
(38001, 0.08530568)
(38051, 0.06549045)
(38101, 0.09725872)
(38151, 0.09626266)
(38201, 0.06251037)
(38251, 0.06393692)
(38301, 0.10534985)
(38351, 0.09024928)
(38401, 0.08203372)
(38451, 0.06668516)
(38501, 0.06388878)
(38551, 0.09961373)
(38601, 0.06942051)
(38651, 0.08023715)
(38701, 0.13089536)
(38751, 0.06516238)
(38801, 0.06956478)
(38851, 0.06913672)
(38901, 0.06549402)
(38951, 0.06621642)
(39001, 0.06460052)
(39051, 0.06543403)
(39101, 0.06466084)
(39151, 0.06554516)
(39201, 0.07773037)
(39251, 0.07307563)
(39301, 0.09462674)
(39351, 0.06792453)
(39401, 0.06411601)
(39451, 0.07211674)
(39501, 0.06594502)
(39551, 0.06658103)
(39601, 0.11281367)
(39651, 0.07022797)
(39701, 0.08388563)
(39751, 0.07709439)
(39801, 0.09371164)
(39851, 0.08626078)
(39901, 0.08325244)
(39951, 0.09943114)
(40001, 0.06481916)
(40051, 0.10804006)
(40101, 0.11278918)
(40151, 0.06600636)
(40201, 0.06928331)
(40251, 0.06541976)
(40301, 0.09663488)
(40351, 0.12321691)
(40401, 0.08008552)
(40451, 0.08381283)
(40501, 0.06972713)
(40551, 0.11163478)
(40601, 0.08967483)
(40651, 0.06808365)
(40701, 0.06739944)
(40751, 0.06637645)
(40801, 0.06602685)
(40851, 0.06586049)
(40901, 0.07862148)
(40951, 0.08497255)
(41001, 0.08503164)
(41051, 0.06360794)
(41101, 0.07522409)
(41151, 0.07001120)
(41201, 0.09198619)
(41251, 0.06562439)
(41301, 0.06290521)
(41351, 0.06083836)
(41401, 0.06226873)
(41451, 0.06290391)
(41501, 0.08531091)
(41551, 0.06242535)
(41601, 0.06347035)
(41651, 0.06253283)
(41701, 0.07724182)
(41751, 0.07560424)
(41801, 0.09054814)
(41851, 0.06482651)
(41901, 0.06553137)
(41951, 0.07357450)
(42001, 0.06422149)
(42051, 0.06477132)
(42101, 0.10498352)
(42151, 0.08293204)
(42201, 0.07714074)
(42251, 0.06971461)
(42301, 0.12999482)
(42351, 0.06560262)
(42401, 0.09752377)
(42451, 0.07123592)
(42501, 0.10752853)
(42551, 0.06953586)
(42601, 0.06300769)
(42651, 0.06604263)
(42701, 0.09001517)
(42751, 0.10196403)
(42801, 0.06775941)
(42851, 0.06334917)
(42901, 0.08539346)
(42951, 0.07073295)
(43001, 0.06190607)
(43051, 0.06260709)
(43101, 0.07289045)
(43151, 0.08560069)
(43201, 0.08380186)
(43251, 0.08133943)
(43301, 0.06693632)
(43351, 0.06263021)
(43401, 0.06176640)
(43451, 0.06768560)
(43501, 0.10671990)
(43551, 0.07939060)
(43601, 0.06336505)
(43651, 0.06380018)
(43701, 0.07501789)
(43751, 0.06839442)
(43801, 0.09588985)
(43851, 0.06263024)
(43901, 0.09307330)
(43951, 0.08334766)
(44001, 0.06613382)
(44051, 0.10051874)
(44101, 0.06483477)
(44151, 0.07971913)
(44201, 0.07716396)
(44251, 0.07348503)
(44301, 0.06690069)
(44351, 0.06449285)
(44401, 0.09560782)
(44451, 0.07958944)
(44501, 0.06360709)
(44551, 0.07297426)
(44601, 0.07354414)
(44651, 0.06857170)
(44701, 0.06874169)
(44751, 0.07979374)
(44801, 0.06262554)
(44851, 0.09545712)
(44901, 0.08808737)
(44951, 0.06024142)
(45001, 0.07158323)
(45051, 0.06313948)
(45101, 0.06208295)
(45151, 0.07489450)
(45201, 0.06875433)
(45251, 0.06456311)
(45301, 0.09169692)
(45351, 0.06551313)
(45401, 0.08110385)
(45451, 0.06411541)
(45501, 0.07472558)
(45551, 0.07393208)
(45601, 0.09651915)
(45651, 0.08371720)
(45701, 0.06297813)
(45751, 0.07537965)
(45801, 0.08620307)
(45851, 0.08436231)
(45901, 0.06541724)
(45951, 0.10717516)
(46001, 0.06857166)
(46051, 0.06154457)
(46101, 0.08697160)
(46151, 0.06716765)
(46201, 0.06617096)
(46251, 0.06427308)
(46301, 0.06668946)
(46351, 0.06973328)
(46401, 0.07528667)
(46451, 0.06637262)
(46501, 0.06427590)
(46551, 0.06489991)
(46601, 0.06778659)
(46651, 0.07945500)
(46701, 0.07101409)
(46751, 0.06646033)
(46801, 0.06407771)
(46851, 0.06279363)
(46901, 0.07807206)
(46951, 0.06828573)
(47001, 0.06765296)
(47051, 0.06079333)
(47101, 0.07993375)
(47151, 0.07825369)
(47201, 0.11516809)
(47251, 0.10546850)
(47301, 0.09606823)
(47351, 0.06201754)
(47401, 0.07294753)
(47451, 0.13538532)
(47501, 0.06696793)
(47551, 0.06667385)
(47601, 0.06316947)
(47651, 0.06335529)
(47701, 0.07061071)
(47751, 0.09722351)
(47801, 0.06620024)
(47851, 0.13754860)
(47901, 0.06415574)
(47951, 0.11198234)
(48001, 0.07539672)
(48051, 0.07652105)
(48101, 0.06381992)
(48151, 0.06267426)
(48201, 0.08736504)
(48251, 0.11121660)
(48301, 0.10729861)
(48351, 0.07223164)
(48401, 0.08200398)
(48451, 0.06166344)
(48501, 0.06561940)
(48551, 0.07349548)
(48601, 0.10538594)
(48651, 0.06932206)
(48701, 0.06186663)
(48751, 0.10073224)
(48801, 0.06426124)
(48851, 0.06254534)
(48901, 0.06551003)
(48951, 0.08532929)
(49001, 0.06564072)
(49051, 0.06227683)
(49101, 0.07171966)
(49151, 0.06392813)
(49201, 0.06562842)
(49251, 0.11172473)
(49301, 0.06275730)
(49351, 0.08496147)
(49401, 0.06556458)
(49451, 0.11134303)
(49501, 0.06665230)
(49551, 0.08204505)
(49601, 0.06277494)
(49651, 0.10580193)
(49701, 0.08561050)
(49751, 0.09421213)
(49801, 0.06428268)
(49851, 0.07167832)
(49901, 0.08129886)
(49951, 0.07101789)
(50001, 0.09213641)
(50051, 0.09339749)
(50101, 0.06326284)
(50151, 0.07570919)
(50201, 0.09595803)
(50251, 0.06170383)
(50301, 0.06616701)
(50351, 0.08214515)
(50401, 0.12924165)
(50451, 0.10030849)
(50501, 0.06841751)
(50551, 0.08009242)
(50601, 0.07569328)
(50651, 0.12675372)
(50701, 0.07869618)
(50751, 0.06130924)
(50801, 0.14132179)
(50851, 0.06875142)
(50901, 0.06004368)
(50951, 0.06428345)
(51001, 0.08859925)
(51051, 0.06450688)
(51101, 0.08143926)
(51151, 0.06773990)
(51201, 0.06401588)
(51251, 0.07760376)
(51301, 0.06066000)
(51351, 0.06402981)
(51401, 0.06585368)
(51451, 0.09577427)
(51501, 0.06960055)
(51551, 0.06273291)
(51601, 0.08518788)
(51651, 0.09022993)
(51701, 0.06730054)
(51751, 0.06699413)
(51801, 0.06901030)
(51851, 0.06453793)
(51901, 0.07592323)
(51951, 0.07234325)
(52001, 0.06734847)
(52051, 0.07733352)
(52101, 0.06407879)
(52151, 0.06125445)
(52201, 0.07542092)
(52251, 0.06485529)
(52301, 0.06824033)
(52351, 0.07831337)
(52401, 0.06565615)
(52451, 0.06177137)
(52501, 0.06641538)
(52551, 0.08940600)
(52601, 0.06633849)
(52651, 0.08712763)
(52701, 0.06189009)
(52751, 0.06460045)
(52801, 0.06955352)
(52851, 0.10393661)
(52901, 0.06161217)
(52951, 0.13042074)
(53001, 0.06245982)
(53051, 0.06444249)
(53101, 0.08814317)
(53151, 0.09951446)
(53201, 0.06467409)
(53251, 0.07758988)
(53301, 0.09750504)
(53351, 0.07491975)
(53401, 0.06464081)
(53451, 0.07479225)
(53501, 0.06192705)
(53551, 0.07120724)
(53601, 0.06291579)
(53651, 0.06313244)
(53701, 0.06420755)
(53751, 0.05976165)
(53801, 0.06439470)
(53851, 0.06273113)
(53901, 0.06236065)
(53951, 0.09545995)
(54001, 0.08718635)
(54051, 0.06138209)
(54101, 0.07009486)
(54151, 0.06601585)
(54201, 0.09997924)
(54251, 0.08033516)
(54301, 0.06456726)
(54351, 0.06787818)
(54401, 0.06280793)
(54451, 0.06660400)
(54501, 0.06438016)
(54551, 0.06537559)
(54601, 0.07120614)
(54651, 0.07595315)
(54701, 0.08382736)
(54751, 0.09229558)
(54801, 0.06640580)
(54851, 0.07344837)
(54901, 0.07424490)
(54951, 0.06414899)
(55001, 0.06923074)
(55051, 0.06285305)
(55101, 0.06824165)
(55151, 0.06194679)
(55201, 0.07012598)
(55251, 0.07808685)
(55301, 0.08263294)
(55351, 0.09072232)
(55401, 0.06795704)
(55451, 0.06993209)
(55501, 0.08559725)
(55551, 0.07531643)
(55601, 0.07026836)
(55651, 0.06269581)
(55701, 0.07664920)
(55751, 0.07809321)
(55801, 0.09040929)
(55851, 0.08405938)
(55901, 0.12337719)
(55951, 0.06548232)
(56001, 0.07817912)
(56051, 0.07187945)
(56101, 0.06245182)
(56151, 0.06507651)
(56201, 0.09076247)
(56251, 0.10509455)
(56301, 0.08421180)
(56351, 0.06237240)
(56401, 0.12271868)
(56451, 0.06122666)
(56501, 0.08113704)
(56551, 0.07639639)
(56601, 0.06210973)
(56651, 0.10451666)
(56701, 0.06666093)
(56751, 0.06277552)
(56801, 0.07645772)
(56851, 0.08441654)
(56901, 0.07310349)
(56951, 0.11904945)
(57001, 0.08153787)
(57051, 0.07197798)
(57101, 0.06532592)
(57151, 0.08943373)
(57201, 0.07158522)
(57251, 0.06355790)
(57301, 0.06333935)
(57351, 0.07898206)
(57401, 0.06984705)
(57451, 0.08598986)
(57501, 0.08856594)
(57551, 0.06513199)
(57601, 0.07412688)
(57651, 0.11738440)
(57701, 0.10132097)
(57751, 0.11348076)
(57801, 0.06203985)
(57851, 0.06942452)
(57901, 0.10102335)
(57951, 0.07250940)
(58001, 0.07325212)
(58051, 0.07161734)
(58101, 0.09091088)
(58151, 0.07002740)
(58201, 0.07990556)
(58251, 0.06764901)
(58301, 0.06046041)
(58351, 0.07697403)
(58401, 0.07241192)
(58451, 0.06655654)
(58501, 0.05920570)
(58551, 0.15281931)
(58601, 0.08038855)
(58651, 0.08637325)
(58701, 0.06904525)
(58751, 0.07443818)
(58801, 0.06067530)
(58851, 0.06566440)
(58901, 0.06347891)
(58951, 0.06936335)
(59001, 0.06797436)
(59051, 0.07181715)
(59101, 0.08974225)
(59151, 0.06525099)
(59201, 0.08487597)
(59251, 0.06820633)
(59301, 0.06168247)
(59351, 0.08547352)
(59401, 0.06215035)
(59451, 0.08566438)
(59501, 0.09289293)
(59551, 0.08187520)
(59601, 0.07815470)
(59651, 0.06405511)
(59701, 0.08998717)
(59751, 0.07521429)
(59801, 0.07051940)
(59851, 0.07157335)
(59901, 0.07268580)
(59951, 0.10806412)
(60001, 0.11970380)
(60051, 0.07397923)
(60101, 0.07674065)
(60151, 0.06678373)
(60201, 0.07046235)
(60251, 0.06872136)
(60301, 0.07049630)
(60351, 0.06285347)
(60401, 0.06544232)
(60451, 0.05952456)
(60501, 0.07305095)
(60551, 0.08246402)
(60601, 0.06776503)
(60651, 0.08125510)
(60701, 0.06520932)
(60751, 0.06065273)
(60801, 0.06944805)
(60851, 0.06575027)
(60901, 0.06225114)
(60951, 0.06745992)
(61001, 0.14963511)
(61051, 0.08085371)
(61101, 0.09919190)
(61151, 0.09330611)
(61201, 0.06056022)
(61251, 0.07340807)
(61301, 0.07650825)
(61351, 0.06036668)
(61401, 0.06145463)
(61451, 0.06003685)
(61501, 0.06207889)
(61551, 0.06770410)
(61601, 0.06810418)
(61651, 0.11032877)
(61701, 0.06761003)
(61751, 0.06093523)
(61801, 0.06487092)
(61851, 0.07151841)
(61901, 0.07293241)
(61951, 0.09537157)
(62001, 0.06168893)
(62051, 0.07456637)
(62101, 0.07915832)
(62151, 0.06597718)
(62201, 0.07083423)
(62251, 0.06747308)
(62301, 0.06595121)
(62351, 0.06061341)
(62401, 0.10050346)
(62451, 0.10952066)
(62501, 0.06101590)
(62551, 0.08600477)
(62601, 0.06828189)
(62651, 0.06267119)
(62701, 0.07802240)
(62751, 0.08762685)
(62801, 0.07132567)
(62851, 0.10152043)
(62901, 0.08404294)
(62951, 0.06235129)
(63001, 0.06297671)
(63051, 0.08857418)
(63101, 0.08241936)
(63151, 0.07350510)
(63201, 0.06353284)
(63251, 0.11287585)
(63301, 0.06664623)
(63351, 0.06434365)
(63401, 0.06459802)
(63451, 0.06596521)
(63501, 0.07313311)
(63551, 0.06024588)
(63601, 0.06334921)
(63651, 0.06089152)
(63701, 0.10960040)
(63751, 0.06400461)
(63801, 0.07960603)
(63851, 0.06053830)
(63901, 0.06460949)
(63951, 0.06620264)
(64001, 0.06390176)
(64051, 0.13281398)
(64101, 0.07903896)
(64151, 0.08408300)
(64201, 0.07661286)
(64251, 0.08022010)
(64301, 0.10329294)
(64351, 0.10085786)
(64401, 0.12085547)
(64451, 0.08886866)
(64501, 0.07223264)
(64551, 0.06299709)
(64601, 0.06439787)
(64651, 0.06242796)
(64701, 0.06313022)
(64751, 0.11465637)
(64801, 0.06359109)
(64851, 0.06913304)
(64901, 0.08085990)
(64951, 0.06811418)
(65001, 0.06210142)
(65051, 0.06133463)
(65101, 0.06240961)
(65151, 0.06865343)
(65201, 0.06931718)
(65251, 0.06168976)
(65301, 0.06123714)
(65351, 0.11798809)
(65401, 0.08630096)
(65451, 0.06163669)
(65501, 0.06309000)
(65551, 0.08127943)
(65601, 0.06014846)
(65651, 0.07021206)
(65701, 0.09001541)
(65751, 0.07511042)
(65801, 0.07211844)
(65851, 0.09339434)
(65901, 0.05954512)
(65951, 0.07543931)
(66001, 0.06609611)
(66051, 0.05950329)
(66101, 0.07478832)
(66151, 0.09549560)
(66201, 0.06206857)
(66251, 0.06095474)
(66301, 0.06293793)
(66351, 0.07288477)
(66401, 0.06124993)
(66451, 0.07088302)
(66501, 0.08156617)
(66551, 0.07808570)
(66601, 0.08398589)
(66651, 0.06674942)
(66701, 0.11857346)
(66751, 0.08082392)
(66801, 0.06361137)
(66851, 0.06598755)
(66901, 0.06783911)
(66951, 0.06713883)
(67001, 0.06009077)
(67051, 0.06067146)
(67101, 0.08523914)
(67151, 0.07100519)
(67201, 0.06519881)
(67251, 0.06219665)
(67301, 0.06975993)
(67351, 0.05944000)
(67401, 0.07241600)
(67451, 0.06424386)
(67501, 0.06236934)
(67551, 0.05941296)
(67601, 0.07158046)
(67651, 0.06321860)
(67701, 0.06337596)
(67751, 0.07600331)
(67801, 0.06143484)
(67851, 0.08608012)
(67901, 0.09976500)
(67951, 0.05897304)
(68001, 0.06256513)
(68051, 0.06533945)
(68101, 0.06460230)
(68151, 0.06311005)
(68201, 0.06302575)
(68251, 0.07793424)
(68301, 0.06121007)
(68351, 0.06839343)
(68401, 0.06054392)
(68451, 0.06175637)
(68501, 0.08583733)
(68551, 0.08812137)
(68601, 0.06124631)
(68651, 0.06723367)
(68701, 0.06478097)
(68751, 0.06573226)
(68801, 0.12069471)
(68851, 0.07955707)
(68901, 0.06642537)
(68951, 0.06423447)
(69001, 0.08743375)
(69051, 0.07128000)
(69101, 0.07677568)
(69151, 0.06064334)
(69201, 0.08689550)
(69251, 0.06932513)
(69301, 0.07675030)
(69351, 0.08395151)
(69401, 0.10154603)
(69451, 0.07119872)
(69501, 0.07576933)
(69551, 0.06155010)
(69601, 0.07515344)
(69651, 0.06566235)
(69701, 0.06956618)
(69751, 0.07139490)
(69801, 0.06291528)
(69851, 0.07948283)
(69901, 0.06643155)
(69951, 0.06544843)
(70001, 0.06731573)
(70051, 0.06374843)
(70101, 0.07776623)
(70151, 0.08195251)
(70201, 0.06149255)
(70251, 0.07152714)
(70301, 0.06263849)
(70351, 0.08998572)
(70401, 0.08220232)
(70451, 0.08364546)
(70501, 0.12873149)
(70551, 0.08006875)
(70601, 0.06657277)
(70651, 0.06437300)
(70701, 0.08200698)
(70751, 0.06738853)
(70801, 0.07710753)
(70851, 0.06831421)
(70901, 0.09423685)
(70951, 0.06079046)
(71001, 0.06655411)
(71051, 0.06266890)
(71101, 0.06136879)
(71151, 0.11527035)
(71201, 0.06121782)
(71251, 0.10092151)
(71301, 0.07713515)
(71351, 0.08665095)
(71401, 0.06953694)
(71451, 0.06356731)
(71501, 0.06156272)
(71551, 0.07267593)
(71601, 0.06287519)
(71651, 0.07121133)
(71701, 0.06209410)
(71751, 0.07451230)
(71801, 0.08525944)
(71851, 0.09408000)
(71901, 0.08012661)
(71951, 0.10156845)
(72001, 0.06061486)
(72051, 0.09250234)
(72101, 0.08260956)
(72151, 0.06359876)
(72201, 0.06383732)
(72251, 0.06711259)
(72301, 0.12572287)
(72351, 0.08324663)
(72401, 0.07498205)
(72451, 0.06247151)
(72501, 0.07093848)
(72551, 0.11448487)
(72601, 0.09449937)
(72651, 0.07017757)
(72701, 0.07716573)
(72751, 0.07148875)
(72801, 0.10242591)
(72851, 0.06185313)
(72901, 0.10159048)
(72951, 0.07420942)
(73001, 0.06287884)
(73051, 0.08597285)
(73101, 0.05885343)
(73151, 0.07532668)
(73201, 0.07603961)
(73251, 0.08800804)
(73301, 0.05930964)
(73351, 0.06859194)
(73401, 0.07618935)
(73451, 0.06070460)
(73501, 0.07811540)
(73551, 0.10076315)
(73601, 0.06178089)
(73651, 0.06682782)
(73701, 0.08014824)
(73751, 0.06237455)
(73801, 0.06232243)
(73851, 0.06980261)
(73901, 0.10314424)
(73951, 0.08425844)
(74001, 0.07822559)
(74051, 0.07697750)
(74101, 0.08578882)
(74151, 0.09903380)
(74201, 0.06416738)
(74251, 0.06188761)
(74301, 0.07550912)
(74351, 0.06950708)
(74401, 0.07367818)
(74451, 0.06919815)
(74501, 0.09855303)
(74551, 0.07413521)
(74601, 0.07428656)
(74651, 0.07036913)
(74701, 0.06214731)
(74751, 0.06773163)
(74801, 0.05883931)
(74851, 0.05925709)
(74901, 0.06388034)
(74951, 0.08901195)
(75001, 0.06175590)
(75051, 0.05938087)
(75101, 0.07367245)
(75151, 0.06428976)
(75201, 0.06442222)
(75251, 0.05978891)
(75301, 0.07516466)
(75351, 0.08354054)
(75401, 0.07724603)
(75451, 0.06198198)
(75501, 0.06653840)
(75551, 0.06707914)
(75601, 0.06584403)
(75651, 0.06199896)
(75701, 0.08031735)
(75751, 0.07497001)
(75801, 0.06147477)
(75851, 0.13212420)
(75901, 0.06150957)
(75951, 0.10388044)
(76001, 0.06501456)
(76051, 0.12901722)
(76101, 0.06818755)
(76151, 0.06654580)
(76201, 0.08629248)
(76251, 0.07304637)
(76301, 0.07345159)
(76351, 0.06746053)
(76401, 0.08203865)
(76451, 0.07498816)
(76501, 0.06320343)
(76551, 0.08952900)
(76601, 0.13293925)
(76651, 0.07955821)
(76701, 0.06286894)
(76751, 0.11871491)
(76801, 0.06101729)
(76851, 0.07315999)
(76901, 0.09948016)
(76951, 0.06433405)
(77001, 0.06308014)
(77051, 0.06308309)
(77101, 0.06168930)
(77151, 0.08681150)
(77201, 0.08176205)
(77251, 0.06434575)
(77301, 0.06266242)
(77351, 0.09358295)
(77401, 0.06145632)
(77451, 0.05993734)
(77501, 0.07250647)
(77551, 0.06903170)
(77601, 0.06156890)
(77651, 0.05905681)
(77701, 0.09809676)
(77751, 0.06426699)
(77801, 0.06811660)
(77851, 0.07967538)
(77901, 0.06819000)
(77951, 0.06209034)
(78001, 0.06940711)
(78051, 0.06209509)
(78101, 0.07213928)
(78151, 0.09814778)
(78201, 0.07158460)
(78251, 0.05993175)
(78301, 0.06061510)
(78351, 0.06530700)
(78401, 0.07724659)
(78451, 0.06937859)
(78501, 0.10341202)
(78551, 0.06249034)
(78601, 0.06335364)
(78651, 0.07967913)
(78701, 0.06684423)
(78751, 0.08223038)
(78801, 0.06188768)
(78851, 0.06354808)
(78901, 0.11033936)
(78951, 0.10359889)
(79001, 0.11405750)
(79051, 0.07727531)
(79101, 0.06940717)
(79151, 0.10455076)
(79201, 0.13302861)
(79251, 0.06891622)
(79301, 0.09580836)
(79351, 0.06324157)
(79401, 0.06264859)
(79451, 0.06946470)
(79501, 0.06114977)
(79551, 0.06164028)
(79601, 0.05996846)
(79651, 0.06473893)
(79701, 0.11695618)
(79751, 0.06143050)
(79801, 0.08069514)
(79851, 0.06473452)
(79901, 0.06721134)
(79951, 0.08500630)
(80001, 0.07699375)
(80051, 0.06842140)
(80101, 0.10197119)
(80151, 0.06741273)
(80201, 0.07690489)
(80251, 0.11720164)
(80301, 0.06484845)
(80351, 0.11638082)
(80401, 0.08319522)
(80451, 0.11702492)
(80501, 0.06245124)
(80551, 0.06102484)
(80601, 0.07312886)
(80651, 0.06611320)
(80701, 0.14897241)
(80751, 0.06183816)
(80801, 0.06287746)
(80851, 0.14412558)
(80901, 0.09506147)
(80951, 0.06808932)
(81001, 0.11648171)
(81051, 0.12046813)
(81101, 0.09634987)
(81151, 0.09749558)
(81201, 0.08000653)
(81251, 0.06376319)
(81301, 0.07737643)
(81351, 0.06381717)
(81401, 0.09717435)
(81451, 0.07543559)
(81501, 0.06001807)
(81551, 0.06764414)
(81601, 0.06285585)
(81651, 0.09308449)
(81701, 0.06235093)
(81751, 0.10571552)
(81801, 0.06421155)
(81851, 0.08363780)
(81901, 0.07227729)
(81951, 0.06272798)
(82001, 0.06706768)
(82051, 0.06923254)
(82101, 0.06456809)
(82151, 0.07035155)
(82201, 0.06537686)
(82251, 0.06125580)
(82301, 0.08444190)
(82351, 0.06526808)
(82401, 0.05988934)
(82451, 0.07856434)
(82501, 0.09006887)
(82551, 0.07582653)
(82601, 0.08267501)
(82651, 0.10278943)
(82701, 0.06908369)
(82751, 0.07044540)
(82801, 0.07115699)
(82851, 0.07515156)
(82901, 0.06292719)
(82951, 0.05968058)
(83001, 0.06045336)
(83051, 0.07950873)
(83101, 0.07797441)
(83151, 0.06479910)
(83201, 0.12861262)
(83251, 0.07800000)
(83301, 0.06365597)
(83351, 0.06587600)
(83401, 0.09865941)
(83451, 0.06986217)
(83501, 0.09780750)
(83551, 0.06753822)
(83601, 0.07260679)
(83651, 0.06706329)
(83701, 0.06145881)
(83751, 0.06522673)
(83801, 0.14183676)
(83851, 0.07192464)
(83901, 0.07664949)
(83951, 0.07134087)
(84001, 0.10824739)
(84051, 0.07313403)
(84101, 0.07675055)
(84151, 0.07881163)
(84201, 0.06804703)
(84251, 0.09685465)
(84301, 0.06334372)
(84351, 0.06727215)
(84401, 0.06104171)
(84451, 0.09565526)
(84501, 0.06207055)
(84551, 0.08131462)
(84601, 0.06053967)
(84651, 0.08072287)
(84701, 0.06164769)
(84751, 0.06417380)
(84801, 0.07428174)
(84851, 0.09132791)
(84901, 0.07563441)
(84951, 0.06723196)
(85001, 0.09725724)
(85051, 0.07603626)
(85101, 0.06194057)
(85151, 0.07248130)
(85201, 0.08962125)
(85251, 0.06814586)
(85301, 0.06374774)
(85351, 0.06152571)
(85401, 0.06326848)
(85451, 0.09497096)
(85501, 0.06303179)
(85551, 0.07352719)
(85601, 0.06023359)
(85651, 0.07197742)
(85701, 0.05952351)
(85751, 0.05856221)
(85801, 0.12093379)
(85851, 0.09164760)
(85901, 0.05998717)
(85951, 0.08710312)
(86001, 0.07363695)
(86051, 0.06211374)
(86101, 0.09955150)
(86151, 0.06744421)
(86201, 0.09126730)
(86251, 0.05739883)
(86301, 0.06413906)
(86351, 0.07795478)
(86401, 0.06531820)
(86451, 0.07670178)
(86501, 0.06108293)
(86551, 0.07334267)
(86601, 0.12261347)
(86651, 0.08467273)
(86701, 0.13122533)
(86751, 0.06301600)
(86801, 0.07506526)
(86851, 0.06407620)
(86901, 0.06783042)
(86951, 0.06266631)
(87001, 0.10786861)
(87051, 0.08589745)
(87101, 0.10468530)
(87151, 0.06596498)
(87201, 0.06478456)
(87251, 0.08168939)
(87301, 0.06792371)
(87351, 0.11928117)
(87401, 0.06234856)
(87451, 0.06161346)
(87501, 0.06004573)
(87551, 0.06268770)
(87601, 0.07037515)
(87651, 0.09600667)
(87701, 0.05910883)
(87751, 0.06358213)
(87801, 0.07103483)
(87851, 0.06694009)
(87901, 0.05983695)
(87951, 0.06060782)
(88001, 0.06413072)
(88051, 0.07517756)
(88101, 0.06109379)
(88151, 0.05967968)
(88201, 0.05976077)
(88251, 0.06394993)
(88301, 0.06954431)
(88351, 0.07092806)
(88401, 0.05952380)
(88451, 0.10942584)
(88501, 0.07050651)
(88551, 0.06643645)
(88601, 0.07790948)
(88651, 0.06648834)
(88701, 0.09474583)
(88751, 0.06108277)
(88801, 0.06452147)
(88851, 0.07832716)
(88901, 0.06118633)
(88951, 0.07233783)
(89001, 0.08858849)
(89051, 0.06387457)
(89101, 0.06666464)
(89151, 0.06346153)
(89201, 0.07543894)
(89251, 0.09747531)
(89301, 0.06203184)
(89351, 0.06601041)
(89401, 0.07186443)
(89451, 0.05947476)
(89501, 0.08451137)
(89551, 0.09885871)
(89601, 0.06173578)
(89651, 0.10704352)
(89701, 0.12186191)
(89751, 0.11218312)
(89801, 0.06513928)
(89851, 0.08015646)
(89901, 0.07426657)
(89951, 0.06574398)
(90001, 0.07674131)
(90051, 0.08520181)
(90101, 0.06873051)
(90151, 0.06590551)
(90201, 0.05933845)
(90251, 0.05915090)
(90301, 0.09182166)
(90351, 0.06809444)
(90401, 0.10201265)
(90451, 0.06329343)
(90501, 0.09206996)
(90551, 0.09411108)
(90601, 0.08411291)
(90651, 0.06482266)
(90701, 0.10830437)
(90751, 0.06347144)
(90801, 0.06383080)
(90851, 0.06057489)
(90901, 0.08237042)
(90951, 0.07844896)
(91001, 0.08736815)
(91051, 0.06052723)
(91101, 0.08365269)
(91151, 0.06753856)
(91201, 0.06040543)
(91251, 0.05960261)
(91301, 0.08009659)
(91351, 0.17020315)
(91401, 0.09564836)
(91451, 0.06112378)
(91501, 0.05755219)
(91551, 0.06384136)
(91601, 0.08453885)
(91651, 0.06581417)
(91701, 0.06941822)
(91751, 0.06994943)
(91801, 0.06305815)
(91851, 0.06363887)
(91901, 0.07491212)
(91951, 0.06165893)
(92001, 0.06017569)
(92051, 0.07524891)
(92101, 0.08062419)
(92151, 0.08121946)
(92201, 0.07350089)
(92251, 0.05987670)
(92301, 0.06158410)
(92351, 0.08737937)
(92401, 0.06579159)
(92451, 0.10842584)
(92501, 0.11392976)
(92551, 0.07317479)
(92601, 0.09590474)
(92651, 0.08812819)
(92701, 0.06250226)
(92751, 0.06485615)
(92801, 0.12627923)
(92851, 0.07422663)
(92901, 0.08972507)
(92951, 0.06216830)
(93001, 0.07039113)
(93051, 0.12610289)
(93101, 0.05795357)
(93151, 0.05719386)
(93201, 0.07240331)
(93251, 0.05907483)
(93301, 0.08630192)
(93351, 0.09433899)
(93401, 0.06068425)
(93451, 0.06349684)
(93501, 0.09544434)
(93551, 0.05987347)
(93601, 0.07622105)
(93651, 0.06053851)
(93701, 0.05978805)
(93751, 0.05999733)
(93801, 0.06553744)
(93851, 0.10345622)
(93901, 0.09264072)
(93951, 0.05906756)
(94001, 0.07034094)
(94051, 0.06300230)
(94101, 0.08653221)
(94151, 0.06790441)
(94201, 0.06169484)
(94251, 0.06035947)
(94301, 0.06510381)
(94351, 0.10345428)
(94401, 0.10837048)
(94451, 0.06190063)
(94501, 0.05960480)
(94551, 0.10750654)
(94601, 0.09476892)
(94651, 0.06187557)
(94701, 0.12862454)
(94751, 0.05861553)
(94801, 0.07370484)
(94851, 0.07203580)
(94901, 0.11643294)
(94951, 0.11414540)
(95001, 0.07438605)
(95051, 0.06991242)
(95101, 0.08985637)
(95151, 0.06235204)
(95201, 0.06592128)
(95251, 0.12079200)
(95301, 0.07057823)
(95351, 0.10662437)
(95401, 0.10474230)
(95451, 0.06781036)
(95501, 0.09299641)
(95551, 0.05993075)
(95601, 0.06502179)
(95651, 0.08583617)
(95701, 0.08542985)
(95751, 0.07493620)
(95801, 0.08841307)
(95851, 0.05951541)
(95901, 0.06937988)
(95951, 0.05971762)
(96001, 0.09040667)
(96051, 0.06041352)
(96101, 0.08430115)
(96151, 0.10013983)
(96201, 0.07187846)
(96251, 0.06127600)
(96301, 0.11660577)
(96351, 0.08316651)
(96401, 0.07605606)
(96451, 0.06840114)
(96501, 0.06856582)
(96551, 0.05939052)
(96601, 0.05891539)
(96651, 0.05955271)
(96701, 0.07390828)
(96751, 0.07971378)
(96801, 0.06316804)
(96851, 0.06210228)
(96901, 0.05919827)
(96951, 0.06891031)
(97001, 0.06092490)
(97051, 0.07950417)
(97101, 0.10204773)
(97151, 0.08540876)
(97201, 0.07388327)
(97251, 0.06393325)
(97301, 0.06175953)
(97351, 0.06186059)
(97401, 0.10490064)
(97451, 0.06110005)
(97501, 0.06038788)
(97551, 0.10867609)
(97601, 0.06544220)
(97651, 0.06148642)
(97701, 0.08789380)
(97751, 0.10746451)
(97801, 0.06313656)
(97851, 0.07596745)
(97901, 0.10085116)
(97951, 0.07519502)
(98001, 0.06066667)
(98051, 0.05816733)
(98101, 0.08390799)
(98151, 0.07135965)
(98201, 0.06329694)
(98251, 0.05898008)
(98301, 0.06213024)
(98351, 0.10609368)
(98401, 0.09392985)
(98451, 0.06086784)
(98501, 0.06267234)
(98551, 0.06497772)
(98601, 0.06862424)
(98651, 0.07543064)
(98701, 0.05917855)
(98751, 0.06151746)
(98801, 0.06167872)
(98851, 0.08093781)
(98901, 0.10798315)
(98951, 0.06592678)
(99001, 0.08358828)
(99051, 0.06254910)
(99101, 0.05887263)
(99151, 0.10730877)
(99201, 0.06417620)
(99251, 0.06974655)
(99301, 0.09985422)
(99351, 0.06011810)
(99401, 0.06175998)
(99451, 0.06091904)
(99501, 0.07450135)
(99551, 0.07302456)
(99601, 0.06597164)
(99651, 0.07158972)
(99701, 0.06181718)
(99751, 0.07682594)
(99801, 0.06029705)
(99851, 0.05792623)
(99901, 0.06841921)
(99951, 0.08033386)
(100001, 0.07254843)
(100051, 0.05847025)
(100101, 0.14897417)
(100151, 0.06677183)
(100201, 0.06813707)
(100251, 0.06879226)
(100301, 0.05893983)
(100351, 0.07865562)
(100401, 0.09030038)
(100451, 0.05931272)
(100501, 0.06094371)
(100551, 0.06034755)
(100601, 0.07113552)
(100651, 0.05975819)
(100701, 0.05857100)
(100751, 0.08813364)
(100801, 0.07180025)
(100851, 0.07240374)
(100901, 0.05932695)
(100951, 0.08672600)
(101001, 0.08057158)
(101051, 0.08992611)
(101101, 0.05934557)
(101151, 0.08421882)
(101201, 0.07985417)
(101251, 0.11686324)
(101301, 0.08466765)
(101351, 0.07700380)
(101401, 0.06044042)
(101451, 0.06348056)
(101501, 0.08837844)
(101551, 0.06029826)
(101601, 0.08352017)
(101651, 0.11006984)
(101701, 0.11137097)
(101751, 0.06421625)
(101801, 0.07272507)
(101851, 0.05915776)
(101901, 0.07622832)
(101951, 0.07998645)
(102001, 0.06836488)
(102051, 0.09443967)
(102101, 0.06119215)
(102151, 0.11143451)
(102201, 0.07550848)
(102251, 0.07138226)
(102301, 0.08362935)
(102351, 0.11095796)
(102401, 0.05930911)
(102451, 0.06226453)
(102501, 0.11455419)
(102551, 0.06047843)
(102601, 0.10861286)
(102651, 0.05925533)
(102701, 0.06570409)
(102751, 0.08528709)
(102801, 0.06031841)
(102851, 0.06005752)
(102901, 0.08249642)
(102951, 0.06913043)
(103001, 0.06273279)
(103051, 0.05996695)
(103101, 0.08680277)
(103151, 0.06366136)
(103201, 0.06736556)
(103251, 0.06158064)
(103301, 0.07256524)
(103351, 0.07466096)
(103401, 0.06191041)
(103451, 0.08644008)
(103501, 0.06764591)
(103551, 0.07271709)
(103601, 0.07955682)
(103651, 0.05906894)
(103701, 0.08630344)
(103751, 0.07876686)
(103801, 0.06074986)
(103851, 0.09674316)
(103901, 0.07015934)
(103951, 0.06414780)
(104001, 0.09295918)
(104051, 0.08216866)
(104101, 0.05903301)
(104151, 0.06920214)
(104201, 0.10088752)
(104251, 0.09425481)
(104301, 0.06183629)
(104351, 0.05989876)
(104401, 0.06075560)
(104451, 0.06664145)
(104501, 0.06100710)
(104551, 0.06335010)
(104601, 0.10420351)
(104651, 0.06564605)
(104701, 0.06577002)
(104751, 0.05922179)
(104801, 0.08534950)
(104851, 0.05971167)
(104901, 0.06160422)
(104951, 0.07619338)
(105001, 0.06033192)
(105051, 0.06358369)
(105101, 0.08722773)
(105151, 0.06082085)
(105201, 0.05863905)
(105251, 0.08374820)
(105301, 0.05943411)
(105351, 0.06517177)
(105401, 0.06522473)
(105451, 0.07770710)
(105501, 0.05918285)
(105551, 0.09632649)
(105601, 0.06018312)
(105651, 0.06586561)
(105701, 0.07091004)
(105751, 0.07818563)
(105801, 0.07014610)
(105851, 0.11077116)
(105901, 0.07507096)
(105951, 0.06052710)
(106001, 0.06007301)
(106051, 0.06354965)
(106101, 0.06036694)
(106151, 0.05815130)
(106201, 0.06192397)
(106251, 0.06823470)
(106301, 0.07056396)
(106351, 0.06858497)
(106401, 0.05690417)
(106451, 0.06194279)
(106501, 0.09847184)
(106551, 0.12005119)
(106601, 0.06412422)
(106651, 0.06069684)
(106701, 0.06122932)
(106751, 0.06104491)
(106801, 0.07183433)
(106851, 0.06294143)
(106901, 0.06494687)
(106951, 0.07456102)
(107001, 0.09944728)
(107051, 0.07719319)
(107101, 0.06759352)
(107151, 0.06470502)
(107201, 0.08299214)
(107251, 0.07005240)
(107301, 0.12049713)
(107351, 0.06458953)
(107401, 0.07261507)
(107451, 0.05884264)
(107501, 0.06953552)
(107551, 0.06584161)
(107601, 0.09807973)
(107651, 0.07459223)
(107701, 0.05909150)
(107751, 0.06995779)
(107801, 0.06074748)
(107851, 0.06183288)
(107901, 0.07729948)
(107951, 0.07228319)
(108001, 0.07341260)
(108051, 0.06859760)
(108101, 0.05947493)
(108151, 0.06331659)
(108201, 0.06189135)
(108251, 0.06230140)
(108301, 0.08838198)
(108351, 0.10291830)
(108401, 0.08244631)
(108451, 0.05935412)
(108501, 0.10686781)
(108551, 0.05821804)
(108601, 0.05981206)
(108651, 0.07178427)
(108701, 0.05943977)
(108751, 0.08828419)
(108801, 0.06233143)
(108851, 0.06311410)
(108901, 0.08220237)
(108951, 0.10391758)
(109001, 0.06004926)
(109051, 0.09574989)
(109101, 0.07017333)
(109151, 0.05991516)
(109201, 0.07399772)
(109251, 0.05796342)
(109301, 0.07281163)
(109351, 0.06468607)
(109401, 0.07152360)
(109451, 0.10869768)
(109501, 0.10623178)
(109551, 0.11141295)
(109601, 0.06101529)
(109651, 0.06518604)
(109701, 0.06237830)
(109751, 0.05974482)
(109801, 0.10372502)
(109851, 0.07322690)
(109901, 0.07140052)
(109951, 0.10737237)
(110001, 0.05934657)
(110051, 0.05989221)
(110101, 0.10011297)
(110151, 0.06156521)
(110201, 0.07020703)
(110251, 0.06073147)
(110301, 0.11923136)
(110351, 0.09637368)
(110401, 0.08309887)
(110451, 0.05926942)
(110501, 0.06787793)
(110551, 0.08732902)
(110601, 0.07323120)
(110651, 0.06794088)
(110701, 0.05889733)
(110751, 0.06918891)
(110801, 0.05749844)
(110851, 0.06678750)
(110901, 0.06023109)
(110951, 0.07796814)
(111001, 0.07547165)
(111051, 0.06225170)
(111101, 0.06178594)
(111151, 0.09301481)
(111201, 0.06721929)
(111251, 0.09399010)
(111301, 0.07701810)
(111351, 0.06309820)
(111401, 0.06986623)
(111451, 0.06206883)
(111501, 0.05991159)
(111551, 0.07546531)
(111601, 0.12575519)
(111651, 0.06030206)
(111701, 0.10743096)
(111751, 0.06655383)
(111801, 0.06015440)
(111851, 0.06301700)
(111901, 0.06564057)
(111951, 0.06088454)
(112001, 0.11063073)
(112051, 0.07748291)
(112101, 0.09044132)
(112151, 0.05905684)
(112201, 0.08107233)
(112251, 0.14225668)
(112301, 0.06051843)
(112351, 0.06000447)
(112401, 0.07012330)
(112451, 0.06936044)
(112501, 0.06937726)
(112551, 0.05848866)
(112601, 0.07307293)
(112651, 0.05980652)
(112701, 0.05856556)
(112751, 0.06105320)
(112801, 0.08510982)
(112851, 0.05883046)
(112901, 0.06604065)
(112951, 0.05949593)
(113001, 0.07701386)
(113051, 0.06201489)
(113101, 0.08051147)
(113151, 0.08513083)
(113201, 0.06124004)
(113251, 0.07102964)
(113301, 0.08817230)
(113351, 0.06160255)
(113401, 0.11805392)
(113451, 0.07840361)
(113501, 0.05903354)
(113551, 0.09773853)
(113601, 0.09913123)
(113651, 0.08499467)
(113701, 0.07337581)
(113751, 0.09164995)
(113801, 0.05829350)
(113851, 0.10472482)
(113901, 0.06000234)
(113951, 0.05799668)
(114001, 0.06790041)
(114051, 0.09111597)
(114101, 0.05735939)
(114151, 0.07327235)
(114201, 0.06203288)
(114251, 0.09025827)
(114301, 0.05991710)
(114351, 0.06690462)
(114401, 0.07314757)
(114451, 0.12039276)
(114501, 0.05817497)
(114551, 0.05871035)
(114601, 0.06577206)
(114651, 0.10125724)
(114701, 0.06531142)
(114751, 0.08069223)
(114801, 0.07232416)
(114851, 0.05843774)
(114901, 0.06924733)
(114951, 0.09921095)
(115001, 0.06157871)
(115051, 0.07369015)
(115101, 0.06239567)
(115151, 0.06476162)
(115201, 0.08510317)
(115251, 0.09222227)
(115301, 0.06009767)
(115351, 0.06692002)
(115401, 0.07022163)
(115451, 0.07402535)
(115501, 0.06940467)
(115551, 0.07052355)
(115601, 0.06506852)
(115651, 0.10522124)
(115701, 0.06089881)
(115751, 0.06510647)
(115801, 0.06484075)
(115851, 0.06951115)
(115901, 0.06912346)
(115951, 0.07525196)
(116001, 0.06906566)
(116051, 0.05734492)
(116101, 0.05935010)
(116151, 0.06539311)
(116201, 0.06010783)
(116251, 0.06094420)
(116301, 0.08876120)
(116351, 0.06469181)
(116401, 0.05908325)
(116451, 0.07869646)
(116501, 0.07354742)
(116551, 0.05769599)
(116601, 0.06420817)
(116651, 0.08220130)
(116701, 0.10016971)
(116751, 0.06345131)
(116801, 0.06299490)
(116851, 0.08930868)
(116901, 0.07350882)
(116951, 0.08769184)
(117001, 0.05803319)
(117051, 0.07637022)
(117101, 0.10831007)
(117151, 0.06767122)
(117201, 0.08206171)
(117251, 0.06004488)
(117301, 0.06941611)
(117351, 0.07151321)
(117401, 0.06064419)
(117451, 0.05919478)
(117501, 0.05776972)
(117551, 0.09198656)
(117601, 0.11222335)
(117651, 0.06266978)
(117701, 0.05935322)
(117751, 0.05910832)
(117801, 0.06208480)
(117851, 0.10025299)
(117901, 0.07147511)
(117951, 0.08154421)
(118001, 0.06084934)
(118051, 0.05892218)
(118101, 0.06377842)
(118151, 0.05848350)
(118201, 0.07286158)
(118251, 0.05939606)
(118301, 0.08897433)
(118351, 0.08262821)
(118401, 0.06226800)
(118451, 0.07792756)
(118501, 0.08096500)
(118551, 0.06237426)
(118601, 0.06225197)
(118651, 0.06153811)
(118701, 0.05799341)
(118751, 0.05824105)
(118801, 0.07596710)
(118851, 0.06104645)
(118901, 0.05896740)
(118951, 0.06831118)
(119001, 0.11176564)
(119051, 0.08688831)
(119101, 0.07290992)
(119151, 0.08861178)
(119201, 0.06013527)
(119251, 0.05938883)
(119301, 0.06245099)
(119351, 0.06358230)
(119401, 0.06790628)
(119451, 0.09382807)
(119501, 0.11934277)
(119551, 0.11307983)
(119601, 0.07736554)
(119651, 0.08750257)
(119701, 0.12327003)
(119751, 0.06822384)
(119801, 0.06451474)
(119851, 0.06225442)
(119901, 0.06210407)
(119951, 0.06919418)
(120001, 0.10084353)
(120051, 0.07296830)
(120101, 0.07329110)
(120151, 0.05903507)
(120201, 0.06242191)
(120251, 0.07100436)
(120301, 0.06248252)
(120351, 0.09337532)
(120401, 0.07888249)
(120451, 0.05723144)
(120501, 0.07220091)
(120551, 0.06459039)
(120601, 0.06240780)
(120651, 0.09211095)
(120701, 0.06020230)
(120751, 0.07061823)
(120801, 0.10766266)
(120851, 0.10147522)
(120901, 0.06300388)
(120951, 0.05981523)
(121001, 0.07459185)
(121051, 0.06651472)
(121101, 0.07530184)
(121151, 0.07452398)
(121201, 0.06261206)
(121251, 0.06175857)
(121301, 0.06563585)
(121351, 0.07441199)
(121401, 0.09432603)
(121451, 0.12304379)
(121501, 0.09708803)
(121551, 0.06503120)
(121601, 0.07537315)
(121651, 0.06598323)
(121701, 0.09038348)
(121751, 0.07593694)
(121801, 0.07843592)
(121851, 0.08234941)
(121901, 0.11039671)
(121951, 0.08304014)
(122001, 0.06709793)
(122051, 0.07427610)
(122101, 0.05973049)
(122151, 0.06542037)
(122201, 0.06683883)
(122251, 0.07058816)
(122301, 0.05775078)
(122351, 0.07811107)
(122401, 0.06236175)
(122451, 0.08388182)
(122501, 0.05925804)
(122551, 0.06173912)
(122601, 0.07697429)
(122651, 0.05931227)
(122701, 0.07734145)
(122751, 0.07985040)
(122801, 0.07211667)
(122851, 0.06084018)
(122901, 0.08906595)
(122951, 0.06728157)
(123001, 0.06731769)
(123051, 0.06535779)
(123101, 0.06483676)
(123151, 0.09949417)
(123201, 0.08358958)
(123251, 0.06660416)
(123301, 0.14379025)
(123351, 0.06269289)
(123401, 0.05960518)
(123451, 0.06337935)
(123501, 0.07061388)
(123551, 0.07124470)
(123601, 0.05993242)
(123651, 0.06224908)
(123701, 0.10780360)
(123751, 0.06765717)
(123801, 0.05993650)
(123851, 0.08190981)
(123901, 0.08051395)
(123951, 0.09557840)
(124001, 0.05825371)
(124051, 0.06424321)
(124101, 0.05818928)
(124151, 0.06643553)
(124201, 0.07031101)
(124251, 0.10728229)
(124301, 0.06022931)
(124351, 0.06049044)
(124401, 0.12910317)
(124451, 0.09336584)
(124501, 0.06317339)
(124551, 0.06200254)
(124601, 0.07256258)
(124651, 0.10891002)
(124701, 0.06382596)
(124751, 0.09377357)
(124801, 0.05950220)
(124851, 0.06221613)
(124901, 0.07994991)
(124951, 0.11705682)
