(1, 11.68156147)
(51, 3.88756299)
(101, 2.77480459)
(151, 2.36785960)
(201, 2.14252615)
(251, 2.12942076)
(301, 1.84547019)
(351, 1.91747892)
(401, 1.66421521)
(451, 1.53910851)
(501, 1.46653640)
(551, 1.30277586)
(601, 1.27640092)
(651, 1.16029251)
(701, 1.08632433)
(751, 1.15825474)
(801, 1.21478701)
(851, 1.07926071)
(901, 0.96563828)
(951, 1.02817595)
(1001, 1.03440428)
(1051, 0.92851216)
(1101, 0.92519629)
(1151, 0.87101406)
(1201, 0.93625587)
(1251, 0.87922281)
(1301, 0.77414423)
(1351, 0.76501620)
(1401, 0.83269227)
(1451, 0.79469562)
(1501, 0.76558316)
(1551, 0.77766395)
(1601, 0.77495623)
(1651, 0.80122364)
(1701, 0.68736577)
(1751, 0.68081278)
(1801, 0.83709234)
(1851, 0.70441461)
(1901, 0.67947644)
(1951, 0.70985913)
(2001, 0.62157094)
(2051, 0.60602748)
(2101, 0.62595862)
(2151, 0.61007434)
(2201, 0.76711863)
(2251, 0.68968612)
(2301, 0.61268526)
(2351, 0.61609519)
(2401, 0.73345888)
(2451, 0.64193225)
(2501, 0.57123381)
(2551, 0.54379970)
(2601, 0.58956832)
(2651, 0.61322683)
(2701, 0.62902009)
(2751, 0.58559597)
(2801, 0.56882429)
(2851, 0.69461787)
(2901, 0.63056225)
(2951, 0.57422215)
(3001, 0.56170493)
(3051, 0.51085073)
(3101, 0.55788302)
(3151, 0.67645890)
(3201, 0.49089399)
(3251, 0.61568588)
(3301, 0.50497669)
(3351, 0.46085578)
(3401, 0.46758750)
(3451, 0.58730018)
(3501, 0.46781787)
(3551, 0.55830401)
(3601, 0.50907576)
(3651, 0.49007955)
(3701, 0.47581291)
(3751, 0.46968347)
(3801, 0.46839827)
(3851, 0.49725744)
(3901, 0.49927333)
(3951, 0.46151540)
(4001, 0.46938932)
(4051, 0.56219500)
(4101, 0.44494569)
(4151, 0.46424383)
(4201, 0.46185103)
(4251, 0.51280844)
(4301, 0.48657537)
(4351, 0.66690743)
(4401, 0.41659325)
(4451, 0.67026919)
(4501, 0.51867491)
(4551, 0.45158246)
(4601, 0.46609831)
(4651, 0.43582338)
(4701, 0.47148684)
(4751, 0.41402087)
(4801, 0.47706425)
(4851, 0.45854858)
(4901, 0.40755704)
(4951, 0.47393030)
(5001, 0.43452537)
(5051, 0.41170514)
(5101, 0.39561331)
(5151, 0.45604196)
(5201, 0.41673422)
(5251, 0.46125787)
(5301, 0.40055874)
(5351, 0.39564615)
(5401, 0.43000889)
(5451, 0.42178893)
(5501, 0.49061573)
(5551, 0.38419017)
(5601, 0.41552418)
(5651, 0.40075219)
(5701, 0.42188302)
(5751, 0.39024365)
(5801, 0.36943340)
(5851, 0.41978914)
(5901, 0.37860096)
(5951, 0.41641000)
(6001, 0.40450305)
(6051, 0.39140263)
(6101, 0.41285330)
(6151, 0.38555893)
(6201, 0.44144621)
(6251, 0.38394380)
(6301, 0.41260889)
(6351, 0.38722819)
(6401, 0.36710149)
(6451, 0.39282626)
(6501, 0.38324997)
(6551, 0.37422892)
(6601, 0.41111732)
(6651, 0.37494260)
(6701, 0.39554852)
(6751, 0.38382369)
(6801, 0.40371042)
(6851, 0.35632581)
(6901, 0.34122071)
(6951, 0.40374464)
(7001, 0.36172745)
(7051, 0.37813452)
(7101, 0.39769801)
(7151, 0.34415558)
(7201, 0.34470168)
(7251, 0.36501428)
(7301, 0.37486464)
(7351, 0.39791977)
(7401, 0.35056499)
(7451, 0.35859728)
(7501, 0.36226726)
(7551, 0.36032599)
(7601, 0.34725994)
(7651, 0.34924549)
(7701, 0.37897730)
(7751, 0.37027261)
(7801, 0.37711859)
(7851, 0.34499457)
(7901, 0.33787793)
(7951, 0.37026784)
(8001, 0.37700388)
(8051, 0.35049850)
(8101, 0.35113087)
(8151, 0.34785122)
(8201, 0.35456768)
(8251, 0.34542388)
(8301, 0.32981050)
(8351, 0.36240083)
(8401, 0.33714947)
(8451, 0.34563205)
(8501, 0.31032363)
(8551, 0.32239813)
(8601, 0.34832507)
(8651, 0.32896933)
(8701, 0.33325008)
(8751, 0.32979006)
(8801, 0.37453941)
(8851, 0.36194950)
(8901, 0.32381284)
(8951, 0.36308122)
(9001, 0.32799679)
(9051, 0.34258401)
(9101, 0.31425875)
(9151, 0.36874670)
(9201, 0.31710497)
(9251, 0.40684143)
(9301, 0.31927794)
(9351, 0.32719043)
(9401, 0.33306476)
(9451, 0.35182774)
(9501, 0.39812240)
(9551, 0.36866570)
(9601, 0.30681518)
(9651, 0.31959805)
(9701, 0.32799342)
(9751, 0.33578709)
(9801, 0.29885924)
(9851, 0.31038094)
(9901, 0.32464114)
(9951, 0.30249965)
(10001, 0.32639560)
(10051, 0.33710566)
(10101, 0.33102605)
(10151, 0.34823120)
(10201, 0.37079072)
(10251, 0.31793731)
(10301, 0.36949787)
(10351, 0.32941303)
(10401, 0.30181649)
(10451, 0.32501230)
(10501, 0.32193974)
(10551, 0.29823130)
(10601, 0.32354417)
(10651, 0.33061156)
(10701, 0.30034313)
(10751, 0.30739444)
(10801, 0.31651399)
(10851, 0.31430209)
(10901, 0.26942524)
(10951, 0.32618544)
(11001, 0.31543785)
(11051, 0.30965036)
(11101, 0.28680998)
(11151, 0.31025457)
(11201, 0.31218490)
(11251, 0.33276463)
(11301, 0.33245930)
(11351, 0.31740889)
(11401, 0.29407603)
(11451, 0.30574727)
(11501, 0.34614530)
(11551, 0.27671444)
(11601, 0.28792828)
(11651, 0.32246178)
(11701, 0.27476963)
(11751, 0.37691304)
(11801, 0.33193231)
(11851, 0.28414029)
(11901, 0.32389852)
(11951, 0.28120309)
(12001, 0.30333653)
(12051, 0.28710112)
(12101, 0.29227787)
(12151, 0.30161238)
(12201, 0.29084852)
(12251, 0.27386147)
(12301, 0.34348047)
(12351, 0.27871439)
(12401, 0.28500465)
(12451, 0.29641166)
(12501, 0.30659556)
(12551, 0.29532984)
(12601, 0.28671339)
(12651, 0.26726824)
(12701, 0.29567459)
(12751, 0.28761476)
(12801, 0.29459292)
(12851, 0.27694365)
(12901, 0.29465708)
(12951, 0.27960649)
(13001, 0.30651346)
(13051, 0.28034076)
(13101, 0.29577371)
(13151, 0.29712495)
(13201, 0.29814067)
(13251, 0.30442932)
(13301, 0.27725852)
(13351, 0.30538672)
(13401, 0.30307597)
(13451, 0.28788811)
(13501, 0.27334836)
(13551, 0.27805042)
(13601, 0.30512297)
(13651, 0.28957903)
(13701, 0.27931651)
(13751, 0.32418901)
(13801, 0.26442745)
(13851, 0.32839337)
(13901, 0.26143965)
(13951, 0.28845608)
(14001, 0.30176434)
(14051, 0.29149130)
(14101, 0.31468946)
(14151, 0.27353773)
(14201, 0.27889252)
(14251, 0.29859960)
(14301, 0.28168142)
(14351, 0.29003203)
(14401, 0.28542334)
(14451, 0.27779049)
(14501, 0.28307408)
(14551, 0.29218465)
(14601, 0.27447134)
(14651, 0.30568191)
(14701, 0.27379897)
(14751, 0.27919003)
(14801, 0.30390507)
(14851, 0.28016061)
(14901, 0.27411136)
(14951, 0.25889164)
(15001, 0.26422849)
(15051, 0.27185434)
(15101, 0.29495645)
(15151, 0.26543960)
(15201, 0.27793980)
(15251, 0.30197260)
(15301, 0.28540096)
(15351, 0.26327926)
(15401, 0.26863965)
(15451, 0.26565465)
(15501, 0.28232053)
(15551, 0.25692496)
(15601, 0.29110062)
(15651, 0.30084440)
(15701, 0.26707315)
(15751, 0.29435894)
(15801, 0.28146422)
(15851, 0.25414956)
(15901, 0.27521941)
(15951, 0.26669618)
(16001, 0.28168082)
(16051, 0.25369316)
(16101, 0.27950901)
(16151, 0.27203923)
(16201, 0.28050169)
(16251, 0.27052638)
(16301, 0.27060339)
(16351, 0.28258571)
(16401, 0.28253570)
(16451, 0.26744670)
(16501, 0.27228913)
(16551, 0.26675946)
(16601, 0.29431841)
(16651, 0.27592590)
(16701, 0.28044042)
(16751, 0.26728690)
(16801, 0.26484829)
(16851, 0.27666715)
(16901, 0.26342225)
(16951, 0.27245390)
(17001, 0.25801155)
(17051, 0.26227763)
(17101, 0.26840854)
(17151, 0.26120380)
(17201, 0.26022673)
(17251, 0.27505276)
(17301, 0.30223185)
(17351, 0.27779964)
(17401, 0.26757568)
(17451, 0.25705126)
(17501, 0.26718196)
(17551, 0.30016086)
(17601, 0.25007361)
(17651, 0.24101155)
(17701, 0.26750821)
(17751, 0.24646077)
(17801, 0.25793824)
(17851, 0.27671024)
(17901, 0.27376369)
(17951, 0.26524886)
(18001, 0.28262854)
(18051, 0.27005088)
(18101, 0.30146056)
(18151, 0.26115158)
(18201, 0.26118824)
(18251, 0.25703353)
(18301, 0.28088623)
(18351, 0.26734257)
(18401, 0.26919815)
(18451, 0.25214604)
(18501, 0.24879852)
(18551, 0.25702724)
(18601, 0.28089872)
(18651, 0.24804321)
(18701, 0.25454411)
(18751, 0.27697739)
(18801, 0.25993845)
(18851, 0.28422534)
(18901, 0.27011392)
(18951, 0.24466000)
(19001, 0.25588802)
(19051, 0.24035765)
(19101, 0.25605524)
(19151, 0.26449791)
(19201, 0.31274062)
(19251, 0.26306790)
(19301, 0.27450344)
(19351, 0.25954756)
(19401, 0.25110185)
(19451, 0.26174611)
(19501, 0.26420659)
(19551, 0.24677880)
(19601, 0.28272396)
(19651, 0.23827854)
(19701, 0.37875521)
(19751, 0.24565820)
(19801, 0.24652986)
(19851, 0.26061392)
(19901, 0.30921289)
(19951, 0.25335923)
(20001, 0.25703648)
(20051, 0.25652674)
(20101, 0.25156105)
(20151, 0.25395069)
(20201, 0.23659147)
(20251, 0.23999947)
(20301, 0.24220298)
(20351, 0.27105591)
(20401, 0.25168800)
(20451, 0.27619791)
(20501, 0.25083193)
(20551, 0.23516876)
(20601, 0.26172000)
(20651, 0.24025206)
(20701, 0.25498199)
(20751, 0.24006905)
(20801, 0.23968486)
(20851, 0.25524396)
(20901, 0.27389532)
(20951, 0.27675518)
(21001, 0.30837753)
(21051, 0.24770641)
(21101, 0.23679247)
(21151, 0.24257749)
(21201, 0.26272297)
(21251, 0.23910400)
(21301, 0.25273660)
(21351, 0.24675636)
(21401, 0.24196862)
(21451, 0.25560194)
(21501, 0.29978183)
(21551, 0.26186073)
(21601, 0.24791498)
(21651, 0.23527160)
(21701, 0.24369253)
(21751, 0.24190326)
(21801, 0.26263097)
(21851, 0.24570398)
(21901, 0.23880802)
(21951, 0.23134135)
(22001, 0.24859504)
(22051, 0.27122957)
(22101, 0.23746225)
(22151, 0.26336089)
(22201, 0.27462688)
(22251, 0.25316879)
(22301, 0.27002567)
(22351, 0.24348237)
(22401, 0.28045580)
(22451, 0.24381191)
(22501, 0.24303257)
(22551, 0.23880303)
(22601, 0.25757739)
(22651, 0.24117556)
(22701, 0.22290657)
(22751, 0.24709332)
(22801, 0.22913375)
(22851, 0.25120273)
(22901, 0.23720844)
(22951, 0.22566742)
(23001, 0.22953029)
(23051, 0.23698050)
(23101, 0.22244205)
(23151, 0.23484240)
(23201, 0.23902421)
(23251, 0.23150074)
(23301, 0.23968941)
(23351, 0.25805897)
(23401, 0.24028888)
(23451, 0.24262823)
(23501, 0.26121920)
(23551, 0.24140403)
(23601, 0.24770163)
(23651, 0.25965059)
(23701, 0.22085661)
(23751, 0.24385211)
(23801, 0.22981177)
(23851, 0.25068548)
(23901, 0.23844320)
(23951, 0.25116062)
(24001, 0.24789026)
(24051, 0.24808048)
(24101, 0.23291942)
(24151, 0.24511081)
(24201, 0.24596420)
(24251, 0.23845845)
(24301, 0.22455676)
(24351, 0.22609811)
(24401, 0.23288403)
(24451, 0.24490181)
(24501, 0.24122055)
(24551, 0.24633346)
(24601, 0.22411062)
(24651, 0.23266800)
(24701, 0.23897272)
(24751, 0.23469086)
(24801, 0.24644908)
(24851, 0.26111549)
(24901, 0.25299454)
(24951, 0.24260291)
(25001, 0.24717624)
(25051, 0.25387391)
(25101, 0.24559809)
(25151, 0.23764232)
(25201, 0.23534024)
(25251, 0.23555027)
(25301, 0.23031728)
(25351, 0.23514026)
(25401, 0.24683982)
(25451, 0.24816529)
(25501, 0.25298741)
(25551, 0.22895281)
(25601, 0.23025325)
(25651, 0.23255700)
(25701, 0.23139392)
(25751, 0.21574841)
(25801, 0.26167938)
(25851, 0.22178604)
(25901, 0.24256858)
(25951, 0.23319770)
(26001, 0.24554466)
(26051, 0.26971975)
(26101, 0.21163115)
(26151, 0.24177800)
(26201, 0.22881575)
(26251, 0.28265786)
(26301, 0.22496863)
(26351, 0.23442782)
(26401, 0.23775138)
(26451, 0.22589476)
(26501, 0.21607707)
(26551, 0.23428062)
(26601, 0.23359619)
(26651, 0.21635020)
(26701, 0.22755779)
(26751, 0.21064991)
(26801, 0.24994260)
(26851, 0.23804279)
(26901, 0.23332052)
(26951, 0.22222215)
(27001, 0.21969660)
(27051, 0.22703505)
(27101, 0.21772492)
(27151, 0.22975999)
(27201, 0.23615694)
(27251, 0.22210677)
(27301, 0.22850074)
(27351, 0.22042269)
(27401, 0.22295853)
(27451, 0.26267293)
(27501, 0.21604808)
(27551, 0.23145112)
(27601, 0.32166204)
(27651, 0.22964855)
(27701, 0.22741309)
(27751, 0.24498561)
(27801, 0.24316856)
(27851, 0.21682730)
(27901, 0.23284574)
(27951, 0.22771646)
(28001, 0.22014917)
(28051, 0.22119166)
(28101, 0.23540659)
(28151, 0.23249376)
(28201, 0.22102000)
(28251, 0.23311171)
(28301, 0.23716678)
(28351, 0.22919068)
(28401, 0.23914000)
(28451, 0.24635671)
(28501, 0.21999663)
(28551, 0.23643556)
(28601, 0.22857161)
(28651, 0.22453061)
(28701, 0.24975549)
(28751, 0.21356471)
(28801, 0.22133259)
(28851, 0.22687581)
(28901, 0.21372320)
(28951, 0.21048376)
(29001, 0.23007055)
(29051, 0.26226181)
(29101, 0.27658755)
(29151, 0.23489213)
(29201, 0.22082117)
(29251, 0.21309885)
(29301, 0.22154295)
(29351, 0.23850624)
(29401, 0.22689520)
(29451, 0.24461538)
(29501, 0.23410687)
(29551, 0.23473625)
(29601, 0.22305453)
(29651, 0.27853364)
(29701, 0.21616051)
(29751, 0.22691359)
(29801, 0.20281389)
(29851, 0.22362545)
(29901, 0.21721278)
(29951, 0.22523421)
(30001, 0.22227798)
(30051, 0.23544279)
(30101, 0.22420427)
(30151, 0.20713854)
(30201, 0.21396716)
(30251, 0.20823741)
(30301, 0.23005119)
(30351, 0.21108463)
(30401, 0.24562557)
(30451, 0.24607316)
(30501, 0.21357714)
(30551, 0.22676139)
(30601, 0.23016681)
(30651, 0.22203189)
(30701, 0.21135062)
(30751, 0.23165341)
(30801, 0.21398813)
(30851, 0.22460042)
(30901, 0.22815527)
(30951, 0.21568762)
(31001, 0.21393256)
(31051, 0.21873945)
(31101, 0.21172483)
(31151, 0.23146869)
(31201, 0.21406305)
(31251, 0.20706899)
(31301, 0.23568746)
(31351, 0.24582313)
(31401, 0.21615805)
(31451, 0.19786450)
(31501, 0.21078230)
(31551, 0.22312887)
(31601, 0.20905058)
(31651, 0.21682060)
(31701, 0.21398252)
(31751, 0.22047649)
(31801, 0.21666214)
(31851, 0.20965368)
(31901, 0.24136539)
(31951, 0.21747325)
(32001, 0.22378057)
(32051, 0.21515259)
(32101, 0.21927695)
(32151, 0.20373230)
(32201, 0.19006951)
(32251, 0.22536290)
(32301, 0.22483785)
(32351, 0.22153862)
(32401, 0.21483661)
(32451, 0.21516505)
(32501, 0.22568895)
(32551, 0.24398872)
(32601, 0.22053894)
(32651, 0.20431653)
(32701, 0.21583194)
(32751, 0.21092913)
(32801, 0.21165495)
(32851, 0.21098302)
(32901, 0.19961654)
(32951, 0.20609882)
(33001, 0.23294885)
(33051, 0.22915767)
(33101, 0.23224771)
(33151, 0.21256743)
(33201, 0.27294597)
(33251, 0.21499985)
(33301, 0.23439920)
(33351, 0.20659636)
(33401, 0.20927870)
(33451, 0.24000356)
(33501, 0.20558842)
(33551, 0.20412944)
(33601, 0.21732110)
(33651, 0.20588478)
(33701, 0.20023713)
(33751, 0.21516992)
(33801, 0.20934142)
(33851, 0.19530234)
(33901, 0.20350264)
(33951, 0.20138279)
(34001, 0.23119144)
(34051, 0.24728255)
(34101, 0.22079670)
(34151, 0.21167266)
(34201, 0.20901433)
(34251, 0.22199842)
(34301, 0.19526738)
(34351, 0.20975362)
(34401, 0.20684229)
(34451, 0.25015599)
(34501, 0.20474283)
(34551, 0.22186764)
(34601, 0.20330025)
(34651, 0.20910393)
(34701, 0.21255447)
(34751, 0.21788447)
(34801, 0.20917919)
(34851, 0.21943885)
(34901, 0.21872129)
(34951, 0.21513462)
(35001, 0.21203990)
(35051, 0.21036245)
(35101, 0.21507412)
(35151, 0.21554059)
(35201, 0.20501129)
(35251, 0.19962192)
(35301, 0.20260778)
(35351, 0.20368220)
(35401, 0.22368431)
(35451, 0.21043444)
(35501, 0.20622329)
(35551, 0.23190750)
(35601, 0.20336398)
(35651, 0.20978843)
(35701, 0.19884157)
(35751, 0.20340304)
(35801, 0.27106446)
(35851, 0.19916248)
(35901, 0.20576981)
(35951, 0.20571765)
(36001, 0.21312925)
(36051, 0.19843636)
(36101, 0.20496942)
(36151, 0.22235383)
(36201, 0.21887843)
(36251, 0.20990592)
(36301, 0.20384547)
(36351, 0.22057378)
(36401, 0.20100035)
(36451, 0.19624664)
(36501, 0.20745565)
(36551, 0.19166206)
(36601, 0.21756938)
(36651, 0.21606945)
(36701, 0.21032952)
(36751, 0.22268704)
(36801, 0.23304576)
(36851, 0.21367978)
(36901, 0.20108746)
(36951, 0.19370335)
(37001, 0.26218066)
(37051, 0.22882654)
(37101, 0.21078707)
(37151, 0.21625327)
(37201, 0.20422906)
(37251, 0.21431658)
(37301, 0.21507758)
(37351, 0.19602177)
(37401, 0.21233110)
(37451, 0.20135574)
(37501, 0.20135243)
(37551, 0.19976106)
(37601, 0.19450285)
(37651, 0.20865095)
(37701, 0.20815542)
(37751, 0.22181506)
(37801, 0.19842663)
(37851, 0.21834524)
(37901, 0.21773528)
(37951, 0.20477086)
(38001, 0.22235483)
(38051, 0.19317712)
(38101, 0.23343523)
(38151, 0.25167131)
(38201, 0.18943630)
(38251, 0.19226061)
(38301, 0.19067290)
(38351, 0.22712177)
(38401, 0.20173873)
(38451, 0.19857198)
(38501, 0.19456205)
(38551, 0.20839262)
(38601, 0.20500581)
(38651, 0.21492639)
(38701, 0.24893360)
(38751, 0.21565057)
(38801, 0.19550359)
(38851, 0.19617283)
(38901, 0.19429576)
(38951, 0.20856585)
(39001, 0.19327343)
(39051, 0.20684472)
(39101, 0.21721388)
(39151, 0.21659225)
(39201, 0.20023108)
(39251, 0.20571363)
(39301, 0.22393872)
(39351, 0.20266682)
(39401, 0.20957942)
(39451, 0.20834024)
(39501, 0.21989626)
(39551, 0.19985761)
(39601, 0.21125117)
(39651, 0.20805149)
(39701, 0.20741528)
(39751, 0.20573141)
(39801, 0.21127573)
(39851, 0.18633899)
(39901, 0.19809468)
(39951, 0.19952071)
(40001, 0.20284304)
(40051, 0.19403385)
(40101, 0.19555050)
(40151, 0.20179014)
(40201, 0.20272112)
(40251, 0.21483871)
(40301, 0.19267374)
(40351, 0.21457414)
(40401, 0.19780865)
(40451, 0.19134013)
(40501, 0.21421368)
(40551, 0.20436044)
(40601, 0.19851972)
(40651, 0.19576097)
(40701, 0.23306833)
(40751, 0.21066765)
(40801, 0.21369918)
(40851, 0.21139166)
(40901, 0.19500799)
(40951, 0.23116234)
(41001, 0.21200868)
(41051, 0.20447977)
(41101, 0.20552155)
(41151, 0.21908733)
(41201, 0.17749485)
(41251, 0.21097533)
(41301, 0.20476700)
(41351, 0.19575277)
(41401, 0.19638574)
(41451, 0.19254813)
(41501, 0.20192041)
(41551, 0.20312396)
(41601, 0.21110915)
(41651, 0.19265424)
(41701, 0.20733246)
(41751, 0.20154351)
(41801, 0.21092238)
(41851, 0.20920777)
(41901, 0.19694704)
(41951, 0.19238012)
(42001, 0.19778746)
(42051, 0.19283041)
(42101, 0.21091203)
(42151, 0.21330285)
(42201, 0.20619489)
(42251, 0.20958106)
(42301, 0.25300917)
(42351, 0.20477124)
(42401, 0.23687622)
(42451, 0.19180860)
(42501, 0.20929077)
(42551, 0.20317842)
(42601, 0.19302826)
(42651, 0.21036603)
(42701, 0.20944037)
(42751, 0.18796632)
(42801, 0.19790031)
(42851, 0.20379134)
(42901, 0.19788031)
(42951, 0.23289151)
(43001, 0.18873712)
(43051, 0.19182298)
(43101, 0.21012093)
(43151, 0.19778287)
(43201, 0.21425460)
(43251, 0.22214933)
(43301, 0.19216041)
(43351, 0.19720352)
(43401, 0.19567345)
(43451, 0.18732753)
(43501, 0.20863244)
(43551, 0.19072792)
(43601, 0.19851220)
(43651, 0.18519026)
(43701, 0.19611014)
(43751, 0.19861998)
(43801, 0.19240037)
(43851, 0.19200955)
(43901, 0.20190604)
(43951, 0.18936527)
(44001, 0.19562419)
(44051, 0.22484316)
(44101, 0.19582537)
(44151, 0.19174674)
(44201, 0.18650022)
(44251, 0.20008063)
(44301, 0.21449934)
(44351, 0.20495026)
(44401, 0.18676460)
(44451, 0.21024166)
(44501, 0.18987292)
(44551, 0.20023555)
(44601, 0.19302177)
(44651, 0.19426066)
(44701, 0.17914258)
(44751, 0.19994362)
(44801, 0.19082689)
(44851, 0.20430548)
(44901, 0.19407269)
(44951, 0.19241941)
(45001, 0.19641376)
(45051, 0.19027361)
(45101, 0.19167161)
(45151, 0.18998173)
(45201, 0.20145184)
(45251, 0.18940988)
(45301, 0.18489926)
(45351, 0.19462407)
(45401, 0.19507508)
(45451, 0.19977073)
(45501, 0.20377535)
(45551, 0.18738031)
(45601, 0.19680795)
(45651, 0.18633106)
(45701, 0.19973028)
(45751, 0.19683382)
(45801, 0.18466552)
(45851, 0.17789017)
(45901, 0.18991959)
(45951, 0.18044628)
(46001, 0.19229974)
(46051, 0.18190949)
(46101, 0.19316570)
(46151, 0.19414213)
(46201, 0.19633242)
(46251, 0.19225997)
(46301, 0.19118100)
(46351, 0.19330075)
(46401, 0.19529550)
(46451, 0.19094709)
(46501, 0.19630457)
(46551, 0.18551502)
(46601, 0.18127093)
(46651, 0.19073115)
(46701, 0.21385613)
(46751, 0.20474413)
(46801, 0.19703138)
(46851, 0.19232732)
(46901, 0.19209079)
(46951, 0.20521091)
(47001, 0.19172712)
(47051, 0.18838789)
(47101, 0.18920238)
(47151, 0.20699537)
(47201, 0.21555346)
(47251, 0.20585983)
(47301, 0.20294240)
(47351, 0.18669611)
(47401, 0.20044038)
(47451, 0.22113146)
(47501, 0.20201620)
(47551, 0.18835205)
(47601, 0.19590257)
(47651, 0.19411233)
(47701, 0.19408189)
(47751, 0.20308912)
(47801, 0.19457488)
(47851, 0.19837981)
(47901, 0.21229222)
(47951, 0.20881808)
(48001, 0.22259499)
(48051, 0.19418307)
(48101, 0.18990310)
(48151, 0.18596832)
(48201, 0.19353504)
(48251, 0.17336181)
(48301, 0.24089129)
(48351, 0.18771434)
(48401, 0.20040797)
(48451, 0.19523187)
(48501, 0.19708729)
(48551, 0.17828289)
(48601, 0.18434599)
(48651, 0.18845077)
(48701, 0.18467550)
(48751, 0.20140895)
(48801, 0.19881348)
(48851, 0.19706099)
(48901, 0.21854487)
(48951, 0.20852311)
(49001, 0.20332931)
(49051, 0.17902857)
(49101, 0.19375974)
(49151, 0.19535726)
(49201, 0.18861222)
(49251, 0.19643779)
(49301, 0.19816701)
(49351, 0.20717853)
(49401, 0.20538892)
(49451, 0.21088897)
(49501, 0.18857957)
(49551, 0.19733083)
(49601, 0.18559049)
(49651, 0.23858573)
(49701, 0.18244512)
(49751, 0.17511524)
(49801, 0.19412813)
(49851, 0.19661629)
(49901, 0.19763158)
(49951, 0.18209398)
(50001, 0.19340178)
(50051, 0.20534506)
(50101, 0.18581811)
(50151, 0.18797742)
(50201, 0.18076876)
(50251, 0.18874855)
(50301, 0.18585284)
(50351, 0.19402765)
(50401, 0.17446987)
(50451, 0.19901450)
(50501, 0.20063750)
(50551, 0.18448287)
(50601, 0.19970113)
(50651, 0.18636270)
(50701, 0.18448424)
(50751, 0.18153246)
(50801, 0.16893966)
(50851, 0.17594434)
(50901, 0.17821439)
(50951, 0.18874241)
(51001, 0.21583997)
(51051, 0.18609664)
(51101, 0.18088445)
(51151, 0.18116465)
(51201, 0.17473175)
(51251, 0.20734298)
(51301, 0.17709537)
(51351, 0.19866689)
(51401, 0.19067590)
(51451, 0.19850010)
(51501, 0.19127552)
(51551, 0.18389426)
(51601, 0.19375329)
(51651, 0.17923422)
(51701, 0.19007862)
(51751, 0.19130503)
(51801, 0.20244278)
(51851, 0.18704057)
(51901, 0.18434630)
(51951, 0.17940919)
(52001, 0.18741208)
(52051, 0.18881343)
(52101, 0.19664180)
(52151, 0.18944457)
(52201, 0.17826813)
(52251, 0.19710180)
(52301, 0.18092313)
(52351, 0.17970508)
(52401, 0.18953350)
(52451, 0.17330550)
(52501, 0.19771935)
(52551, 0.18436259)
(52601, 0.18005858)
(52651, 0.18039635)
(52701, 0.18791535)
(52751, 0.19096613)
(52801, 0.17543405)
(52851, 0.19107071)
(52901, 0.18525364)
(52951, 0.18382859)
(53001, 0.17217778)
(53051, 0.19782856)
(53101, 0.19068004)
(53151, 0.18545426)
(53201, 0.19074939)
(53251, 0.20324692)
(53301, 0.18500991)
(53351, 0.18959676)
(53401, 0.20858572)
(53451, 0.19861694)
(53501, 0.18801022)
(53551, 0.18188746)
(53601, 0.19102192)
(53651, 0.18082112)
(53701, 0.17586361)
(53751, 0.17925052)
(53801, 0.17925535)
(53851, 0.20063846)
(53901, 0.17694177)
(53951, 0.18602352)
(54001, 0.18107101)
(54051, 0.20478413)
(54101, 0.19373569)
(54151, 0.19198532)
(54201, 0.17792648)
(54251, 0.18836772)
(54301, 0.17359143)
(54351, 0.17102805)
(54401, 0.18074307)
(54451, 0.20043385)
(54501, 0.18699679)
(54551, 0.18241754)
(54601, 0.18212162)
(54651, 0.21501252)
(54701, 0.19189018)
(54751, 0.19027951)
(54801, 0.18376514)
(54851, 0.17292279)
(54901, 0.18147194)
(54951, 0.19098926)
(55001, 0.17429417)
(55051, 0.19611175)
(55101, 0.18863606)
(55151, 0.19917908)
(55201, 0.19939981)
(55251, 0.17897722)
(55301, 0.19543929)
(55351, 0.16856548)
(55401, 0.18351200)
(55451, 0.18500410)
(55501, 0.19010656)
(55551, 0.19336912)
(55601, 0.19437574)
(55651, 0.17913146)
(55701, 0.20079063)
(55751, 0.19814396)
(55801, 0.18255034)
(55851, 0.18470681)
(55901, 0.19849639)
(55951, 0.18487853)
(56001, 0.17612326)
(56051, 0.16941728)
(56101, 0.18285984)
(56151, 0.19086123)
(56201, 0.21708173)
(56251, 0.20328340)
(56301, 0.17249946)
(56351, 0.19591257)
(56401, 0.17149983)
(56451, 0.17619365)
(56501, 0.17670849)
(56551, 0.17712770)
(56601, 0.18067452)
(56651, 0.20493159)
(56701, 0.18825735)
(56751, 0.19243960)
(56801, 0.19094153)
(56851, 0.17258093)
(56901, 0.17396857)
(56951, 0.17556152)
(57001, 0.18843657)
(57051, 0.18771237)
(57101, 0.18227950)
(57151, 0.18669471)
(57201, 0.18888648)
(57251, 0.17340173)
(57301, 0.18650043)
(57351, 0.19278957)
(57401, 0.19550812)
(57451, 0.18028161)
(57501, 0.19486624)
(57551, 0.18197337)
(57601, 0.17421824)
(57651, 0.19845636)
(57701, 0.20538019)
(57751, 0.16283903)
(57801, 0.19489062)
(57851, 0.18048863)
(57901, 0.18580259)
(57951, 0.17027868)
(58001, 0.19770418)
(58051, 0.18052536)
(58101, 0.20591831)
(58151, 0.20102288)
(58201, 0.17638065)
(58251, 0.18520367)
(58301, 0.18228844)
(58351, 0.18517895)
(58401, 0.17780867)
(58451, 0.18902224)
(58501, 0.17819554)
(58551, 0.21672824)
(58601, 0.18779486)
(58651, 0.19433834)
(58701, 0.18578099)
(58751, 0.17862922)
(58801, 0.17696382)
(58851, 0.17683740)
(58901, 0.21020782)
(58951, 0.17818969)
(59001, 0.18557069)
(59051, 0.18709224)
(59101, 0.18257469)
(59151, 0.17574055)
(59201, 0.16607510)
(59251, 0.17899218)
(59301, 0.19276477)
(59351, 0.18603237)
(59401, 0.18170972)
(59451, 0.16645168)
(59501, 0.20471609)
(59551, 0.20581549)
(59601, 0.19322744)
(59651, 0.18390569)
(59701, 0.18167450)
(59751, 0.19399144)
(59801, 0.17937517)
(59851, 0.18123582)
(59901, 0.17183755)
(59951, 0.22772636)
(60001, 0.17364827)
(60051, 0.16482906)
(60101, 0.19045076)
(60151, 0.19286415)
(60201, 0.18352032)
(60251, 0.17644776)
(60301, 0.17928515)
(60351, 0.18938841)
(60401, 0.17773728)
(60451, 0.17265566)
(60501, 0.18089463)
(60551, 0.21202466)
(60601, 0.18350384)
(60651, 0.18008876)
(60701, 0.17928462)
(60751, 0.17720908)
(60801, 0.17184903)
(60851, 0.17773680)
(60901, 0.18551092)
(60951, 0.17778255)
(61001, 0.19833827)
(61051, 0.17566438)
(61101, 0.16755068)
(61151, 0.20226987)
(61201, 0.17727746)
(61251, 0.19312841)
(61301, 0.18428771)
(61351, 0.17696860)
(61401, 0.17308784)
(61451, 0.16675186)
(61501, 0.19112344)
(61551, 0.16801579)
(61601, 0.18124719)
(61651, 0.16873768)
(61701, 0.18663482)
(61751, 0.17889942)
(61801, 0.18005736)
(61851, 0.18245755)
(61901, 0.17258884)
(61951, 0.20175849)
(62001, 0.16710812)
(62051, 0.17749156)
(62101, 0.20395830)
(62151, 0.17940448)
(62201, 0.17337520)
(62251, 0.17766114)
(62301, 0.16864081)
(62351, 0.18792355)
(62401, 0.20627396)
(62451, 0.16758177)
(62501, 0.17930739)
(62551, 0.18557885)
(62601, 0.19521767)
(62651, 0.17550832)
(62701, 0.16984929)
(62751, 0.18143030)
(62801, 0.17735539)
(62851, 0.18462430)
(62901, 0.18601206)
(62951, 0.17915539)
(63001, 0.18848337)
(63051, 0.16806456)
(63101, 0.18427812)
(63151, 0.19445983)
(63201, 0.17946815)
(63251, 0.19825034)
(63301, 0.18135208)
(63351, 0.17349036)
(63401, 0.17940933)
(63451, 0.16815177)
(63501, 0.17686757)
(63551, 0.17077588)
(63601, 0.18393710)
(63651, 0.17024013)
(63701, 0.18411788)
(63751, 0.18068136)
(63801, 0.18318363)
(63851, 0.18174697)
(63901, 0.18151848)
(63951, 0.18464093)
(64001, 0.18436632)
(64051, 0.19703914)
(64101, 0.18791980)
(64151, 0.18436752)
(64201, 0.17573708)
(64251, 0.19454063)
(64301, 0.21773328)
(64351, 0.22358906)
(64401, 0.17425488)
(64451, 0.17530859)
(64501, 0.17919062)
(64551, 0.19343978)
(64601, 0.17422897)
(64651, 0.19018848)
(64701, 0.18057773)
(64751, 0.16348894)
(64801, 0.16814086)
(64851, 0.18240647)
(64901, 0.18053254)
(64951, 0.19638045)
(65001, 0.17847237)
(65051, 0.18103625)
(65101, 0.18521309)
(65151, 0.17654872)
(65201, 0.17511755)
(65251, 0.17793521)
(65301, 0.18219736)
(65351, 0.22524567)
(65401, 0.17607945)
(65451, 0.17677063)
(65501, 0.17173806)
(65551, 0.17583188)
(65601, 0.17142531)
(65651, 0.18330391)
(65701, 0.17471619)
(65751, 0.18144612)
(65801, 0.16859326)
(65851, 0.19349609)
(65901, 0.17160183)
(65951, 0.18893933)
(66001, 0.18067755)
(66051, 0.16935648)
(66101, 0.17432779)
(66151, 0.17014782)
(66201, 0.17594166)
(66251, 0.16739854)
(66301, 0.17927852)
(66351, 0.17430016)
(66401, 0.18474191)
(66451, 0.17246109)
(66501, 0.21206185)
(66551, 0.17607965)
(66601, 0.18874182)
(66651, 0.17570077)
(66701, 0.17531230)
(66751, 0.19586128)
(66801, 0.18539011)
(66851, 0.18740284)
(66901, 0.17054112)
(66951, 0.16655000)
(67001, 0.17050843)
(67051, 0.17958002)
(67101, 0.18401009)
(67151, 0.18853158)
(67201, 0.15770593)
(67251, 0.19197896)
(67301, 0.16509245)
(67351, 0.16165340)
(67401, 0.18540871)
(67451, 0.16707179)
(67501, 0.18021943)
(67551, 0.17201324)
(67601, 0.18315922)
(67651, 0.18043202)
(67701, 0.17245887)
(67751, 0.18473968)
(67801, 0.17626314)
(67851, 0.17483538)
(67901, 0.17891882)
(67951, 0.16968662)
(68001, 0.18117625)
(68051, 0.16730681)
(68101, 0.16941251)
(68151, 0.19013751)
(68201, 0.19156089)
(68251, 0.16393098)
(68301, 0.18214001)
(68351, 0.17194869)
(68401, 0.16455401)
(68451, 0.17209341)
(68501, 0.17973089)
(68551, 0.15664251)
(68601, 0.18248716)
(68651, 0.18531901)
(68701, 0.18077740)
(68751, 0.17979357)
(68801, 0.16557854)
(68851, 0.18288971)
(68901, 0.18689865)
(68951, 0.16795370)
(69001, 0.18431123)
(69051, 0.16575108)
(69101, 0.18900500)
(69151, 0.19240816)
(69201, 0.17275730)
(69251, 0.18017596)
(69301, 0.18556072)
(69351, 0.21587345)
(69401, 0.17910545)
(69451, 0.19568941)
(69501, 0.19078270)
(69551, 0.17659611)
(69601, 0.17513482)
(69651, 0.20790753)
(69701, 0.17679261)
(69751, 0.17679662)
(69801, 0.15905613)
(69851, 0.17847657)
(69901, 0.18564585)
(69951, 0.16663140)
(70001, 0.16603401)
(70051, 0.17545749)
(70101, 0.19011548)
(70151, 0.17733121)
(70201, 0.17665246)
(70251, 0.17344148)
(70301, 0.16683319)
(70351, 0.19370049)
(70401, 0.17718568)
(70451, 0.18494886)
(70501, 0.15778656)
(70551, 0.17072019)
(70601, 0.18635717)
(70651, 0.18458277)
(70701, 0.16329950)
(70751, 0.18056732)
(70801, 0.17485711)
(70851, 0.18812664)
(70901, 0.17717722)
(70951, 0.17296648)
(71001, 0.17903571)
(71051, 0.16163227)
(71101, 0.18521750)
(71151, 0.20444429)
(71201, 0.16911620)
(71251, 0.17410037)
(71301, 0.18167955)
(71351, 0.16142277)
(71401, 0.17294250)
(71451, 0.17645033)
(71501, 0.17689610)
(71551, 0.18658692)
(71601, 0.18702011)
(71651, 0.18180579)
(71701, 0.18937236)
(71751, 0.18881017)
(71801, 0.18111537)
(71851, 0.17168760)
(71901, 0.17548564)
(71951, 0.18227020)
(72001, 0.16483247)
(72051, 0.17884655)
(72101, 0.17207310)
(72151, 0.17532659)
(72201, 0.17498995)
(72251, 0.17765728)
(72301, 0.18076049)
(72351, 0.19567071)
(72401, 0.16636793)
(72451, 0.16611670)
(72501, 0.17220087)
(72551, 0.16473366)
(72601, 0.18567429)
(72651, 0.16497530)
(72701, 0.16439311)
(72751, 0.18129666)
(72801, 0.20760024)
(72851, 0.16072515)
(72901, 0.16811562)
(72951, 0.17103896)
(73001, 0.16692336)
(73051, 0.16306010)
(73101, 0.16942890)
(73151, 0.16235197)
(73201, 0.19784559)
(73251, 0.17155704)
(73301, 0.17670785)
(73351, 0.17383470)
(73401, 0.16157657)
(73451, 0.16926228)
(73501, 0.17663406)
(73551, 0.20285988)
(73601, 0.16890278)
(73651, 0.17868197)
(73701, 0.18356778)
(73751, 0.17641358)
(73801, 0.17404793)
(73851, 0.16772470)
(73901, 0.17028074)
(73951, 0.19605961)
(74001, 0.17018092)
(74051, 0.18403499)
(74101, 0.18012327)
(74151, 0.17225528)
(74201, 0.19303049)
(74251, 0.16483799)
(74301, 0.17054605)
(74351, 0.18311200)
(74401, 0.17077376)
(74451, 0.17963819)
(74501, 0.15798952)
(74551, 0.16563271)
(74601, 0.16746254)
(74651, 0.17392558)
(74701, 0.18068115)
(74751, 0.19165961)
(74801, 0.15707269)
(74851, 0.16511026)
(74901, 0.17988530)
(74951, 0.18407053)
(75001, 0.17376371)
(75051, 0.16447698)
(75101, 0.18144235)
(75151, 0.16540542)
(75201, 0.17688814)
(75251, 0.16328539)
(75301, 0.17805503)
(75351, 0.16809981)
(75401, 0.17321874)
(75451, 0.17589997)
(75501, 0.17157647)
(75551, 0.17669103)
(75601, 0.16440485)
(75651, 0.16061935)
(75701, 0.17124280)
(75751, 0.16479473)
(75801, 0.16111779)
(75851, 0.16827990)
(75901, 0.17217785)
(75951, 0.17731151)
(76001, 0.17473106)
(76051, 0.20075502)
(76101, 0.15494309)
(76151, 0.15940067)
(76201, 0.15888886)
(76251, 0.18026444)
(76301, 0.16359669)
(76351, 0.16525853)
(76401, 0.16346227)
(76451, 0.16760567)
(76501, 0.16295154)
(76551, 0.17450503)
(76601, 0.19003077)
(76651, 0.20114262)
(76701, 0.16999267)
(76751, 0.15702005)
(76801, 0.16961353)
(76851, 0.18513356)
(76901, 0.18321547)
(76951, 0.16293436)
(77001, 0.17038891)
(77051, 0.18794820)
(77101, 0.17566164)
(77151, 0.20186077)
(77201, 0.17289862)
(77251, 0.17158508)
(77301, 0.16385487)
(77351, 0.17938809)
(77401, 0.16905841)
(77451, 0.17019221)
(77501, 0.16596770)
(77551, 0.18128717)
(77601, 0.17413442)
(77651, 0.16560203)
(77701, 0.16512425)
(77751, 0.16449334)
(77801, 0.16916762)
(77851, 0.16778512)
(77901, 0.17510039)
(77951, 0.17439936)
(78001, 0.16499072)
(78051, 0.18018797)
(78101, 0.17202818)
(78151, 0.17822678)
(78201, 0.16133255)
(78251, 0.16366655)
(78301, 0.16648422)
(78351, 0.17214255)
(78401, 0.17138609)
(78451, 0.17168269)
(78501, 0.17651822)
(78551, 0.17592275)
(78601, 0.18082204)
(78651, 0.19809337)
(78701, 0.16459338)
(78751, 0.16517735)
(78801, 0.18016234)
(78851, 0.16781411)
(78901, 0.17084719)
(78951, 0.16592525)
(79001, 0.16296889)
(79051, 0.16025493)
(79101, 0.17468624)
(79151, 0.19787124)
(79201, 0.17552418)
(79251, 0.15976448)
(79301, 0.21328962)
(79351, 0.16626276)
(79401, 0.15955256)
(79451, 0.16793998)
(79501, 0.17028882)
(79551, 0.17711198)
(79601, 0.16825095)
(79651, 0.17321447)
(79701, 0.17244615)
(79751, 0.17797916)
(79801, 0.18520808)
(79851, 0.16059098)
(79901, 0.16788027)
(79951, 0.16424564)
(80001, 0.16217986)
(80051, 0.17759499)
(80101, 0.18080489)
(80151, 0.16272271)
(80201, 0.14996378)
(80251, 0.16481130)
(80301, 0.17299917)
(80351, 0.18878081)
(80401, 0.18856929)
(80451, 0.18288800)
(80501, 0.16175282)
(80551, 0.17459625)
(80601, 0.16480976)
(80651, 0.16611637)
(80701, 0.16091688)
(80751, 0.17973897)
(80801, 0.16881385)
(80851, 0.18194835)
(80901, 0.16490735)
(80951, 0.16961119)
(81001, 0.17333375)
(81051, 0.15483139)
(81101, 0.15806481)
(81151, 0.16795686)
(81201, 0.18251635)
(81251, 0.17470387)
(81301, 0.17097870)
(81351, 0.15712425)
(81401, 0.16951235)
(81451, 0.18850896)
(81501, 0.16054451)
(81551, 0.17241371)
(81601, 0.19259213)
(81651, 0.16107064)
(81701, 0.17845058)
(81751, 0.17007762)
(81801, 0.17357831)
(81851, 0.17041765)
(81901, 0.18349648)
(81951, 0.16791953)
(82001, 0.16365214)
(82051, 0.16500910)
(82101, 0.17487474)
(82151, 0.17357491)
(82201, 0.16839878)
(82251, 0.15942635)
(82301, 0.16299044)
(82351, 0.16600643)
(82401, 0.16133973)
(82451, 0.17799705)
(82501, 0.16932788)
(82551, 0.16911957)
(82601, 0.16760412)
(82651, 0.17636029)
(82701, 0.16031779)
(82751, 0.17971373)
(82801, 0.15894490)
(82851, 0.18193421)
(82901, 0.17142567)
(82951, 0.16362134)
(83001, 0.16673304)
(83051, 0.16660254)
(83101, 0.16894884)
(83151, 0.16331835)
(83201, 0.17389397)
(83251, 0.16325884)
(83301, 0.17331564)
(83351, 0.16873667)
(83401, 0.18487172)
(83451, 0.17268902)
(83501, 0.16297773)
(83551, 0.17717662)
(83601, 0.17048074)
(83651, 0.16421224)
(83701, 0.15838890)
(83751, 0.17327733)
(83801, 0.19436234)
(83851, 0.16547051)
(83901, 0.16069333)
(83951, 0.16246143)
(84001, 0.17970026)
(84051, 0.17447917)
(84101, 0.16995907)
(84151, 0.16277264)
(84201, 0.15796243)
(84251, 0.16126736)
(84301, 0.15661070)
(84351, 0.16773379)
(84401, 0.17169473)
(84451, 0.16209240)
(84501, 0.16727373)
(84551, 0.16962808)
(84601, 0.15695238)
(84651, 0.19335005)
(84701, 0.16380814)
(84751, 0.15787996)
(84801, 0.16792183)
(84851, 0.15685509)
(84901, 0.16021895)
(84951, 0.15770307)
(85001, 0.18104804)
(85051, 0.18092467)
(85101, 0.17140511)
(85151, 0.16063385)
(85201, 0.17177096)
(85251, 0.16093570)
(85301, 0.15698598)
(85351, 0.17143904)
(85401, 0.17432149)
(85451, 0.18503813)
(85501, 0.17705624)
(85551, 0.16620991)
(85601, 0.17034405)
(85651, 0.18013401)
(85701, 0.15926734)
(85751, 0.16433771)
(85801, 0.16325776)
(85851, 0.17505705)
(85901, 0.16512829)
(85951, 0.17202742)
(86001, 0.18156657)
(86051, 0.16056746)
(86101, 0.16173941)
(86151, 0.15692498)
(86201, 0.15938437)
(86251, 0.16131619)
(86301, 0.17693856)
(86351, 0.16453703)
(86401, 0.15300500)
(86451, 0.16136813)
(86501, 0.15653844)
(86551, 0.19227944)
(86601, 0.14917590)
(86651, 0.18213111)
(86701, 0.17404990)
(86751, 0.19230144)
(86801, 0.17659087)
(86851, 0.16974862)
(86901, 0.16819647)
(86951, 0.16455759)
(87001, 0.18103138)
(87051, 0.19636224)
(87101, 0.19209757)
(87151, 0.17059855)
(87201, 0.17187433)
(87251, 0.16942739)
(87301, 0.15738563)
(87351, 0.15155137)
(87401, 0.16241148)
(87451, 0.17432059)
(87501, 0.16945453)
(87551, 0.17648463)
(87601, 0.17064263)
(87651, 0.17601459)
(87701, 0.17192462)
(87751, 0.16534512)
(87801, 0.17157839)
(87851, 0.15779985)
(87901, 0.17130491)
(87951, 0.16520715)
(88001, 0.16309941)
(88051, 0.18979302)
(88101, 0.16163740)
(88151, 0.17680947)
(88201, 0.17704467)
(88251, 0.15568200)
(88301, 0.17290491)
(88351, 0.16291483)
(88401, 0.16192457)
(88451, 0.15438420)
(88501, 0.16724901)
(88551, 0.16620421)
(88601, 0.16219516)
(88651, 0.15500572)
(88701, 0.14857161)
(88751, 0.16326532)
(88801, 0.16205224)
(88851, 0.16988894)
(88901, 0.17412578)
(88951, 0.16648130)
(89001, 0.17856365)
(89051, 0.16376710)
(89101, 0.16602212)
(89151, 0.16792683)
(89201, 0.18084151)
(89251, 0.16254494)
(89301, 0.16565363)
(89351, 0.15715341)
(89401, 0.15917061)
(89451, 0.17328671)
(89501, 0.16410957)
(89551, 0.17112839)
(89601, 0.15897469)
(89651, 0.20469208)
(89701, 0.17129198)
(89751, 0.16729954)
(89801, 0.15839635)
(89851, 0.15941173)
(89901, 0.16555822)
(89951, 0.17213671)
(90001, 0.16303359)
(90051, 0.20303783)
(90101, 0.16180734)
(90151, 0.16095768)
(90201, 0.15742697)
(90251, 0.17999804)
(90301, 0.15937193)
(90351, 0.15981345)
(90401, 0.16706051)
(90451, 0.17197639)
(90501, 0.17724845)
(90551, 0.18228862)
(90601, 0.15722129)
(90651, 0.15801582)
(90701, 0.15922940)
(90751, 0.17282920)
(90801, 0.15634677)
(90851, 0.16657257)
(90901, 0.17404634)
(90951, 0.15969880)
(91001, 0.18303400)
(91051, 0.17504768)
(91101, 0.16810651)
(91151, 0.16821083)
(91201, 0.17043416)
(91251, 0.16256571)
(91301, 0.15369272)
(91351, 0.19772117)
(91401, 0.15883075)
(91451, 0.17164293)
(91501, 0.15235710)
(91551, 0.16633500)
(91601, 0.16126849)
(91651, 0.16155474)
(91701, 0.17037259)
(91751, 0.15884119)
(91801, 0.16486476)
(91851, 0.17639261)
(91901, 0.15994062)
(91951, 0.14867283)
(92001, 0.16350581)
(92051, 0.16784626)
(92101, 0.16492762)
(92151, 0.16346841)
(92201, 0.16632944)
(92251, 0.16998310)
(92301, 0.17225233)
(92351, 0.18531927)
(92401, 0.16504315)
(92451, 0.16007246)
(92501, 0.20467879)
(92551, 0.14765479)
(92601, 0.17508440)
(92651, 0.15410914)
(92701, 0.15525669)
(92751, 0.17229256)
(92801, 0.15421146)
(92851, 0.15299049)
(92901, 0.16561458)
(92951, 0.15934700)
(93001, 0.16816334)
(93051, 0.15938751)
(93101, 0.15467766)
(93151, 0.14916533)
(93201, 0.17458358)
(93251, 0.17231452)
(93301, 0.18604389)
(93351, 0.17608231)
(93401, 0.16228347)
(93451, 0.16267964)
(93501, 0.16303258)
(93551, 0.17111903)
(93601, 0.16231838)
(93651, 0.15279008)
(93701, 0.16110063)
(93751, 0.16404241)
(93801, 0.16158326)
(93851, 0.15762050)
(93901, 0.15538812)
(93951, 0.14869957)
(94001, 0.16495776)
(94051, 0.16369756)
(94101, 0.16955554)
(94151, 0.17151594)
(94201, 0.16870041)
(94251, 0.17211333)
(94301, 0.16540614)
(94351, 0.15361623)
(94401, 0.16275470)
(94451, 0.15550227)
(94501, 0.16848968)
(94551, 0.17687571)
(94601, 0.17702763)
(94651, 0.16021612)
(94701, 0.18080443)
(94751, 0.15299658)
(94801, 0.16651231)
(94851, 0.17093267)
(94901, 0.17958957)
(94951, 0.15762638)
(95001, 0.17437018)
(95051, 0.17341840)
(95101, 0.16576353)
(95151, 0.16565312)
(95201, 0.16500537)
(95251, 0.19274333)
(95301, 0.15941906)
(95351, 0.18244149)
(95401, 0.16441795)
(95451, 0.16536672)
(95501, 0.16542260)
(95551, 0.15619010)
(95601, 0.15456864)
(95651, 0.16154036)
(95701, 0.15575886)
(95751, 0.16553311)
(95801, 0.15723646)
(95851, 0.16529779)
(95901, 0.17283201)
(95951, 0.17163311)
(96001, 0.16482806)
(96051, 0.17098470)
(96101, 0.16900422)
(96151, 0.17003447)
(96201, 0.16863251)
(96251, 0.17205715)
(96301, 0.16857815)
(96351, 0.18367992)
(96401, 0.16354319)
(96451, 0.16778861)
(96501, 0.15268645)
(96551, 0.16284515)
(96601, 0.15433976)
(96651, 0.16283466)
(96701, 0.16345604)
(96751, 0.15550373)
(96801, 0.15204409)
(96851, 0.15863447)
(96901, 0.16492449)
(96951, 0.16274956)
(97001, 0.15503998)
(97051, 0.18044387)
(97101, 0.17563339)
(97151, 0.15473877)
(97201, 0.15832554)
(97251, 0.16117817)
(97301, 0.16360484)
(97351, 0.17193371)
(97401, 0.15210535)
(97451, 0.15410428)
(97501, 0.15918511)
(97551, 0.16268305)
(97601, 0.15390003)
(97651, 0.16987497)
(97701, 0.17166306)
(97751, 0.17530060)
(97801, 0.16070531)
(97851, 0.16281915)
(97901, 0.15322044)
(97951, 0.15182635)
(98001, 0.15568396)
(98051, 0.15225436)
(98101, 0.15150298)
(98151, 0.16036688)
(98201, 0.16918121)
(98251, 0.16685180)
(98301, 0.15486629)
(98351, 0.17879115)
(98401, 0.17281808)
(98451, 0.15603247)
(98501, 0.17440015)
(98551, 0.16443139)
(98601, 0.15637363)
(98651, 0.17380959)
(98701, 0.16341406)
(98751, 0.16653213)
(98801, 0.18111821)
(98851, 0.15880188)
(98901, 0.18717569)
(98951, 0.17250252)
(99001, 0.16101062)
(99051, 0.15965055)
(99101, 0.15969507)
(99151, 0.16654067)
(99201, 0.16597277)
(99251, 0.17241907)
(99301, 0.15318091)
(99351, 0.15480591)
(99401, 0.17067230)
(99451, 0.16653153)
(99501, 0.15486068)
(99551, 0.16179544)
(99601, 0.15494269)
(99651, 0.14819358)
(99701, 0.18268970)
(99751, 0.15214038)
(99801, 0.16665480)
(99851, 0.15275691)
(99901, 0.16642828)
(99951, 0.16899893)
(100001, 0.16098174)
(100051, 0.15108281)
(100101, 0.19115049)
(100151, 0.15622489)
(100201, 0.15218842)
(100251, 0.16416927)
(100301, 0.15505132)
(100351, 0.15756643)
(100401, 0.16156401)
(100451, 0.14516972)
(100501, 0.15460470)
(100551, 0.16376786)
(100601, 0.15955649)
(100651, 0.16299002)
(100701, 0.15403439)
(100751, 0.15286173)
(100801, 0.16835882)
(100851, 0.16107449)
(100901, 0.14998350)
(100951, 0.17119519)
(101001, 0.17570336)
(101051, 0.15554234)
(101101, 0.15234885)
(101151, 0.16322763)
(101201, 0.16604640)
(101251, 0.14269181)
(101301, 0.15056774)
(101351, 0.17540888)
(101401, 0.15098169)
(101451, 0.15831260)
(101501, 0.15313700)
(101551, 0.15802646)
(101601, 0.20991524)
(101651, 0.17944430)
(101701, 0.15702304)
(101751, 0.18462831)
(101801, 0.16699409)
(101851, 0.15893881)
(101901, 0.17284225)
(101951, 0.16378371)
(102001, 0.15408611)
(102051, 0.16786999)
(102101, 0.16081202)
(102151, 0.17315450)
(102201, 0.15264958)
(102251, 0.16085701)
(102301, 0.16137455)
(102351, 0.15550293)
(102401, 0.15862188)
(102451, 0.18140388)
(102501, 0.15367946)
(102551, 0.15064767)
(102601, 0.14363438)
(102651, 0.15651946)
(102701, 0.15679796)
(102751, 0.15762870)
(102801, 0.15679833)
(102851, 0.17178829)
(102901, 0.16548170)
(102951, 0.15549384)
(103001, 0.16003974)
(103051, 0.16894726)
(103101, 0.14912377)
(103151, 0.14740849)
(103201, 0.17024165)
(103251, 0.15228355)
(103301, 0.18621361)
(103351, 0.15839532)
(103401, 0.15670604)
(103451, 0.15426713)
(103501, 0.15509117)
(103551, 0.14597724)
(103601, 0.15189476)
(103651, 0.14970282)
(103701, 0.18626121)
(103751, 0.16778398)
(103801, 0.14761506)
(103851, 0.16226260)
(103901, 0.15580669)
(103951, 0.16423967)
(104001, 0.18048476)
(104051, 0.17285369)
(104101, 0.15362336)
(104151, 0.18016472)
(104201, 0.15746072)
(104251, 0.16325572)
(104301, 0.16245265)
(104351, 0.15280479)
(104401, 0.16069065)
(104451, 0.16169912)
(104501, 0.16134997)
(104551, 0.15600064)
(104601, 0.19044240)
(104651, 0.16048048)
(104701, 0.19171102)
(104751, 0.15092741)
(104801, 0.15858003)
(104851, 0.15630557)
(104901, 0.15957078)
(104951, 0.15178140)
(105001, 0.15655655)
(105051, 0.15586871)
(105101, 0.16063559)
(105151, 0.16375442)
(105201, 0.15726802)
(105251, 0.16326447)
(105301, 0.15430805)
(105351, 0.16080010)
(105401, 0.15516195)
(105451, 0.16249681)
(105501, 0.15378618)
(105551, 0.15265590)
(105601, 0.16621897)
(105651, 0.15357177)
(105701, 0.16324423)
(105751, 0.18045783)
(105801, 0.16170779)
(105851, 0.15086010)
(105901, 0.16040885)
(105951, 0.15781742)
(106001, 0.15311106)
(106051, 0.16311777)
(106101, 0.14684217)
(106151, 0.14536339)
(106201, 0.15534890)
(106251, 0.15569484)
(106301, 0.15812054)
(106351, 0.15416272)
(106401, 0.13962647)
(106451, 0.16692057)
(106501, 0.16240029)
(106551, 0.18092377)
(106601, 0.17169268)
(106651, 0.15846446)
(106701, 0.16753693)
(106751, 0.17042156)
(106801, 0.17537537)
(106851, 0.15080538)
(106901, 0.16662313)
(106951, 0.16025248)
(107001, 0.17765573)
(107051, 0.17832568)
(107101, 0.16529942)
(107151, 0.15768971)
(107201, 0.15403597)
(107251, 0.15270749)
(107301, 0.14931804)
(107351, 0.15703292)
(107401, 0.14770210)
(107451, 0.16455582)
(107501, 0.16654825)
(107551, 0.15771405)
(107601, 0.16841562)
(107651, 0.15266779)
(107701, 0.16073278)
(107751, 0.17777288)
(107801, 0.15213382)
(107851, 0.15928125)
(107901, 0.15491995)
(107951, 0.17473717)
(108001, 0.16125606)
(108051, 0.15266486)
(108101, 0.16720700)
(108151, 0.15743163)
(108201, 0.17705150)
(108251, 0.15115538)
(108301, 0.16661005)
(108351, 0.16063762)
(108401, 0.17107065)
(108451, 0.15674345)
(108501, 0.15287638)
(108551, 0.14948525)
(108601, 0.16301242)
(108651, 0.14952134)
(108701, 0.15743113)
(108751, 0.14849795)
(108801, 0.15392865)
(108851, 0.16469686)
(108901, 0.15803826)
(108951, 0.18153536)
(109001, 0.16423348)
(109051, 0.18429221)
(109101, 0.15675738)
(109151, 0.16298150)
(109201, 0.15543930)
(109251, 0.15414448)
(109301, 0.15931424)
(109351, 0.17905423)
(109401, 0.14761385)
(109451, 0.16907345)
(109501, 0.17514406)
(109551, 0.15510450)
(109601, 0.15208916)
(109651, 0.18117766)
(109701, 0.15203653)
(109751, 0.14912747)
(109801, 0.15200670)
(109851, 0.16708998)
(109901, 0.16213688)
(109951, 0.15462777)
(110001, 0.16320203)
(110051, 0.17342478)
(110101, 0.16857849)
(110151, 0.17550306)
(110201, 0.14597385)
(110251, 0.16070260)
(110301, 0.15078977)
(110351, 0.19283290)
(110401, 0.16291153)
(110451, 0.14852116)
(110501, 0.16533479)
(110551, 0.16411969)
(110601, 0.14667070)
(110651, 0.16884358)
(110701, 0.17800084)
(110751, 0.16518049)
(110801, 0.15633614)
(110851, 0.14678109)
(110901, 0.15015009)
(110951, 0.16088732)
(111001, 0.15188298)
(111051, 0.16135889)
(111101, 0.16718479)
(111151, 0.17150822)
(111201, 0.14724135)
(111251, 0.15273799)
(111301, 0.17047572)
(111351, 0.15701094)
(111401, 0.15121762)
(111451, 0.15740278)
(111501, 0.15047155)
(111551, 0.14632885)
(111601, 0.17103058)
(111651, 0.15711680)
(111701, 0.15626673)
(111751, 0.15970728)
(111801, 0.16992489)
(111851, 0.16672006)
(111901, 0.15483868)
(111951, 0.15910140)
(112001, 0.16563231)
(112051, 0.15689142)
(112101, 0.17867799)
(112151, 0.15938276)
(112201, 0.15014359)
(112251, 0.17749359)
(112301, 0.15316465)
(112351, 0.15727066)
(112401, 0.15666725)
(112451, 0.15311612)
(112501, 0.16514485)
(112551, 0.15681574)
(112601, 0.14700110)
(112651, 0.17134582)
(112701, 0.15338475)
(112751, 0.15467675)
(112801, 0.16705327)
(112851, 0.14534798)
(112901, 0.15835892)
(112951, 0.16141154)
(113001, 0.15607741)
(113051, 0.15893418)
(113101, 0.14550237)
(113151, 0.14901416)
(113201, 0.15980786)
(113251, 0.16575418)
(113301, 0.15560396)
(113351, 0.14667523)
(113401, 0.18367013)
(113451, 0.16480416)
(113501, 0.14612876)
(113551, 0.18486732)
(113601, 0.17852199)
(113651, 0.16879167)
(113701, 0.14205010)
(113751, 0.15047556)
(113801, 0.14860263)
(113851, 0.20762229)
(113901, 0.14821769)
(113951, 0.14961186)
(114001, 0.16912279)
(114051, 0.15857813)
(114101, 0.15339124)
(114151, 0.17189638)
(114201, 0.16360448)
(114251, 0.16883834)
(114301, 0.14545569)
(114351, 0.15509076)
(114401, 0.16236369)
(114451, 0.16386189)
(114501, 0.15531479)
(114551, 0.14681000)
(114601, 0.16091287)
(114651, 0.14533548)
(114701, 0.14954151)
(114751, 0.17509113)
(114801, 0.14420184)
(114851, 0.15799840)
(114901, 0.16514352)
(114951, 0.14578229)
(115001, 0.15660596)
(115051, 0.14789286)
(115101, 0.17554927)
(115151, 0.14461009)
(115201, 0.14704290)
(115251, 0.16131233)
(115301, 0.15363266)
(115351, 0.14721458)
(115401, 0.16219343)
(115451, 0.15728194)
(115501, 0.15582515)
(115551, 0.15542355)
(115601, 0.14971046)
(115651, 0.13895704)
(115701, 0.15590283)
(115751, 0.15944748)
(115801, 0.15130621)
(115851, 0.14811589)
(115901, 0.16523404)
(115951, 0.14798076)
(116001, 0.15432434)
(116051, 0.14994724)
(116101, 0.15530060)
(116151, 0.14448930)
(116201, 0.15311995)
(116251, 0.16294381)
(116301, 0.15972787)
(116351, 0.14713143)
(116401, 0.15002730)
(116451, 0.16246969)
(116501, 0.15247113)
(116551, 0.14741543)
(116601, 0.15066785)
(116651, 0.17448555)
(116701, 0.15550593)
(116751, 0.15015747)
(116801, 0.15246531)
(116851, 0.15243939)
(116901, 0.15767609)
(116951, 0.14507116)
(117001, 0.15212527)
(117051, 0.15360007)
(117101, 0.15341164)
(117151, 0.17684862)
(117201, 0.15102674)
(117251, 0.15451522)
(117301, 0.14558928)
(117351, 0.14887729)
(117401, 0.15223208)
(117451, 0.14908941)
(117501, 0.14725278)
(117551, 0.16664350)
(117601, 0.17620361)
(117651, 0.16407593)
(117701, 0.15304683)
(117751, 0.14934081)
(117801, 0.14299595)
(117851, 0.15282732)
(117901, 0.15261827)
(117951, 0.15076347)
(118001, 0.15520345)
(118051, 0.15039648)
(118101, 0.16874610)
(118151, 0.15053581)
(118201, 0.14620098)
(118251, 0.15809943)
(118301, 0.16979869)
(118351, 0.15909974)
(118401, 0.15459922)
(118451, 0.16236690)
(118501, 0.16722754)
(118551, 0.14887354)
(118601, 0.14913754)
(118651, 0.15186071)
(118701, 0.15104453)
(118751, 0.15272470)
(118801, 0.14384542)
(118851, 0.15015347)
(118901, 0.14434519)
(118951, 0.15623319)
(119001, 0.15336116)
(119051, 0.15883382)
(119101, 0.15766457)
(119151, 0.17466050)
(119201, 0.16473438)
(119251, 0.17037548)
(119301, 0.18356656)
(119351, 0.14638843)
(119401, 0.15348458)
(119451, 0.13878201)
(119501, 0.17186682)
(119551, 0.14143184)
(119601, 0.14708760)
(119651, 0.15583712)
(119701, 0.16561157)
(119751, 0.14934182)
(119801, 0.14790067)
(119851, 0.15855104)
(119901, 0.14976181)
(119951, 0.14348115)
(120001, 0.16272536)
(120051, 0.14970109)
(120101, 0.14413618)
(120151, 0.17017300)
(120201, 0.16885632)
(120251, 0.16514356)
(120301, 0.15111479)
(120351, 0.15498447)
(120401, 0.16327956)
(120451, 0.15098453)
(120501, 0.15829474)
(120551, 0.15348268)
(120601, 0.18097618)
(120651, 0.16609560)
(120701, 0.15612501)
(120751, 0.15914741)
(120801, 0.16871715)
(120851, 0.18485053)
(120901, 0.14953773)
(120951, 0.15612040)
(121001, 0.17388171)
(121051, 0.16379346)
(121101, 0.14871146)
(121151, 0.16436315)
(121201, 0.14168897)
(121251, 0.16422799)
(121301, 0.14991711)
(121351, 0.15094876)
(121401, 0.16820872)
(121451, 0.16245893)
(121501, 0.17153558)
(121551, 0.16280065)
(121601, 0.14176342)
(121651, 0.15697457)
(121701, 0.15310213)
(121751, 0.14870548)
(121801, 0.16142246)
(121851, 0.16065474)
(121901, 0.20224960)
(121951, 0.16299029)
(122001, 0.16012853)
(122051, 0.14330132)
(122101, 0.15477437)
(122151, 0.15481381)
(122201, 0.15239982)
(122251, 0.15630230)
(122301, 0.14801462)
(122351, 0.17593659)
(122401, 0.15560378)
(122451, 0.14258942)
(122501, 0.15447909)
(122551, 0.15473664)
(122601, 0.16118494)
(122651, 0.15840663)
(122701, 0.16069077)
(122751, 0.15673809)
(122801, 0.16357939)
(122851, 0.17039804)
(122901, 0.17701375)
(122951, 0.14664693)
(123001, 0.15733083)
(123051, 0.15174370)
(123101, 0.15454823)
(123151, 0.16733827)
(123201, 0.15394548)
(123251, 0.15952884)
(123301, 0.16300690)
(123351, 0.15412278)
(123401, 0.14628693)
(123451, 0.18280721)
(123501, 0.15009740)
(123551, 0.14612605)
(123601, 0.15971611)
(123651, 0.14180090)
(123701, 0.16241063)
(123751, 0.13954379)
(123801, 0.15424642)
(123851, 0.16871004)
(123901, 0.16200100)
(123951, 0.16191451)
(124001, 0.14948925)
(124051, 0.15166812)
(124101, 0.14191040)
(124151, 0.15466835)
(124201, 0.15300295)
(124251, 0.14197856)
(124301, 0.15577984)
(124351, 0.16114989)
(124401, 0.14971198)
(124451, 0.16139197)
(124501, 0.15060465)
(124551, 0.15350688)
(124601, 0.14855118)
(124651, 0.17606848)
(124701, 0.14729339)
(124751, 0.15060475)
(124801, 0.15029824)
(124851, 0.14848334)
(124901, 0.15044039)
(124951, 0.14695632)
