(1, 0.00712424)
(51, 0.01900470)
(101, 0.01758336)
(151, 0.02078155)
(201, 0.02303188)
(251, 0.02689466)
(301, 0.02814240)
(351, 0.03144700)
(401, 0.03021672)
(451, 0.03362401)
(501, 0.03411582)
(551, 0.03606127)
(601, 0.03665053)
(651, 0.03640417)
(701, 0.03808539)
(751, 0.03873592)
(801, 0.03868105)
(851, 0.04002668)
(901, 0.04044584)
(951, 0.04051181)
(1001, 0.04008336)
(1051, 0.04208796)
(1101, 0.04264513)
(1151, 0.04176799)
(1201, 0.04409647)
(1251, 0.04341565)
(1301, 0.04473836)
(1351, 0.04399895)
(1401, 0.04466192)
(1451, 0.04547457)
(1501, 0.04434897)
(1551, 0.04574152)
(1601, 0.04578127)
(1651, 0.04151951)
(1701, 0.04687756)
(1751, 0.04550599)
(1801, 0.04438370)
(1851, 0.04652180)
(1901, 0.04475692)
(1951, 0.04410071)
(2001, 0.04669184)
(2051, 0.04618667)
(2101, 0.04604421)
(2151, 0.04578689)
(2201, 0.04426698)
(2251, 0.04456719)
(2301, 0.04377025)
(2351, 0.04519102)
(2401, 0.04472834)
(2451, 0.04342646)
(2501, 0.04464746)
(2551, 0.04437158)
(2601, 0.04491103)
(2651, 0.04283001)
(2701, 0.04445597)
(2751, 0.04464851)
(2801, 0.04464512)
(2851, 0.04562468)
(2901, 0.04433464)
(2951, 0.04454676)
(3001, 0.04325965)
(3051, 0.04521873)
(3101, 0.04485151)
(3151, 0.04442517)
(3201, 0.04577500)
(3251, 0.04203241)
(3301, 0.04375681)
(3351, 0.04315876)
(3401, 0.04455595)
(3451, 0.04350447)
(3501, 0.04393220)
(3551, 0.04333032)
(3601, 0.04245417)
(3651, 0.04331296)
(3701, 0.04391027)
(3751, 0.04478938)
(3801, 0.04401402)
(3851, 0.04339775)
(3901, 0.04245263)
(3951, 0.04400177)
(4001, 0.04296531)
(4051, 0.04178541)
(4101, 0.04312709)
(4151, 0.04296138)
(4201, 0.04201292)
(4251, 0.04164600)
(4301, 0.04279073)
(4351, 0.04204782)
(4401, 0.04281123)
(4451, 0.04240689)
(4501, 0.04241596)
(4551, 0.04202033)
(4601, 0.04014576)
(4651, 0.04343227)
(4701, 0.04286218)
(4751, 0.04141108)
(4801, 0.04088274)
(4851, 0.04100117)
(4901, 0.04099083)
(4951, 0.04207618)
(5001, 0.04160386)
(5051, 0.04060167)
(5101, 0.04209261)
(5151, 0.04122007)
(5201, 0.04173857)
(5251, 0.04200500)
(5301, 0.04074863)
(5351, 0.04241847)
(5401, 0.04063316)
(5451, 0.04284913)
(5501, 0.04240130)
(5551, 0.04067045)
(5601, 0.04019267)
(5651, 0.04219130)
(5701, 0.03937446)
(5751, 0.04036687)
(5801, 0.04022164)
(5851, 0.04139582)
(5901, 0.04219932)
(5951, 0.04086043)
(6001, 0.04084142)
(6051, 0.03858102)
(6101, 0.04173543)
(6151, 0.04102178)
(6201, 0.04205286)
(6251, 0.04013535)
(6301, 0.04048190)
(6351, 0.04014194)
(6401, 0.04149130)
(6451, 0.03975086)
(6501, 0.03947831)
(6551, 0.03964669)
(6601, 0.04099038)
(6651, 0.04047219)
(6701, 0.04066408)
(6751, 0.03947639)
(6801, 0.03877735)
(6851, 0.04027018)
(6901, 0.03970597)
(6951, 0.03877328)
(7001, 0.03902456)
(7051, 0.03998877)
(7101, 0.03975428)
(7151, 0.04017814)
(7201, 0.03995459)
(7251, 0.03892941)
(7301, 0.04042080)
(7351, 0.03943679)
(7401, 0.03982805)
(7451, 0.03987979)
(7501, 0.03816802)
(7551, 0.03904638)
(7601, 0.03820685)
(7651, 0.03946437)
(7701, 0.03953312)
(7751, 0.03924876)
(7801, 0.04046761)
(7851, 0.03915233)
(7901, 0.03688809)
(7951, 0.03981087)
(8001, 0.03895062)
(8051, 0.03907369)
(8101, 0.03882333)
(8151, 0.03923286)
(8201, 0.03932644)
(8251, 0.03875142)
(8301, 0.03816210)
(8351, 0.03839181)
(8401, 0.03959120)
(8451, 0.03917971)
(8501, 0.03843506)
(8551, 0.03895032)
(8601, 0.03899758)
(8651, 0.03838636)
(8701, 0.03849772)
(8751, 0.03777955)
(8801, 0.03922058)
(8851, 0.03770037)
(8901, 0.03764700)
(8951, 0.03923289)
(9001, 0.03666864)
(9051, 0.03802060)
(9101, 0.03834704)
(9151, 0.03764511)
(9201, 0.03780715)
(9251, 0.03870690)
(9301, 0.03807551)
(9351, 0.03782956)
(9401, 0.03748263)
(9451, 0.03843371)
(9501, 0.03795722)
(9551, 0.03755482)
(9601, 0.03813148)
(9651, 0.03641876)
(9701, 0.03883824)
(9751, 0.03813947)
(9801, 0.03678264)
(9851, 0.03634922)
(9901, 0.03730283)
(9951, 0.03744414)
(10001, 0.03775443)
(10051, 0.03715501)
(10101, 0.03680861)
(10151, 0.03712993)
(10201, 0.03790865)
(10251, 0.03854966)
(10301, 0.03762000)
(10351, 0.03769876)
(10401, 0.03652742)
(10451, 0.03627640)
(10501, 0.03622944)
(10551, 0.03673296)
(10601, 0.03732160)
(10651, 0.03704827)
(10701, 0.03547743)
(10751, 0.03730168)
(10801, 0.03601065)
(10851, 0.03723055)
(10901, 0.03704483)
(10951, 0.03670486)
(11001, 0.03613120)
(11051, 0.03613484)
(11101, 0.03717742)
(11151, 0.03629787)
(11201, 0.03637321)
(11251, 0.03496897)
(11301, 0.03677717)
(11351, 0.03697944)
(11401, 0.03758132)
(11451, 0.03730862)
(11501, 0.03694655)
(11551, 0.03740645)
(11601, 0.03686493)
(11651, 0.03653041)
(11701, 0.03574352)
(11751, 0.03704570)
(11801, 0.03646618)
(11851, 0.03590077)
(11901, 0.03558722)
(11951, 0.03572582)
(12001, 0.03659214)
(12051, 0.03705565)
(12101, 0.03720584)
(12151, 0.03795539)
(12201, 0.03641727)
(12251, 0.03720491)
(12301, 0.03648492)
(12351, 0.03637983)
(12401, 0.03540624)
(12451, 0.03539841)
(12501, 0.03643649)
(12551, 0.03660976)
(12601, 0.03500016)
(12651, 0.03636118)
(12701, 0.03558674)
(12751, 0.03569113)
(12801, 0.03531033)
(12851, 0.03667721)
(12901, 0.03597832)
(12951, 0.03474883)
(13001, 0.03509947)
(13051, 0.03642823)
(13101, 0.03502781)
(13151, 0.03648943)
(13201, 0.03527163)
(13251, 0.03538937)
(13301, 0.03590259)
(13351, 0.03606424)
(13401, 0.03568755)
(13451, 0.03488979)
(13501, 0.03516940)
(13551, 0.03489877)
(13601, 0.03580752)
(13651, 0.03508591)
(13701, 0.03621384)
(13751, 0.03527617)
(13801, 0.03523965)
(13851, 0.03460639)
(13901, 0.03506533)
(13951, 0.03538917)
(14001, 0.03558722)
(14051, 0.03625536)
(14101, 0.03512764)
(14151, 0.03469625)
(14201, 0.03512512)
(14251, 0.03416117)
(14301, 0.03471760)
(14351, 0.03512547)
(14401, 0.03597540)
(14451, 0.03539230)
(14501, 0.03490493)
(14551, 0.03490433)
(14601, 0.03479831)
(14651, 0.03608034)
(14701, 0.03450848)
(14751, 0.03670166)
(14801, 0.03501868)
(14851, 0.03519911)
(14901, 0.03478776)
(14951, 0.03500685)
(15001, 0.03554128)
(15051, 0.03540574)
(15101, 0.03509856)
(15151, 0.03470119)
(15201, 0.03589084)
(15251, 0.03479245)
(15301, 0.03537752)
(15351, 0.03471965)
(15401, 0.03531858)
(15451, 0.03545893)
(15501, 0.03500626)
(15551, 0.03406847)
(15601, 0.03539524)
(15651, 0.03562418)
(15701, 0.03499030)
(15751, 0.03570915)
(15801, 0.03476975)
(15851, 0.03422139)
(15901, 0.03534313)
(15951, 0.03448752)
(16001, 0.03452255)
(16051, 0.03504072)
(16101, 0.03564999)
(16151, 0.03516739)
(16201, 0.03538860)
(16251, 0.03488112)
(16301, 0.03486849)
(16351, 0.03452343)
(16401, 0.03531682)
(16451, 0.03449409)
(16501, 0.03481660)
(16551, 0.03595264)
(16601, 0.03521663)
(16651, 0.03443811)
(16701, 0.03503821)
(16751, 0.03445102)
(16801, 0.03518089)
(16851, 0.03506410)
(16901, 0.03480760)
(16951, 0.03394251)
(17001, 0.03459046)
(17051, 0.03409374)
(17101, 0.03393825)
(17151, 0.03445158)
(17201, 0.03409021)
(17251, 0.03381239)
(17301, 0.03390880)
(17351, 0.03515423)
(17401, 0.03565438)
(17451, 0.03501085)
(17501, 0.03559202)
(17551, 0.03373884)
(17601, 0.03493738)
(17651, 0.03424322)
(17701, 0.03431205)
(17751, 0.03467073)
(17801, 0.03366051)
(17851, 0.03430867)
(17901, 0.03479974)
(17951, 0.03323984)
(18001, 0.03353459)
(18051, 0.03505339)
(18101, 0.03399894)
(18151, 0.03384554)
(18201, 0.03418648)
(18251, 0.03407575)
(18301, 0.03464914)
(18351, 0.03415548)
(18401, 0.03532730)
(18451, 0.03439287)
(18501, 0.03426369)
(18551, 0.03418775)
(18601, 0.03430632)
(18651, 0.03410144)
(18701, 0.03402131)
(18751, 0.03474124)
(18801, 0.03451498)
(18851, 0.03493509)
(18901, 0.03395765)
(18951, 0.03457105)
(19001, 0.03337313)
(19051, 0.03422409)
(19101, 0.03466916)
(19151, 0.03488807)
(19201, 0.03426157)
(19251, 0.03489874)
(19301, 0.03378201)
(19351, 0.03434418)
(19401, 0.03370171)
(19451, 0.03428037)
(19501, 0.03393568)
(19551, 0.03430925)
(19601, 0.03351519)
(19651, 0.03318171)
(19701, 0.03524929)
(19751, 0.03369011)
(19801, 0.03352463)
(19851, 0.03370210)
(19901, 0.03349816)
(19951, 0.03419067)
(20001, 0.03401844)
(20051, 0.03483024)
(20101, 0.03409969)
(20151, 0.03323976)
(20201, 0.03462134)
(20251, 0.03398043)
(20301, 0.03323239)
(20351, 0.03425668)
(20401, 0.03388716)
(20451, 0.03433149)
(20501, 0.03362854)
(20551, 0.03307919)
(20601, 0.03431762)
(20651, 0.03383470)
(20701, 0.03421232)
(20751, 0.03397917)
(20801, 0.03392129)
(20851, 0.03272241)
(20901, 0.03375689)
(20951, 0.03319013)
(21001, 0.03346808)
(21051, 0.03297682)
(21101, 0.03298565)
(21151, 0.03418700)
(21201, 0.03367943)
(21251, 0.03409698)
(21301, 0.03370705)
(21351, 0.03312632)
(21401, 0.03326912)
(21451, 0.03295621)
(21501, 0.03413388)
(21551, 0.03271994)
(21601, 0.03309605)
(21651, 0.03345942)
(21701, 0.03331017)
(21751, 0.03279879)
(21801, 0.03374484)
(21851, 0.03338485)
(21901, 0.03302823)
(21951, 0.03379548)
(22001, 0.03321832)
(22051, 0.03452904)
(22101, 0.03355460)
(22151, 0.03319552)
(22201, 0.03445730)
(22251, 0.03352831)
(22301, 0.03350506)
(22351, 0.03307705)
(22401, 0.03381402)
(22451, 0.03379477)
(22501, 0.03293907)
(22551, 0.03247580)
(22601, 0.03391060)
(22651, 0.03335743)
(22701, 0.03372487)
(22751, 0.03318998)
(22801, 0.03348332)
(22851, 0.03289620)
(22901, 0.03329811)
(22951, 0.03229735)
(23001, 0.03357906)
(23051, 0.03338645)
(23101, 0.03309280)
(23151, 0.03406412)
(23201, 0.03327330)
(23251, 0.03327382)
(23301, 0.03301600)
(23351, 0.03330607)
(23401, 0.03299572)
(23451, 0.03329230)
(23501, 0.03402090)
(23551, 0.03393250)
(23601, 0.03312983)
(23651, 0.03416263)
(23701, 0.03349356)
(23751, 0.03331731)
(23801, 0.03319383)
(23851, 0.03339811)
(23901, 0.03233608)
(23951, 0.03367826)
(24001, 0.03243916)
(24051, 0.03407306)
(24101, 0.03344464)
(24151, 0.03337550)
(24201, 0.03320236)
(24251, 0.03342784)
(24301, 0.03382850)
(24351, 0.03363134)
(24401, 0.03392522)
(24451, 0.03334519)
(24501, 0.03310519)
(24551, 0.03310956)
(24601, 0.03301752)
(24651, 0.03338413)
(24701, 0.03357095)
(24751, 0.03258106)
(24801, 0.03311319)
(24851, 0.03353810)
(24901, 0.03352358)
(24951, 0.03265344)
(25001, 0.03388238)
(25051, 0.03316479)
(25101, 0.03289425)
(25151, 0.03311116)
(25201, 0.03235380)
(25251, 0.03251892)
(25301, 0.03403406)
(25351, 0.03302375)
(25401, 0.03363302)
(25451, 0.03290655)
(25501, 0.03388331)
(25551, 0.03296492)
(25601, 0.03277509)
(25651, 0.03333857)
(25701, 0.03290190)
(25751, 0.03286077)
(25801, 0.03314640)
(25851, 0.03254769)
(25901, 0.03260439)
(25951, 0.03258703)
(26001, 0.03333373)
(26051, 0.03325401)
(26101, 0.03286722)
(26151, 0.03292622)
(26201, 0.03292978)
(26251, 0.03438863)
(26301, 0.03253724)
(26351, 0.03250551)
(26401, 0.03271006)
(26451, 0.03340073)
(26501, 0.03304574)
(26551, 0.03253030)
(26601, 0.03239276)
(26651, 0.03242137)
(26701, 0.03275135)
(26751, 0.03252315)
(26801, 0.03263398)
(26851, 0.03264796)
(26901, 0.03309147)
(26951, 0.03350659)
(27001, 0.03268946)
(27051, 0.03317126)
(27101, 0.03183165)
(27151, 0.03230101)
(27201, 0.03272180)
(27251, 0.03383326)
(27301, 0.03197914)
(27351, 0.03330731)
(27401, 0.03291899)
(27451, 0.03275100)
(27501, 0.03251088)
(27551, 0.03250922)
(27601, 0.03341229)
(27651, 0.03294721)
(27701, 0.03306586)
(27751, 0.03343622)
(27801, 0.03210894)
(27851, 0.03307223)
(27901, 0.03266240)
(27951, 0.03252035)
(28001, 0.03299559)
(28051, 0.03264980)
(28101, 0.03259142)
(28151, 0.03214609)
(28201, 0.03304429)
(28251, 0.03266056)
(28301, 0.03317094)
(28351, 0.03261349)
(28401, 0.03284214)
(28451, 0.03204027)
(28501, 0.03279448)
(28551, 0.03247209)
(28601, 0.03298094)
(28651, 0.03277664)
(28701, 0.03214481)
(28751, 0.03226557)
(28801, 0.03212853)
(28851, 0.03296766)
(28901, 0.03204643)
(28951, 0.03266031)
(29001, 0.03209831)
(29051, 0.03254515)
(29101, 0.03294814)
(29151, 0.03251461)
(29201, 0.03206871)
(29251, 0.03308155)
(29301, 0.03266175)
(29351, 0.03346111)
(29401, 0.03188438)
(29451, 0.03295434)
(29501, 0.03237973)
(29551, 0.03254422)
(29601, 0.03215988)
(29651, 0.03269666)
(29701, 0.03293288)
(29751, 0.03279934)
(29801, 0.03262448)
(29851, 0.03281746)
(29901, 0.03249129)
(29951, 0.03260657)
(30001, 0.03269029)
(30051, 0.03214218)
(30101, 0.03230179)
(30151, 0.03248723)
(30201, 0.03304120)
(30251, 0.03262323)
(30301, 0.03235449)
(30351, 0.03259685)
(30401, 0.03241969)
(30451, 0.03249363)
(30501, 0.03212376)
(30551, 0.03240552)
(30601, 0.03264688)
(30651, 0.03173478)
(30701, 0.03260865)
(30751, 0.03263241)
(30801, 0.03214524)
(30851, 0.03271496)
(30901, 0.03262937)
(30951, 0.03195861)
(31001, 0.03250783)
(31051, 0.03169576)
(31101, 0.03204372)
(31151, 0.03256599)
(31201, 0.03229661)
(31251, 0.03196658)
(31301, 0.03174158)
(31351, 0.03203871)
(31401, 0.03149366)
(31451, 0.03336779)
(31501, 0.03253518)
(31551, 0.03161181)
(31601, 0.03309960)
(31651, 0.03205535)
(31701, 0.03314147)
(31751, 0.03235374)
(31801, 0.03267756)
(31851, 0.03211021)
(31901, 0.03255161)
(31951, 0.03237854)
(32001, 0.03231672)
(32051, 0.03200606)
(32101, 0.03230864)
(32151, 0.03240983)
(32201, 0.03287511)
(32251, 0.03241331)
(32301, 0.03155397)
(32351, 0.03247863)
(32401, 0.03247355)
(32451, 0.03184524)
(32501, 0.03287560)
(32551, 0.03159006)
(32601, 0.03210458)
(32651, 0.03210727)
(32701, 0.03245871)
(32751, 0.03229437)
(32801, 0.03181734)
(32851, 0.03318439)
(32901, 0.03279124)
(32951, 0.03261322)
(33001, 0.03166948)
(33051, 0.03195563)
(33101, 0.03091127)
(33151, 0.03226039)
(33201, 0.03262088)
(33251, 0.03264079)
(33301, 0.03231912)
(33351, 0.03194273)
(33401, 0.03226697)
(33451, 0.03304432)
(33501, 0.03282438)
(33551, 0.03210532)
(33601, 0.03222692)
(33651, 0.03204295)
(33701, 0.03142282)
(33751, 0.03190614)
(33801, 0.03221302)
(33851, 0.03214206)
(33901, 0.03207528)
(33951, 0.03220269)
(34001, 0.03230630)
(34051, 0.03257326)
(34101, 0.03186658)
(34151, 0.03237008)
(34201, 0.03212241)
(34251, 0.03208755)
(34301, 0.03184821)
(34351, 0.03185063)
(34401, 0.03240786)
(34451, 0.03221443)
(34501, 0.03304954)
(34551, 0.03216982)
(34601, 0.03239996)
(34651, 0.03277436)
(34701, 0.03243801)
(34751, 0.03245695)
(34801, 0.03237712)
(34851, 0.03227028)
(34901, 0.03165035)
(34951, 0.03217873)
(35001, 0.03202736)
(35051, 0.03237862)
(35101, 0.03160246)
(35151, 0.03282322)
(35201, 0.03243116)
(35251, 0.03227973)
(35301, 0.03191420)
(35351, 0.03224816)
(35401, 0.03287697)
(35451, 0.03203708)
(35501, 0.03116699)
(35551, 0.03214123)
(35601, 0.03175785)
(35651, 0.03179502)
(35701, 0.03195666)
(35751, 0.03183766)
(35801, 0.03214809)
(35851, 0.03236427)
(35901, 0.03222509)
(35951, 0.03244546)
(36001, 0.03209403)
(36051, 0.03241758)
(36101, 0.03185267)
(36151, 0.03206996)
(36201, 0.03242113)
(36251, 0.03168482)
(36301, 0.03195859)
(36351, 0.03227617)
(36401, 0.03291438)
(36451, 0.03191092)
(36501, 0.03236789)
(36551, 0.03187105)
(36601, 0.03195039)
(36651, 0.03233675)
(36701, 0.03209529)
(36751, 0.03196772)
(36801, 0.03252893)
(36851, 0.03236150)
(36901, 0.03225289)
(36951, 0.03193734)
(37001, 0.03320273)
(37051, 0.03150886)
(37101, 0.03174909)
(37151, 0.03217343)
(37201, 0.03155271)
(37251, 0.03210526)
(37301, 0.03172060)
(37351, 0.03136857)
(37401, 0.03174523)
(37451, 0.03197994)
(37501, 0.03162725)
(37551, 0.03181675)
(37601, 0.03208617)
(37651, 0.03232058)
(37701, 0.03252603)
(37751, 0.03193700)
(37801, 0.03260172)
(37851, 0.03239603)
(37901, 0.03218697)
(37951, 0.03195775)
(38001, 0.03126931)
(38051, 0.03177230)
(38101, 0.03259089)
(38151, 0.03207894)
(38201, 0.03180263)
(38251, 0.03146343)
(38301, 0.03283711)
(38351, 0.03278612)
(38401, 0.03207748)
(38451, 0.03126611)
(38501, 0.03193931)
(38551, 0.03251449)
(38601, 0.03174877)
(38651, 0.03260891)
(38701, 0.03268652)
(38751, 0.03227803)
(38801, 0.03247927)
(38851, 0.03177536)
(38901, 0.03193911)
(38951, 0.03176065)
(39001, 0.03177227)
(39051, 0.03217553)
(39101, 0.03184548)
(39151, 0.03151166)
(39201, 0.03213266)
(39251, 0.03141059)
(39301, 0.03192323)
(39351, 0.03154771)
(39401, 0.03183345)
(39451, 0.03192140)
(39501, 0.03207037)
(39551, 0.03204888)
(39601, 0.03182127)
(39651, 0.03167626)
(39701, 0.03187589)
(39751, 0.03204506)
(39801, 0.03153856)
(39851, 0.03206941)
(39901, 0.03107376)
(39951, 0.03239029)
(40001, 0.03203870)
(40051, 0.03190251)
(40101, 0.03227129)
(40151, 0.03197636)
(40201, 0.03157072)
(40251, 0.03201694)
(40301, 0.03204892)
(40351, 0.03193888)
(40401, 0.03168865)
(40451, 0.03203680)
(40501, 0.03201786)
(40551, 0.03208036)
(40601, 0.03183228)
(40651, 0.03147773)
(40701, 0.03218257)
(40751, 0.03224095)
(40801, 0.03261096)
(40851, 0.03233340)
(40901, 0.03199479)
(40951, 0.03222348)
(41001, 0.03191553)
(41051, 0.03129955)
(41101, 0.03264958)
(41151, 0.03153848)
(41201, 0.03233185)
(41251, 0.03163322)
(41301, 0.03202625)
(41351, 0.03237238)
(41401, 0.03177834)
(41451, 0.03182168)
(41501, 0.03168759)
(41551, 0.03208172)
(41601, 0.03187468)
(41651, 0.03198585)
(41701, 0.03200229)
(41751, 0.03160765)
(41801, 0.03247362)
(41851, 0.03187815)
(41901, 0.03175028)
(41951, 0.03192805)
(42001, 0.03138160)
(42051, 0.03237364)
(42101, 0.03163942)
(42151, 0.03224781)
(42201, 0.03131767)
(42251, 0.03167411)
(42301, 0.03224518)
(42351, 0.03177046)
(42401, 0.03205715)
(42451, 0.03109267)
(42501, 0.03172705)
(42551, 0.03162406)
(42601, 0.03146568)
(42651, 0.03161485)
(42701, 0.03222155)
(42751, 0.03172642)
(42801, 0.03240643)
(42851, 0.03195718)
(42901, 0.03173804)
(42951, 0.03258103)
(43001, 0.03245354)
(43051, 0.03215560)
(43101, 0.03135924)
(43151, 0.03249816)
(43201, 0.03228108)
(43251, 0.03253491)
(43301, 0.03179326)
(43351, 0.03144681)
(43401, 0.03137620)
(43451, 0.03147854)
(43501, 0.03189780)
(43551, 0.03209020)
(43601, 0.03183976)
(43651, 0.03208119)
(43701, 0.03205330)
(43751, 0.03216487)
(43801, 0.03155678)
(43851, 0.03162359)
(43901, 0.03166812)
(43951, 0.03138345)
(44001, 0.03228621)
(44051, 0.03285707)
(44101, 0.03217885)
(44151, 0.03283327)
(44201, 0.03150329)
(44251, 0.03194641)
(44301, 0.03184068)
(44351, 0.03165641)
(44401, 0.03230393)
(44451, 0.03165180)
(44501, 0.03198448)
(44551, 0.03178770)
(44601, 0.03268827)
(44651, 0.03228442)
(44701, 0.03192382)
(44751, 0.03156948)
(44801, 0.03177284)
(44851, 0.03188232)
(44901, 0.03186099)
(44951, 0.03191970)
(45001, 0.03193676)
(45051, 0.03112494)
(45101, 0.03203443)
(45151, 0.03145328)
(45201, 0.03187391)
(45251, 0.03179572)
(45301, 0.03161369)
(45351, 0.03140612)
(45401, 0.03136711)
(45451, 0.03187749)
(45501, 0.03183462)
(45551, 0.03130988)
(45601, 0.03160590)
(45651, 0.03141949)
(45701, 0.03174802)
(45751, 0.03178634)
(45801, 0.03180569)
(45851, 0.03183248)
(45901, 0.03217458)
(45951, 0.03200003)
(46001, 0.03211402)
(46051, 0.03142524)
(46101, 0.03152871)
(46151, 0.03201802)
(46201, 0.03178807)
(46251, 0.03214899)
(46301, 0.03163071)
(46351, 0.03182880)
(46401, 0.03184859)
(46451, 0.03154461)
(46501, 0.03187030)
(46551, 0.03194381)
(46601, 0.03173342)
(46651, 0.03198020)
(46701, 0.03147336)
(46751, 0.03197438)
(46801, 0.03130684)
(46851, 0.03164721)
(46901, 0.03195767)
(46951, 0.03085349)
(47001, 0.03152057)
(47051, 0.03194851)
(47101, 0.03167794)
(47151, 0.03136404)
(47201, 0.03200880)
(47251, 0.03177093)
(47301, 0.03185462)
(47351, 0.03244402)
(47401, 0.03180689)
(47451, 0.03165257)
(47501, 0.03128594)
(47551, 0.03159329)
(47601, 0.03171762)
(47651, 0.03169962)
(47701, 0.03198837)
(47751, 0.03175432)
(47801, 0.03248093)
(47851, 0.03186810)
(47901, 0.03179340)
(47951, 0.03178531)
(48001, 0.03168190)
(48051, 0.03218260)
(48101, 0.03191919)
(48151, 0.03140308)
(48201, 0.03229422)
(48251, 0.03229030)
(48301, 0.03192831)
(48351, 0.03142742)
(48401, 0.03162296)
(48451, 0.03199003)
(48501, 0.03200576)
(48551, 0.03165297)
(48601, 0.03172606)
(48651, 0.03117157)
(48701, 0.03136475)
(48751, 0.03212579)
(48801, 0.03152267)
(48851, 0.03153008)
(48901, 0.03164745)
(48951, 0.03155919)
(49001, 0.03174707)
(49051, 0.03159770)
(49101, 0.03192731)
(49151, 0.03166964)
(49201, 0.03198807)
(49251, 0.03137651)
(49301, 0.03190289)
(49351, 0.03169461)
(49401, 0.03174948)
(49451, 0.03176932)
(49501, 0.03146596)
(49551, 0.03165905)
(49601, 0.03097495)
(49651, 0.03230062)
(49701, 0.03144555)
(49751, 0.03205333)
(49801, 0.03192384)
(49851, 0.03185870)
(49901, 0.03133078)
(49951, 0.03171027)
(50001, 0.03172525)
(50051, 0.03179564)
(50101, 0.03189905)
(50151, 0.03162529)
(50201, 0.03148858)
(50251, 0.03156733)
(50301, 0.03106785)
(50351, 0.03189275)
(50401, 0.03204840)
(50451, 0.03138100)
(50501, 0.03162540)
(50551, 0.03127875)
(50601, 0.03181021)
(50651, 0.03153867)
(50701, 0.03170387)
(50751, 0.03141300)
(50801, 0.03207575)
(50851, 0.03195711)
(50901, 0.03147539)
(50951, 0.03165202)
(51001, 0.03119210)
(51051, 0.03169267)
(51101, 0.03102386)
(51151, 0.03162539)
(51201, 0.03141451)
(51251, 0.03180453)
(51301, 0.03142755)
(51351, 0.03194632)
(51401, 0.03173406)
(51451, 0.03183056)
(51501, 0.03187020)
(51551, 0.03158490)
(51601, 0.03233534)
(51651, 0.03156650)
(51701, 0.03170852)
(51751, 0.03166651)
(51801, 0.03196412)
(51851, 0.03187859)
(51901, 0.03145733)
(51951, 0.03191276)
(52001, 0.03191192)
(52051, 0.03185643)
(52101, 0.03159125)
(52151, 0.03111199)
(52201, 0.03141842)
(52251, 0.03147965)
(52301, 0.03159313)
(52351, 0.03182616)
(52401, 0.03179672)
(52451, 0.03159396)
(52501, 0.03146299)
(52551, 0.03191148)
(52601, 0.03172705)
(52651, 0.03194213)
(52701, 0.03147698)
(52751, 0.03186377)
(52801, 0.03109637)
(52851, 0.03210257)
(52901, 0.03154122)
(52951, 0.03144009)
(53001, 0.03164710)
(53051, 0.03142894)
(53101, 0.03179331)
(53151, 0.03158851)
(53201, 0.03153584)
(53251, 0.03165559)
(53301, 0.03148217)
(53351, 0.03160831)
(53401, 0.03164937)
(53451, 0.03152568)
(53501, 0.03114617)
(53551, 0.03151195)
(53601, 0.03155979)
(53651, 0.03135210)
(53701, 0.03141055)
(53751, 0.03212904)
(53801, 0.03159759)
(53851, 0.03168125)
(53901, 0.03122552)
(53951, 0.03153441)
(54001, 0.03126105)
(54051, 0.03138324)
(54101, 0.03172973)
(54151, 0.03179884)
(54201, 0.03191386)
(54251, 0.03137216)
(54301, 0.03139082)
(54351, 0.03219332)
(54401, 0.03205272)
(54451, 0.03234877)
(54501, 0.03157843)
(54551, 0.03196513)
(54601, 0.03216283)
(54651, 0.03201109)
(54701, 0.03152754)
(54751, 0.03215699)
(54801, 0.03148655)
(54851, 0.03163613)
(54901, 0.03144934)
(54951, 0.03163959)
(55001, 0.03132613)
(55051, 0.03163247)
(55101, 0.03136121)
(55151, 0.03171458)
(55201, 0.03198507)
(55251, 0.03147458)
(55301, 0.03172551)
(55351, 0.03152328)
(55401, 0.03120584)
(55451, 0.03177363)
(55501, 0.03139264)
(55551, 0.03153858)
(55601, 0.03195257)
(55651, 0.03166173)
(55701, 0.03219397)
(55751, 0.03162706)
(55801, 0.03146781)
(55851, 0.03137809)
(55901, 0.03143115)
(55951, 0.03152765)
(56001, 0.03175749)
(56051, 0.03180578)
(56101, 0.03199977)
(56151, 0.03144201)
(56201, 0.03149900)
(56251, 0.03182622)
(56301, 0.03161817)
(56351, 0.03152414)
(56401, 0.03147754)
(56451, 0.03141868)
(56501, 0.03137011)
(56551, 0.03165522)
(56601, 0.03221944)
(56651, 0.03166479)
(56701, 0.03161427)
(56751, 0.03174707)
(56801, 0.03119672)
(56851, 0.03131118)
(56901, 0.03150921)
(56951, 0.03185500)
(57001, 0.03153113)
(57051, 0.03105788)
(57101, 0.03154631)
(57151, 0.03136164)
(57201, 0.03135180)
(57251, 0.03118247)
(57301, 0.03122201)
(57351, 0.03210478)
(57401, 0.03109859)
(57451, 0.03134749)
(57501, 0.03171396)
(57551, 0.03193507)
(57601, 0.03141353)
(57651, 0.03267758)
(57701, 0.03236284)
(57751, 0.03163732)
(57801, 0.03165996)
(57851, 0.03151575)
(57901, 0.03110403)
(57951, 0.03170293)
(58001, 0.03185510)
(58051, 0.03156519)
(58101, 0.03171769)
(58151, 0.03166625)
(58201, 0.03206361)
(58251, 0.03156546)
(58301, 0.03162102)
(58351, 0.03131855)
(58401, 0.03185408)
(58451, 0.03192170)
(58501, 0.03138273)
(58551, 0.03218296)
(58601, 0.03162709)
(58651, 0.03208006)
(58701, 0.03103638)
(58751, 0.03177910)
(58801, 0.03126649)
(58851, 0.03175217)
(58901, 0.03215181)
(58951, 0.03177692)
(59001, 0.03180215)
(59051, 0.03146644)
(59101, 0.03158446)
(59151, 0.03193851)
(59201, 0.03170367)
(59251, 0.03197578)
(59301, 0.03150857)
(59351, 0.03173178)
(59401, 0.03107214)
(59451, 0.03165406)
(59501, 0.03147914)
(59551, 0.03170320)
(59601, 0.03160693)
(59651, 0.03168622)
(59701, 0.03195811)
(59751, 0.03159622)
(59801, 0.03186017)
(59851, 0.03182640)
(59901, 0.03166622)
(59951, 0.03136843)
(60001, 0.03171867)
(60051, 0.03131624)
(60101, 0.03191117)
(60151, 0.03098418)
(60201, 0.03194981)
(60251, 0.03199838)
(60301, 0.03152143)
(60351, 0.03122576)
(60401, 0.03163810)
(60451, 0.03157943)
(60501, 0.03116442)
(60551, 0.03235806)
(60601, 0.03167671)
(60651, 0.03135447)
(60701, 0.03132223)
(60751, 0.03133557)
(60801, 0.03105870)
(60851, 0.03144471)
(60901, 0.03152057)
(60951, 0.03169794)
(61001, 0.03156776)
(61051, 0.03182119)
(61101, 0.03180432)
(61151, 0.03194733)
(61201, 0.03175370)
(61251, 0.03119560)
(61301, 0.03169323)
(61351, 0.03090986)
(61401, 0.03159163)
(61451, 0.03144728)
(61501, 0.03127905)
(61551, 0.03115541)
(61601, 0.03165224)
(61651, 0.03209117)
(61701, 0.03110028)
(61751, 0.03178865)
(61801, 0.03153161)
(61851, 0.03150814)
(61901, 0.03126691)
(61951, 0.03189613)
(62001, 0.03140819)
(62051, 0.03120018)
(62101, 0.03175958)
(62151, 0.03121195)
(62201, 0.03121706)
(62251, 0.03180680)
(62301, 0.03174099)
(62351, 0.03135275)
(62401, 0.03212240)
(62451, 0.03169528)
(62501, 0.03129445)
(62551, 0.03117568)
(62601, 0.03196511)
(62651, 0.03199802)
(62701, 0.03127269)
(62751, 0.03192031)
(62801, 0.03149998)
(62851, 0.03137265)
(62901, 0.03129108)
(62951, 0.03166480)
(63001, 0.03133406)
(63051, 0.03198633)
(63101, 0.03158934)
(63151, 0.03169535)
(63201, 0.03153716)
(63251, 0.03201842)
(63301, 0.03152511)
(63351, 0.03108083)
(63401, 0.03144075)
(63451, 0.03175806)
(63501, 0.03176983)
(63551, 0.03157690)
(63601, 0.03149135)
(63651, 0.03183109)
(63701, 0.03178608)
(63751, 0.03135202)
(63801, 0.03164241)
(63851, 0.03157459)
(63901, 0.03175473)
(63951, 0.03123767)
(64001, 0.03127335)
(64051, 0.03178286)
(64101, 0.03127616)
(64151, 0.03158556)
(64201, 0.03178163)
(64251, 0.03138723)
(64301, 0.03184407)
(64351, 0.03206524)
(64401, 0.03163101)
(64451, 0.03159687)
(64501, 0.03151140)
(64551, 0.03184681)
(64601, 0.03157572)
(64651, 0.03140297)
(64701, 0.03175271)
(64751, 0.03150064)
(64801, 0.03109811)
(64851, 0.03204194)
(64901, 0.03142465)
(64951, 0.03104104)
(65001, 0.03194978)
(65051, 0.03115720)
(65101, 0.03145167)
(65151, 0.03169846)
(65201, 0.03165099)
(65251, 0.03125172)
(65301, 0.03115220)
(65351, 0.03220343)
(65401, 0.03153313)
(65451, 0.03135845)
(65501, 0.03153030)
(65551, 0.03178307)
(65601, 0.03138391)
(65651, 0.03148440)
(65701, 0.03128885)
(65751, 0.03152672)
(65801, 0.03200876)
(65851, 0.03159758)
(65901, 0.03177029)
(65951, 0.03177377)
(66001, 0.03197994)
(66051, 0.03150029)
(66101, 0.03179607)
(66151, 0.03177601)
(66201, 0.03154078)
(66251, 0.03143796)
(66301, 0.03131631)
(66351, 0.03144810)
(66401, 0.03128611)
(66451, 0.03204955)
(66501, 0.03194468)
(66551, 0.03147964)
(66601, 0.03121568)
(66651, 0.03101689)
(66701, 0.03137374)
(66751, 0.03144654)
(66801, 0.03138874)
(66851, 0.03124774)
(66901, 0.03142652)
(66951, 0.03178386)
(67001, 0.03155193)
(67051, 0.03142549)
(67101, 0.03121443)
(67151, 0.03177048)
(67201, 0.03139910)
(67251, 0.03141500)
(67301, 0.03102857)
(67351, 0.03159124)
(67401, 0.03173445)
(67451, 0.03160715)
(67501, 0.03139672)
(67551, 0.03135455)
(67601, 0.03193400)
(67651, 0.03120987)
(67701, 0.03168572)
(67751, 0.03137977)
(67801, 0.03139428)
(67851, 0.03150757)
(67901, 0.03140089)
(67951, 0.03116810)
(68001, 0.03149981)
(68051, 0.03108219)
(68101, 0.03166854)
(68151, 0.03112393)
(68201, 0.03126283)
(68251, 0.03116075)
(68301, 0.03115906)
(68351, 0.03122301)
(68401, 0.03137397)
(68451, 0.03146461)
(68501, 0.03171907)
(68551, 0.03167623)
(68601, 0.03154187)
(68651, 0.03138363)
(68701, 0.03166447)
(68751, 0.03161813)
(68801, 0.03141333)
(68851, 0.03124164)
(68901, 0.03068933)
(68951, 0.03171010)
(69001, 0.03150770)
(69051, 0.03157304)
(69101, 0.03094632)
(69151, 0.03130628)
(69201, 0.03112769)
(69251, 0.03141926)
(69301, 0.03191653)
(69351, 0.03182832)
(69401, 0.03105865)
(69451, 0.03157148)
(69501, 0.03158222)
(69551, 0.03192442)
(69601, 0.03169101)
(69651, 0.03182383)
(69701, 0.03133949)
(69751, 0.03204270)
(69801, 0.03153372)
(69851, 0.03159878)
(69901, 0.03140849)
(69951, 0.03146185)
(70001, 0.03159025)
(70051, 0.03153460)
(70101, 0.03163075)
(70151, 0.03167628)
(70201, 0.03157159)
(70251, 0.03149278)
(70301, 0.03124236)
(70351, 0.03203053)
(70401, 0.03170776)
(70451, 0.03172488)
(70501, 0.03172382)
(70551, 0.03156190)
(70601, 0.03105657)
(70651, 0.03176907)
(70701, 0.03147646)
(70751, 0.03143854)
(70801, 0.03182085)
(70851, 0.03167958)
(70901, 0.03153101)
(70951, 0.03136922)
(71001, 0.03153428)
(71051, 0.03202609)
(71101, 0.03176304)
(71151, 0.03208247)
(71201, 0.03133035)
(71251, 0.03120523)
(71301, 0.03161194)
(71351, 0.03164745)
(71401, 0.03136203)
(71451, 0.03099262)
(71501, 0.03090408)
(71551, 0.03148816)
(71601, 0.03166073)
(71651, 0.03182691)
(71701, 0.03127752)
(71751, 0.03145568)
(71801, 0.03112366)
(71851, 0.03131902)
(71901, 0.03145614)
(71951, 0.03158026)
(72001, 0.03151295)
(72051, 0.03156354)
(72101, 0.03164364)
(72151, 0.03138052)
(72201, 0.03181687)
(72251, 0.03173416)
(72301, 0.03213437)
(72351, 0.03144979)
(72401, 0.03134921)
(72451, 0.03063891)
(72501, 0.03164651)
(72551, 0.03172929)
(72601, 0.03152093)
(72651, 0.03152598)
(72701, 0.03077651)
(72751, 0.03144297)
(72801, 0.03139866)
(72851, 0.03173899)
(72901, 0.03111826)
(72951, 0.03188253)
(73001, 0.03125569)
(73051, 0.03136754)
(73101, 0.03114360)
(73151, 0.03138393)
(73201, 0.03192445)
(73251, 0.03100537)
(73301, 0.03144033)
(73351, 0.03153537)
(73401, 0.03127579)
(73451, 0.03127632)
(73501, 0.03138223)
(73551, 0.03160827)
(73601, 0.03153348)
(73651, 0.03129892)
(73701, 0.03169787)
(73751, 0.03164008)
(73801, 0.03107532)
(73851, 0.03175075)
(73901, 0.03177404)
(73951, 0.03108996)
(74001, 0.03161778)
(74051, 0.03202416)
(74101, 0.03104160)
(74151, 0.03133305)
(74201, 0.03127558)
(74251, 0.03136006)
(74301, 0.03130608)
(74351, 0.03132257)
(74401, 0.03140832)
(74451, 0.03142359)
(74501, 0.03215618)
(74551, 0.03118564)
(74601, 0.03167308)
(74651, 0.03086693)
(74701, 0.03174097)
(74751, 0.03123563)
(74801, 0.03126612)
(74851, 0.03141592)
(74901, 0.03110420)
(74951, 0.03167097)
(75001, 0.03142355)
(75051, 0.03148301)
(75101, 0.03166436)
(75151, 0.03140435)
(75201, 0.03123637)
(75251, 0.03123485)
(75301, 0.03139308)
(75351, 0.03194118)
(75401, 0.03117096)
(75451, 0.03135943)
(75501, 0.03108369)
(75551, 0.03094619)
(75601, 0.03130965)
(75651, 0.03117582)
(75701, 0.03141474)
(75751, 0.03148871)
(75801, 0.03120716)
(75851, 0.03103003)
(75901, 0.03127623)
(75951, 0.03162722)
(76001, 0.03168491)
(76051, 0.03186476)
(76101, 0.03170919)
(76151, 0.03094453)
(76201, 0.03109098)
(76251, 0.03109192)
(76301, 0.03178190)
(76351, 0.03167348)
(76401, 0.03180874)
(76451, 0.03153001)
(76501, 0.03162674)
(76551, 0.03177359)
(76601, 0.03163212)
(76651, 0.03198693)
(76701, 0.03159516)
(76751, 0.03150347)
(76801, 0.03159789)
(76851, 0.03178339)
(76901, 0.03198835)
(76951, 0.03165851)
(77001, 0.03119515)
(77051, 0.03120758)
(77101, 0.03150547)
(77151, 0.03181252)
(77201, 0.03174124)
(77251, 0.03097008)
(77301, 0.03124887)
(77351, 0.03147335)
(77401, 0.03145077)
(77451, 0.03141990)
(77501, 0.03185894)
(77551, 0.03140089)
(77601, 0.03174666)
(77651, 0.03117970)
(77701, 0.03140283)
(77751, 0.03149942)
(77801, 0.03113584)
(77851, 0.03127264)
(77901, 0.03129166)
(77951, 0.03180931)
(78001, 0.03180462)
(78051, 0.03122626)
(78101, 0.03152633)
(78151, 0.03177257)
(78201, 0.03179763)
(78251, 0.03151492)
(78301, 0.03153903)
(78351, 0.03123512)
(78401, 0.03158062)
(78451, 0.03111644)
(78501, 0.03126847)
(78551, 0.03159213)
(78601, 0.03131012)
(78651, 0.03144844)
(78701, 0.03144135)
(78751, 0.03160154)
(78801, 0.03116472)
(78851, 0.03148359)
(78901, 0.03162295)
(78951, 0.03107351)
(79001, 0.03178659)
(79051, 0.03156137)
(79101, 0.03141658)
(79151, 0.03188386)
(79201, 0.03119607)
(79251, 0.03170232)
(79301, 0.03194666)
(79351, 0.03118414)
(79401, 0.03102717)
(79451, 0.03181140)
(79501, 0.03125028)
(79551, 0.03144421)
(79601, 0.03162413)
(79651, 0.03156820)
(79701, 0.03202340)
(79751, 0.03162088)
(79801, 0.03154199)
(79851, 0.03133017)
(79901, 0.03101673)
(79951, 0.03154969)
(80001, 0.03199925)
(80051, 0.03177113)
(80101, 0.03165077)
(80151, 0.03131333)
(80201, 0.03174378)
(80251, 0.03182159)
(80301, 0.03113297)
(80351, 0.03160716)
(80401, 0.03137360)
(80451, 0.03163457)
(80501, 0.03153850)
(80551, 0.03119496)
(80601, 0.03117112)
(80651, 0.03166462)
(80701, 0.03176644)
(80751, 0.03168999)
(80801, 0.03101690)
(80851, 0.03137935)
(80901, 0.03139519)
(80951, 0.03162606)
(81001, 0.03140383)
(81051, 0.03214622)
(81101, 0.03163701)
(81151, 0.03170813)
(81201, 0.03157735)
(81251, 0.03149237)
(81301, 0.03163014)
(81351, 0.03164320)
(81401, 0.03155238)
(81451, 0.03176897)
(81501, 0.03190096)
(81551, 0.03135621)
(81601, 0.03132705)
(81651, 0.03159095)
(81701, 0.03191121)
(81751, 0.03137936)
(81801, 0.03140756)
(81851, 0.03174702)
(81901, 0.03128648)
(81951, 0.03204399)
(82001, 0.03134706)
(82051, 0.03156668)
(82101, 0.03114601)
(82151, 0.03189978)
(82201, 0.03152277)
(82251, 0.03159751)
(82301, 0.03137193)
(82351, 0.03226559)
(82401, 0.03158401)
(82451, 0.03119835)
(82501, 0.03139237)
(82551, 0.03160537)
(82601, 0.03177835)
(82651, 0.03161641)
(82701, 0.03134517)
(82751, 0.03129774)
(82801, 0.03116758)
(82851, 0.03176240)
(82901, 0.03125028)
(82951, 0.03114975)
(83001, 0.03170921)
(83051, 0.03166018)
(83101, 0.03109946)
(83151, 0.03116627)
(83201, 0.03158450)
(83251, 0.03167478)
(83301, 0.03148264)
(83351, 0.03127548)
(83401, 0.03207198)
(83451, 0.03148340)
(83501, 0.03157293)
(83551, 0.03148746)
(83601, 0.03141921)
(83651, 0.03111641)
(83701, 0.03164447)
(83751, 0.03151101)
(83801, 0.03184617)
(83851, 0.03185709)
(83901, 0.03163209)
(83951, 0.03099247)
(84001, 0.03111137)
(84051, 0.03138002)
(84101, 0.03107040)
(84151, 0.03167691)
(84201, 0.03109224)
(84251, 0.03179579)
(84301, 0.03107668)
(84351, 0.03142218)
(84401, 0.03138750)
(84451, 0.03147457)
(84501, 0.03151527)
(84551, 0.03161314)
(84601, 0.03176938)
(84651, 0.03201873)
(84701, 0.03156167)
(84751, 0.03117160)
(84801, 0.03103621)
(84851, 0.03168662)
(84901, 0.03163145)
(84951, 0.03175008)
(85001, 0.03170796)
(85051, 0.03157808)
(85101, 0.03113904)
(85151, 0.03114886)
(85201, 0.03176949)
(85251, 0.03124011)
(85301, 0.03152160)
(85351, 0.03136256)
(85401, 0.03153718)
(85451, 0.03183018)
(85501, 0.03138046)
(85551, 0.03191911)
(85601, 0.03145683)
(85651, 0.03132000)
(85701, 0.03143422)
(85751, 0.03144722)
(85801, 0.03111903)
(85851, 0.03169023)
(85901, 0.03145728)
(85951, 0.03147236)
(86001, 0.03142588)
(86051, 0.03133025)
(86101, 0.03134004)
(86151, 0.03142493)
(86201, 0.03123059)
(86251, 0.03168280)
(86301, 0.03152986)
(86351, 0.03098290)
(86401, 0.03106828)
(86451, 0.03164057)
(86501, 0.03093097)
(86551, 0.03154169)
(86601, 0.03160466)
(86651, 0.03173699)
(86701, 0.03167038)
(86751, 0.03187012)
(86801, 0.03163801)
(86851, 0.03115453)
(86901, 0.03144503)
(86951, 0.03167836)
(87001, 0.03142039)
(87051, 0.03195710)
(87101, 0.03200880)
(87151, 0.03157584)
(87201, 0.03140195)
(87251, 0.03159968)
(87301, 0.03175965)
(87351, 0.03152293)
(87401, 0.03148165)
(87451, 0.03122917)
(87501, 0.03137260)
(87551, 0.03145231)
(87601, 0.03120488)
(87651, 0.03173666)
(87701, 0.03169174)
(87751, 0.03106924)
(87801, 0.03112723)
(87851, 0.03144446)
(87901, 0.03110962)
(87951, 0.03131067)
(88001, 0.03155626)
(88051, 0.03168639)
(88101, 0.03131128)
(88151, 0.03143867)
(88201, 0.03150382)
(88251, 0.03183667)
(88301, 0.03178958)
(88351, 0.03141190)
(88401, 0.03147498)
(88451, 0.03150487)
(88501, 0.03177445)
(88551, 0.03104460)
(88601, 0.03090024)
(88651, 0.03155490)
(88701, 0.03141337)
(88751, 0.03161431)
(88801, 0.03143056)
(88851, 0.03150328)
(88901, 0.03135973)
(88951, 0.03172947)
(89001, 0.03144133)
(89051, 0.03134545)
(89101, 0.03134112)
(89151, 0.03136306)
(89201, 0.03199596)
(89251, 0.03140743)
(89301, 0.03127855)
(89351, 0.03116301)
(89401, 0.03147093)
(89451, 0.03172240)
(89501, 0.03151166)
(89551, 0.03169104)
(89601, 0.03129377)
(89651, 0.03181692)
(89701, 0.03142523)
(89751, 0.03180215)
(89801, 0.03148841)
(89851, 0.03146984)
(89901, 0.03124155)
(89951, 0.03161176)
(90001, 0.03138553)
(90051, 0.03176083)
(90101, 0.03098314)
(90151, 0.03152797)
(90201, 0.03155997)
(90251, 0.03123858)
(90301, 0.03158733)
(90351, 0.03130060)
(90401, 0.03201405)
(90451, 0.03165310)
(90501, 0.03188914)
(90551, 0.03151848)
(90601, 0.03187944)
(90651, 0.03131020)
(90701, 0.03159622)
(90751, 0.03168318)
(90801, 0.03126935)
(90851, 0.03162067)
(90901, 0.03206457)
(90951, 0.03159542)
(91001, 0.03139919)
(91051, 0.03160286)
(91101, 0.03157456)
(91151, 0.03123470)
(91201, 0.03133637)
(91251, 0.03129663)
(91301, 0.03124996)
(91351, 0.03229193)
(91401, 0.03151647)
(91451, 0.03128980)
(91501, 0.03114622)
(91551, 0.03173400)
(91601, 0.03160312)
(91651, 0.03183603)
(91701, 0.03154649)
(91751, 0.03140306)
(91801, 0.03139801)
(91851, 0.03181080)
(91901, 0.03181126)
(91951, 0.03166425)
(92001, 0.03131910)
(92051, 0.03113604)
(92101, 0.03146461)
(92151, 0.03170446)
(92201, 0.03163330)
(92251, 0.03141714)
(92301, 0.03182347)
(92351, 0.03171461)
(92401, 0.03119026)
(92451, 0.03158950)
(92501, 0.03194745)
(92551, 0.03176583)
(92601, 0.03142020)
(92651, 0.03129812)
(92701, 0.03122581)
(92751, 0.03110294)
(92801, 0.03172826)
(92851, 0.03153453)
(92901, 0.03112379)
(92951, 0.03112108)
(93001, 0.03138943)
(93051, 0.03167818)
(93101, 0.03132940)
(93151, 0.03138780)
(93201, 0.03183797)
(93251, 0.03124422)
(93301, 0.03223859)
(93351, 0.03172085)
(93401, 0.03104701)
(93451, 0.03150875)
(93501, 0.03138264)
(93551, 0.03124550)
(93601, 0.03139591)
(93651, 0.03144450)
(93701, 0.03136321)
(93751, 0.03118469)
(93801, 0.03140881)
(93851, 0.03138788)
(93901, 0.03170517)
(93951, 0.03137672)
(94001, 0.03159950)
(94051, 0.03131643)
(94101, 0.03144241)
(94151, 0.03084283)
(94201, 0.03173461)
(94251, 0.03147780)
(94301, 0.03161213)
(94351, 0.03150192)
(94401, 0.03166095)
(94451, 0.03144941)
(94501, 0.03138102)
(94551, 0.03097911)
(94601, 0.03186594)
(94651, 0.03147195)
(94701, 0.03202233)
(94751, 0.03151711)
(94801, 0.03193714)
(94851, 0.03140371)
(94901, 0.03220394)
(94951, 0.03149896)
(95001, 0.03145611)
(95051, 0.03147984)
(95101, 0.03184480)
(95151, 0.03149366)
(95201, 0.03133145)
(95251, 0.03231161)
(95301, 0.03133363)
(95351, 0.03157436)
(95401, 0.03200055)
(95451, 0.03105953)
(95501, 0.03153741)
(95551, 0.03151721)
(95601, 0.03136725)
(95651, 0.03167197)
(95701, 0.03147867)
(95751, 0.03140362)
(95801, 0.03129553)
(95851, 0.03182554)
(95901, 0.03141036)
(95951, 0.03141752)
(96001, 0.03156496)
(96051, 0.03151161)
(96101, 0.03150686)
(96151, 0.03102755)
(96201, 0.03146279)
(96251, 0.03133345)
(96301, 0.03170040)
(96351, 0.03126363)
(96401, 0.03199925)
(96451, 0.03175733)
(96501, 0.03157965)
(96551, 0.03157908)
(96601, 0.03159542)
(96651, 0.03140579)
(96701, 0.03163451)
(96751, 0.03163004)
(96801, 0.03117396)
(96851, 0.03160511)
(96901, 0.03131968)
(96951, 0.03183523)
(97001, 0.03146747)
(97051, 0.03164458)
(97101, 0.03167799)
(97151, 0.03146701)
(97201, 0.03120046)
(97251, 0.03162446)
(97301, 0.03153525)
(97351, 0.03153644)
(97401, 0.03162015)
(97451, 0.03157543)
(97501, 0.03157280)
(97551, 0.03131942)
(97601, 0.03155431)
(97651, 0.03131977)
(97701, 0.03194644)
(97751, 0.03138265)
(97801, 0.03148416)
(97851, 0.03133788)
(97901, 0.03169467)
(97951, 0.03122205)
(98001, 0.03104317)
(98051, 0.03123259)
(98101, 0.03169864)
(98151, 0.03155117)
(98201, 0.03137699)
(98251, 0.03136966)
(98301, 0.03119689)
(98351, 0.03161194)
(98401, 0.03128896)
(98451, 0.03189597)
(98501, 0.03150975)
(98551, 0.03154727)
(98601, 0.03145079)
(98651, 0.03142863)
(98701, 0.03074975)
(98751, 0.03102835)
(98801, 0.03145181)
(98851, 0.03116216)
(98901, 0.03209808)
(98951, 0.03130597)
(99001, 0.03149203)
(99051, 0.03169776)
(99101, 0.03156467)
(99151, 0.03127394)
(99201, 0.03129693)
(99251, 0.03180164)
(99301, 0.03205459)
(99351, 0.03142807)
(99401, 0.03153329)
(99451, 0.03133312)
(99501, 0.03131046)
(99551, 0.03135638)
(99601, 0.03146802)
(99651, 0.03161134)
(99701, 0.03206755)
(99751, 0.03136693)
(99801, 0.03147823)
(99851, 0.03103912)
(99901, 0.03158375)
(99951, 0.03103997)
(100001, 0.03160087)
(100051, 0.03120153)
(100101, 0.03164538)
(100151, 0.03124190)
(100201, 0.03145301)
(100251, 0.03162299)
(100301, 0.03136090)
(100351, 0.03182746)
(100401, 0.03172249)
(100451, 0.03167550)
(100501, 0.03110704)
(100551, 0.03135256)
(100601, 0.03174267)
(100651, 0.03165674)
(100701, 0.03139585)
(100751, 0.03163769)
(100801, 0.03146228)
(100851, 0.03139442)
(100901, 0.03125533)
(100951, 0.03117857)
(101001, 0.03179435)
(101051, 0.03164232)
(101101, 0.03147568)
(101151, 0.03141167)
(101201, 0.03154202)
(101251, 0.03156111)
(101301, 0.03175233)
(101351, 0.03112823)
(101401, 0.03118062)
(101451, 0.03135543)
(101501, 0.03129454)
(101551, 0.03171199)
(101601, 0.03213359)
(101651, 0.03196519)
(101701, 0.03167160)
(101751, 0.03153710)
(101801, 0.03162595)
(101851, 0.03134304)
(101901, 0.03143188)
(101951, 0.03127452)
(102001, 0.03152716)
(102051, 0.03180579)
(102101, 0.03174222)
(102151, 0.03190612)
(102201, 0.03151181)
(102251, 0.03163296)
(102301, 0.03155798)
(102351, 0.03152020)
(102401, 0.03175156)
(102451, 0.03161829)
(102501, 0.03152042)
(102551, 0.03155294)
(102601, 0.03135304)
(102651, 0.03183350)
(102701, 0.03140599)
(102751, 0.03163444)
(102801, 0.03138638)
(102851, 0.03133962)
(102901, 0.03136726)
(102951, 0.03142187)
(103001, 0.03147324)
(103051, 0.03131621)
(103101, 0.03129994)
(103151, 0.03138592)
(103201, 0.03148896)
(103251, 0.03158108)
(103301, 0.03152606)
(103351, 0.03082498)
(103401, 0.03138883)
(103451, 0.03128067)
(103501, 0.03121035)
(103551, 0.03156282)
(103601, 0.03144293)
(103651, 0.03128980)
(103701, 0.03142115)
(103751, 0.03139518)
(103801, 0.03157388)
(103851, 0.03166920)
(103901, 0.03128338)
(103951, 0.03184649)
(104001, 0.03173431)
(104051, 0.03167332)
(104101, 0.03153577)
(104151, 0.03205641)
(104201, 0.03106487)
(104251, 0.03167074)
(104301, 0.03186192)
(104351, 0.03144470)
(104401, 0.03120358)
(104451, 0.03186399)
(104501, 0.03139554)
(104551, 0.03116414)
(104601, 0.03218658)
(104651, 0.03153257)
(104701, 0.03153331)
(104751, 0.03167997)
(104801, 0.03185071)
(104851, 0.03120944)
(104901, 0.03163841)
(104951, 0.03138359)
(105001, 0.03142349)
(105051, 0.03172094)
(105101, 0.03102726)
(105151, 0.03139040)
(105201, 0.03128432)
(105251, 0.03173407)
(105301, 0.03191740)
(105351, 0.03142691)
(105401, 0.03137523)
(105451, 0.03137023)
(105501, 0.03145294)
(105551, 0.03146375)
(105601, 0.03142386)
(105651, 0.03107593)
(105701, 0.03168506)
(105751, 0.03177007)
(105801, 0.03135400)
(105851, 0.03114456)
(105901, 0.03166098)
(105951, 0.03139010)
(106001, 0.03109526)
(106051, 0.03150463)
(106101, 0.03159457)
(106151, 0.03136738)
(106201, 0.03153855)
(106251, 0.03163699)
(106301, 0.03150674)
(106351, 0.03149839)
(106401, 0.03127435)
(106451, 0.03155428)
(106501, 0.03150377)
(106551, 0.03172554)
(106601, 0.03166766)
(106651, 0.03153058)
(106701, 0.03158196)
(106751, 0.03126474)
(106801, 0.03141275)
(106851, 0.03125293)
(106901, 0.03154623)
(106951, 0.03144152)
(107001, 0.03146432)
(107051, 0.03129353)
(107101, 0.03130324)
(107151, 0.03159061)
(107201, 0.03128716)
(107251, 0.03159121)
(107301, 0.03143984)
(107351, 0.03118745)
(107401, 0.03197255)
(107451, 0.03158348)
(107501, 0.03122008)
(107551, 0.03171812)
(107601, 0.03125583)
(107651, 0.03133795)
(107701, 0.03134879)
(107751, 0.03148118)
(107801, 0.03136579)
(107851, 0.03160314)
(107901, 0.03148714)
(107951, 0.03162562)
(108001, 0.03141337)
(108051, 0.03117916)
(108101, 0.03151882)
(108151, 0.03124103)
(108201, 0.03183964)
(108251, 0.03124215)
(108301, 0.03189574)
(108351, 0.03187235)
(108401, 0.03141834)
(108451, 0.03126280)
(108501, 0.03166538)
(108551, 0.03110582)
(108601, 0.03122899)
(108651, 0.03144913)
(108701, 0.03112328)
(108751, 0.03142302)
(108801, 0.03150776)
(108851, 0.03176668)
(108901, 0.03141576)
(108951, 0.03137452)
(109001, 0.03138987)
(109051, 0.03199680)
(109101, 0.03127477)
(109151, 0.03170142)
(109201, 0.03183461)
(109251, 0.03145439)
(109301, 0.03167734)
(109351, 0.03183058)
(109401, 0.03129414)
(109451, 0.03211186)
(109501, 0.03122953)
(109551, 0.03179828)
(109601, 0.03133715)
(109651, 0.03180393)
(109701, 0.03105875)
(109751, 0.03160514)
(109801, 0.03138602)
(109851, 0.03144404)
(109901, 0.03159540)
(109951, 0.03151277)
(110001, 0.03167682)
(110051, 0.03158196)
(110101, 0.03121690)
(110151, 0.03155316)
(110201, 0.03135931)
(110251, 0.03122490)
(110301, 0.03153517)
(110351, 0.03176891)
(110401, 0.03137174)
(110451, 0.03154476)
(110501, 0.03140143)
(110551, 0.03196646)
(110601, 0.03135798)
(110651, 0.03160890)
(110701, 0.03122395)
(110751, 0.03144590)
(110801, 0.03150572)
(110851, 0.03149671)
(110901, 0.03129054)
(110951, 0.03139440)
(111001, 0.03128008)
(111051, 0.03171350)
(111101, 0.03139386)
(111151, 0.03175700)
(111201, 0.03147303)
(111251, 0.03147396)
(111301, 0.03174891)
(111351, 0.03148564)
(111401, 0.03142521)
(111451, 0.03155889)
(111501, 0.03134245)
(111551, 0.03128628)
(111601, 0.03152120)
(111651, 0.03151208)
(111701, 0.03142827)
(111751, 0.03101828)
(111801, 0.03171724)
(111851, 0.03179204)
(111901, 0.03129344)
(111951, 0.03156644)
(112001, 0.03190040)
(112051, 0.03150012)
(112101, 0.03160376)
(112151, 0.03165103)
(112201, 0.03175058)
(112251, 0.03211085)
(112301, 0.03132853)
(112351, 0.03139756)
(112401, 0.03167571)
(112451, 0.03172967)
(112501, 0.03134559)
(112551, 0.03108965)
(112601, 0.03174758)
(112651, 0.03137100)
(112701, 0.03150925)
(112751, 0.03142266)
(112801, 0.03145594)
(112851, 0.03125166)
(112901, 0.03162318)
(112951, 0.03160321)
(113001, 0.03140132)
(113051, 0.03177374)
(113101, 0.03152763)
(113151, 0.03179557)
(113201, 0.03158605)
(113251, 0.03168186)
(113301, 0.03175562)
(113351, 0.03158792)
(113401, 0.03196595)
(113451, 0.03174194)
(113501, 0.03159305)
(113551, 0.03188442)
(113601, 0.03152931)
(113651, 0.03147792)
(113701, 0.03141987)
(113751, 0.03113982)
(113801, 0.03127289)
(113851, 0.03162699)
(113901, 0.03144217)
(113951, 0.03148565)
(114001, 0.03147348)
(114051, 0.03158735)
(114101, 0.03159472)
(114151, 0.03150983)
(114201, 0.03176869)
(114251, 0.03163948)
(114301, 0.03162018)
(114351, 0.03139005)
(114401, 0.03165767)
(114451, 0.03148672)
(114501, 0.03181914)
(114551, 0.03109672)
(114601, 0.03166050)
(114651, 0.03168348)
(114701, 0.03179960)
(114751, 0.03175620)
(114801, 0.03113728)
(114851, 0.03141591)
(114901, 0.03136379)
(114951, 0.03140494)
(115001, 0.03139947)
(115051, 0.03142535)
(115101, 0.03170228)
(115151, 0.03131879)
(115201, 0.03143083)
(115251, 0.03173583)
(115301, 0.03164465)
(115351, 0.03112387)
(115401, 0.03131006)
(115451, 0.03131136)
(115501, 0.03151055)
(115551, 0.03134695)
(115601, 0.03163287)
(115651, 0.03117758)
(115701, 0.03137511)
(115751, 0.03132771)
(115801, 0.03153178)
(115851, 0.03114253)
(115901, 0.03119272)
(115951, 0.03138040)
(116001, 0.03161991)
(116051, 0.03189325)
(116101, 0.03140590)
(116151, 0.03143010)
(116201, 0.03140072)
(116251, 0.03143212)
(116301, 0.03120190)
(116351, 0.03139484)
(116401, 0.03160473)
(116451, 0.03135466)
(116501, 0.03199278)
(116551, 0.03147579)
(116601, 0.03129241)
(116651, 0.03217547)
(116701, 0.03126584)
(116751, 0.03150810)
(116801, 0.03132840)
(116851, 0.03163886)
(116901, 0.03100151)
(116951, 0.03122412)
(117001, 0.03149783)
(117051, 0.03139275)
(117101, 0.03123629)
(117151, 0.03196692)
(117201, 0.03175400)
(117251, 0.03173260)
(117301, 0.03191613)
(117351, 0.03144585)
(117401, 0.03149302)
(117451, 0.03173077)
(117501, 0.03124057)
(117551, 0.03166573)
(117601, 0.03159295)
(117651, 0.03195175)
(117701, 0.03126993)
(117751, 0.03126377)
(117801, 0.03127547)
(117851, 0.03154966)
(117901, 0.03124388)
(117951, 0.03163027)
(118001, 0.03137879)
(118051, 0.03179918)
(118101, 0.03180126)
(118151, 0.03160036)
(118201, 0.03153696)
(118251, 0.03134091)
(118301, 0.03170603)
(118351, 0.03157326)
(118401, 0.03125923)
(118451, 0.03159083)
(118501, 0.03165923)
(118551, 0.03139766)
(118601, 0.03164591)
(118651, 0.03131361)
(118701, 0.03139899)
(118751, 0.03166761)
(118801, 0.03176102)
(118851, 0.03166508)
(118901, 0.03141917)
(118951, 0.03142208)
(119001, 0.03159591)
(119051, 0.03162350)
(119101, 0.03172763)
(119151, 0.03185358)
(119201, 0.03128077)
(119251, 0.03159536)
(119301, 0.03144895)
(119351, 0.03125221)
(119401, 0.03173678)
(119451, 0.03132268)
(119501, 0.03147559)
(119551, 0.03142300)
(119601, 0.03139647)
(119651, 0.03158340)
(119701, 0.03182081)
(119751, 0.03090312)
(119801, 0.03144567)
(119851, 0.03117618)
(119901, 0.03166232)
(119951, 0.03162777)
(120001, 0.03147404)
(120051, 0.03144744)
(120101, 0.03159180)
(120151, 0.03154971)
(120201, 0.03173019)
(120251, 0.03134752)
(120301, 0.03154530)
(120351, 0.03143310)
(120401, 0.03163102)
(120451, 0.03157311)
(120501, 0.03156462)
(120551, 0.03129382)
(120601, 0.03157841)
(120651, 0.03201355)
(120701, 0.03153808)
(120751, 0.03173156)
(120801, 0.03199855)
(120851, 0.03183160)
(120901, 0.03133276)
(120951, 0.03164168)
(121001, 0.03134828)
(121051, 0.03132737)
(121101, 0.03153872)
(121151, 0.03156459)
(121201, 0.03144892)
(121251, 0.03131488)
(121301, 0.03139620)
(121351, 0.03156325)
(121401, 0.03186911)
(121451, 0.03143460)
(121501, 0.03185726)
(121551, 0.03175819)
(121601, 0.03135818)
(121651, 0.03134548)
(121701, 0.03155877)
(121751, 0.03116322)
(121801, 0.03133973)
(121851, 0.03150705)
(121901, 0.03148517)
(121951, 0.03140296)
(122001, 0.03157888)
(122051, 0.03125780)
(122101, 0.03157227)
(122151, 0.03094168)
(122201, 0.03167858)
(122251, 0.03146865)
(122301, 0.03132832)
(122351, 0.03162709)
(122401, 0.03129067)
(122451, 0.03146787)
(122501, 0.03131917)
(122551, 0.03160756)
(122601, 0.03157987)
(122651, 0.03135771)
(122701, 0.03127335)
(122751, 0.03137533)
(122801, 0.03187760)
(122851, 0.03160742)
(122901, 0.03204168)
(122951, 0.03129000)
(123001, 0.03135674)
(123051, 0.03122587)
(123101, 0.03181165)
(123151, 0.03170335)
(123201, 0.03143758)
(123251, 0.03141274)
(123301, 0.03134268)
(123351, 0.03149422)
(123401, 0.03139385)
(123451, 0.03147551)
(123501, 0.03139147)
(123551, 0.03125484)
(123601, 0.03153804)
(123651, 0.03156288)
(123701, 0.03174758)
(123751, 0.03135739)
(123801, 0.03152700)
(123851, 0.03155143)
(123901, 0.03168684)
(123951, 0.03129377)
(124001, 0.03140075)
(124051, 0.03157173)
(124101, 0.03153868)
(124151, 0.03157142)
(124201, 0.03144036)
(124251, 0.03162178)
(124301, 0.03168220)
(124351, 0.03158717)
(124401, 0.03187788)
(124451, 0.03147958)
(124501, 0.03119589)
(124551, 0.03168134)
(124601, 0.03124728)
(124651, 0.03159561)
(124701, 0.03116745)
(124751, 0.03137516)
(124801, 0.03138355)
(124851, 0.03156719)
(124901, 0.03145441)
(124951, 0.03189343)
