(1, 1.80197895)
(51, 1.80638206)
(101, 1.84147871)
(151, 1.84222507)
(201, 1.84369433)
(251, 1.82429802)
(301, 1.85018361)
(351, 1.82195950)
(401, 1.83561993)
(451, 1.83314192)
(501, 1.84023833)
(551, 1.85662055)
(601, 1.86033821)
(651, 1.87586761)
(701, 1.85541487)
(751, 1.86531210)
(801, 1.83262277)
(851, 1.85324931)
(901, 1.86082876)
(951, 1.85660088)
(1001, 1.86384749)
(1051, 1.84630835)
(1101, 1.86151659)
(1151, 1.87428164)
(1201, 1.86614835)
(1251, 1.88339365)
(1301, 1.85890961)
(1351, 1.85612833)
(1401, 1.86695409)
(1451, 1.85369539)
(1501, 1.87090981)
(1551, 1.85645640)
(1601, 1.84849513)
(1651, 1.85581493)
(1701, 1.85521650)
(1751, 1.87077522)
(1801, 1.84480464)
(1851, 1.85455096)
(1901, 1.86031294)
(1951, 1.83637440)
(2001, 1.85718060)
(2051, 1.87048733)
(2101, 1.84894919)
(2151, 1.84321713)
(2201, 1.88261175)
(2251, 1.84199667)
(2301, 1.85511553)
(2351, 1.86782348)
(2401, 1.84766769)
(2451, 1.87045896)
(2501, 1.85840225)
(2551, 1.85436070)
(2601, 1.87061071)
(2651, 1.84896016)
(2701, 1.85595584)
(2751, 1.85541058)
(2801, 1.86702597)
(2851, 1.84358358)
(2901, 1.85309327)
(2951, 1.85409510)
(3001, 1.87371910)
(3051, 1.85569334)
(3101, 1.84742844)
(3151, 1.84041142)
(3201, 1.85882819)
(3251, 1.86229646)
(3301, 1.84892583)
(3351, 1.86901367)
(3401, 1.84540153)
(3451, 1.86953878)
(3501, 1.85955596)
(3551, 1.85445428)
(3601, 1.85874927)
(3651, 1.86235023)
(3701, 1.87261450)
(3751, 1.86348772)
(3801, 1.86593390)
(3851, 1.87384355)
(3901, 1.87612176)
(3951, 1.86369061)
(4001, 1.87109339)
(4051, 1.84227979)
(4101, 1.88100302)
(4151, 1.85837626)
(4201, 1.87206805)
(4251, 1.86170578)
(4301, 1.86400521)
(4351, 1.84510553)
(4401, 1.87323093)
(4451, 1.83123636)
(4501, 1.85006881)
(4551, 1.85121572)
(4601, 1.86774814)
(4651, 1.86683536)
(4701, 1.85998964)
(4751, 1.87039471)
(4801, 1.85163808)
(4851, 1.87347019)
(4901, 1.86628830)
(4951, 1.86526728)
(5001, 1.85334063)
(5051, 1.87758648)
(5101, 1.86967921)
(5151, 1.85245013)
(5201, 1.85562563)
(5251, 1.85863960)
(5301, 1.87306964)
(5351, 1.87785792)
(5401, 1.89663470)
(5451, 1.86956096)
(5501, 1.84330249)
(5551, 1.86793363)
(5601, 1.87755632)
(5651, 1.84705091)
(5701, 1.87321699)
(5751, 1.86719787)
(5801, 1.87614417)
(5851, 1.85840631)
(5901, 1.87414145)
(5951, 1.86325586)
(6001, 1.87546444)
(6051, 1.87765324)
(6101, 1.86040950)
(6151, 1.87753284)
(6201, 1.87405086)
(6251, 1.86191642)
(6301, 1.86783326)
(6351, 1.86877239)
(6401, 1.87283874)
(6451, 1.86978066)
(6501, 1.86311650)
(6551, 1.87213254)
(6601, 1.84503722)
(6651, 1.85981655)
(6701, 1.84958518)
(6751, 1.85166085)
(6801, 1.85625648)
(6851, 1.86043727)
(6901, 1.87873697)
(6951, 1.85850167)
(7001, 1.87163651)
(7051, 1.86411190)
(7101, 1.84914637)
(7151, 1.88332558)
(7201, 1.87350512)
(7251, 1.86310780)
(7301, 1.86548793)
(7351, 1.85897601)
(7401, 1.87381160)
(7451, 1.85449588)
(7501, 1.88157105)
(7551, 1.86285198)
(7601, 1.86054754)
(7651, 1.88619459)
(7701, 1.85493600)
(7751, 1.86754870)
(7801, 1.85534608)
(7851, 1.85529947)
(7901, 1.88411653)
(7951, 1.85578156)
(8001, 1.86162949)
(8051, 1.86806870)
(8101, 1.87465918)
(8151, 1.86324906)
(8201, 1.86472023)
(8251, 1.87117028)
(8301, 1.87042785)
(8351, 1.88203657)
(8401, 1.87659693)
(8451, 1.87317479)
(8501, 1.88674808)
(8551, 1.86492515)
(8601, 1.89127207)
(8651, 1.88143384)
(8701, 1.86768544)
(8751, 1.87018239)
(8801, 1.85418177)
(8851, 1.88074791)
(8901, 1.87068570)
(8951, 1.86333096)
(9001, 1.85813689)
(9051, 1.87133825)
(9101, 1.87138093)
(9151, 1.86696112)
(9201, 1.87439561)
(9251, 1.85783267)
(9301, 1.86701119)
(9351, 1.87467945)
(9401, 1.85794854)
(9451, 1.86618757)
(9501, 1.85622263)
(9551, 1.86001122)
(9601, 1.87784553)
(9651, 1.85886860)
(9701, 1.85901690)
(9751, 1.86841607)
(9801, 1.89151359)
(9851, 1.87170768)
(9901, 1.87675953)
(9951, 1.88155663)
(10001, 1.86227620)
(10051, 1.87844658)
(10101, 1.86239409)
(10151, 1.85025227)
(10201, 1.84257197)
(10251, 1.84980416)
(10301, 1.87246728)
(10351, 1.86212683)
(10401, 1.87130582)
(10451, 1.86934972)
(10501, 1.86074984)
(10551, 1.87953830)
(10601, 1.86111355)
(10651, 1.85819590)
(10701, 1.87470973)
(10751, 1.87205899)
(10801, 1.86223435)
(10851, 1.87408519)
(10901, 1.87369227)
(10951, 1.86807716)
(11001, 1.85964704)
(11051, 1.86562955)
(11101, 1.88316572)
(11151, 1.86303270)
(11201, 1.86115861)
(11251, 1.87206697)
(11301, 1.85213768)
(11351, 1.85752583)
(11401, 1.89741945)
(11451, 1.86115134)
(11501, 1.85183942)
(11551, 1.86783814)
(11601, 1.87070489)
(11651, 1.85827363)
(11701, 1.88778996)
(11751, 1.85615957)
(11801, 1.86142707)
(11851, 1.87973428)
(11901, 1.87683249)
(11951, 1.87040758)
(12001, 1.85722852)
(12051, 1.86387372)
(12101, 1.89468265)
(12151, 1.87079322)
(12201, 1.87062967)
(12251, 1.89905190)
(12301, 1.84366703)
(12351, 1.85946572)
(12401, 1.87379205)
(12451, 1.87024999)
(12501, 1.87819362)
(12551, 1.85771775)
(12601, 1.87330687)
(12651, 1.87085128)
(12701, 1.87262845)
(12751, 1.87769341)
(12801, 1.85430872)
(12851, 1.87375236)
(12901, 1.86808372)
(12951, 1.86778927)
(13001, 1.86346722)
(13051, 1.87143290)
(13101, 1.87332058)
(13151, 1.85569417)
(13201, 1.86453438)
(13251, 1.85090435)
(13301, 1.87041593)
(13351, 1.86358881)
(13401, 1.88682008)
(13451, 1.87602806)
(13501, 1.87047231)
(13551, 1.86945748)
(13601, 1.87296915)
(13651, 1.85878396)
(13701, 1.85035312)
(13751, 1.85190392)
(13801, 1.88520050)
(13851, 1.86865282)
(13901, 1.86319613)
(13951, 1.86413646)
(14001, 1.85812092)
(14051, 1.86747217)
(14101, 1.85789537)
(14151, 1.86953831)
(14201, 1.87844443)
(14251, 1.86639309)
(14301, 1.85584044)
(14351, 1.87894809)
(14401, 1.89261329)
(14451, 1.87586164)
(14501, 1.86028409)
(14551, 1.86956096)
(14601, 1.87546325)
(14651, 1.85806215)
(14701, 1.86214757)
(14751, 1.86806083)
(14801, 1.86615252)
(14851, 1.87507021)
(14901, 1.86591530)
(14951, 1.86971879)
(15001, 1.85811663)
(15051, 1.85666466)
(15101, 1.85588408)
(15151, 1.86825061)
(15201, 1.86637414)
(15251, 1.86123037)
(15301, 1.86101401)
(15351, 1.87746823)
(15401, 1.86754251)
(15451, 1.87699008)
(15501, 1.86331666)
(15551, 1.86220038)
(15601, 1.86169553)
(15651, 1.85117817)
(15701, 1.86682594)
(15751, 1.85938811)
(15801, 1.85440791)
(15851, 1.87628818)
(15901, 1.87074471)
(15951, 1.88598549)
(16001, 1.84381580)
(16051, 1.87208581)
(16101, 1.85225558)
(16151, 1.87109673)
(16201, 1.85908306)
(16251, 1.86514008)
(16301, 1.85814178)
(16351, 1.85227680)
(16401, 1.84968245)
(16451, 1.86614406)
(16501, 1.86519599)
(16551, 1.87851286)
(16601, 1.86577928)
(16651, 1.88517678)
(16701, 1.88475132)
(16751, 1.86764884)
(16801, 1.85857368)
(16851, 1.85457587)
(16901, 1.87840223)
(16951, 1.85509872)
(17001, 1.86990988)
(17051, 1.85934758)
(17101, 1.85359168)
(17151, 1.86129916)
(17201, 1.86564994)
(17251, 1.87068450)
(17301, 1.86011910)
(17351, 1.86019266)
(17401, 1.86288929)
(17451, 1.87725544)
(17501, 1.85563946)
(17551, 1.86161363)
(17601, 1.85902011)
(17651, 1.88648295)
(17701, 1.87585199)
(17751, 1.88245976)
(17801, 1.86497641)
(17851, 1.85704160)
(17901, 1.86681366)
(17951, 1.88046980)
(18001, 1.84708929)
(18051, 1.86857748)
(18101, 1.85188711)
(18151, 1.86085320)
(18201, 1.86117625)
(18251, 1.84670973)
(18301, 1.85769796)
(18351, 1.86703598)
(18401, 1.86613321)
(18451, 1.88059092)
(18501, 1.88543320)
(18551, 1.86394238)
(18601, 1.86637807)
(18651, 1.86937773)
(18701, 1.87249172)
(18751, 1.86801219)
(18801, 1.87340569)
(18851, 1.86139095)
(18901, 1.86480129)
(18951, 1.87055004)
(19001, 1.84932613)
(19051, 1.87965512)
(19101, 1.86845815)
(19151, 1.86652470)
(19201, 1.84029508)
(19251, 1.87580097)
(19301, 1.86593843)
(19351, 1.89183533)
(19401, 1.87243152)
(19451, 1.87868631)
(19501, 1.86569464)
(19551, 1.87087429)
(19601, 1.86621284)
(19651, 1.86806214)
(19701, 1.83905566)
(19751, 1.85622692)
(19801, 1.86409485)
(19851, 1.85939276)
(19901, 1.85701847)
(19951, 1.88256490)
(20001, 1.87144315)
(20051, 1.87983441)
(20101, 1.86563635)
(20151, 1.86021459)
(20201, 1.87112772)
(20251, 1.85680699)
(20301, 1.86742949)
(20351, 1.87129414)
(20401, 1.88369012)
(20451, 1.85337257)
(20501, 1.87953389)
(20551, 1.87640917)
(20601, 1.84984338)
(20651, 1.88684094)
(20701, 1.86130881)
(20751, 1.87245131)
(20801, 1.87146771)
(20851, 1.87322962)
(20901, 1.87601459)
(20951, 1.84726334)
(21001, 1.85942638)
(21051, 1.86044931)
(21101, 1.87572086)
(21151, 1.86722410)
(21201, 1.85037875)
(21251, 1.86551988)
(21301, 1.86285806)
(21351, 1.87858212)
(21401, 1.86097395)
(21451, 1.84887159)
(21501, 1.83689690)
(21551, 1.85217130)
(21601, 1.86570895)
(21651, 1.86175561)
(21701, 1.84500909)
(21751, 1.86733401)
(21801, 1.86617386)
(21851, 1.85338068)
(21901, 1.88064671)
(21951, 1.88932812)
(22001, 1.87404490)
(22051, 1.86574495)
(22101, 1.86580729)
(22151, 1.85887897)
(22201, 1.85157633)
(22251, 1.86555970)
(22301, 1.86882722)
(22351, 1.86283743)
(22401, 1.86421561)
(22451, 1.87223518)
(22501, 1.86860645)
(22551, 1.87169671)
(22601, 1.87174654)
(22651, 1.87056863)
(22701, 1.88030910)
(22751, 1.85583079)
(22801, 1.87067318)
(22851, 1.86200273)
(22901, 1.86064827)
(22951, 1.87192702)
(23001, 1.87576640)
(23051, 1.85302472)
(23101, 1.86059594)
(23151, 1.88156891)
(23201, 1.86934423)
(23251, 1.87753344)
(23301, 1.87683129)
(23351, 1.85749865)
(23401, 1.87114727)
(23451, 1.87006199)
(23501, 1.87295544)
(23551, 1.87187076)
(23601, 1.86252713)
(23651, 1.85659254)
(23701, 1.87078106)
(23751, 1.85963917)
(23801, 1.87792146)
(23851, 1.85298204)
(23901, 1.86482072)
(23951, 1.85061908)
(24001, 1.86180985)
(24051, 1.86199701)
(24101, 1.87503195)
(24151, 1.85924745)
(24201, 1.85760152)
(24251, 1.86531389)
(24301, 1.87555718)
(24351, 1.85971248)
(24401, 1.86749887)
(24451, 1.85857964)
(24501, 1.87135756)
(24551, 1.85062349)
(24601, 1.86714911)
(24651, 1.87936115)
(24701, 1.85408366)
(24751, 1.86822379)
(24801, 1.87526727)
(24851, 1.85551286)
(24901, 1.85590601)
(24951, 1.85706711)
(25001, 1.85609412)
(25051, 1.84324622)
(25101, 1.85933566)
(25151, 1.88641548)
(25201, 1.85892665)
(25251, 1.88754869)
(25301, 1.86257017)
(25351, 1.86518931)
(25401, 1.86492145)
(25451, 1.86574924)
(25501, 1.86642158)
(25551, 1.85813117)
(25601, 1.87577081)
(25651, 1.85914290)
(25701, 1.86196899)
(25751, 1.89322305)
(25801, 1.85095429)
(25851, 1.87758231)
(25901, 1.85683799)
(25951, 1.85154366)
(26001, 1.84631836)
(26051, 1.85174489)
(26101, 1.86527681)
(26151, 1.86517382)
(26201, 1.87876129)
(26251, 1.85018611)
(26301, 1.87037766)
(26351, 1.86107945)
(26401, 1.88356364)
(26451, 1.89123154)
(26501, 1.86903882)
(26551, 1.88189685)
(26601, 1.86440969)
(26651, 1.88430750)
(26701, 1.86471546)
(26751, 1.86747670)
(26801, 1.86820400)
(26851, 1.85777926)
(26901, 1.85793674)
(26951, 1.89302921)
(27001, 1.87205672)
(27051, 1.85367072)
(27101, 1.87370777)
(27151, 1.86344969)
(27201, 1.87525392)
(27251, 1.88508141)
(27301, 1.86806035)
(27351, 1.87520754)
(27401, 1.86510396)
(27451, 1.84515476)
(27501, 1.86967409)
(27551, 1.87477446)
(27601, 1.83653462)
(27651, 1.86670911)
(27701, 1.86534882)
(27751, 1.85697293)
(27801, 1.85993826)
(27851, 1.87177098)
(27901, 1.87431383)
(27951, 1.86443198)
(28001, 1.87595105)
(28051, 1.86784220)
(28101, 1.88351989)
(28151, 1.86157608)
(28201, 1.87993765)
(28251, 1.86091948)
(28301, 1.85163105)
(28351, 1.87067044)
(28401, 1.86782551)
(28451, 1.85457563)
(28501, 1.87407219)
(28551, 1.87149823)
(28601, 1.86384952)
(28651, 1.86418641)
(28701, 1.88360023)
(28751, 1.88112986)
(28801, 1.87211704)
(28851, 1.87829030)
(28901, 1.88051760)
(28951, 1.86920679)
(29001, 1.87667644)
(29051, 1.84276152)
(29101, 1.84641707)
(29151, 1.85432768)
(29201, 1.87002695)
(29251, 1.87551177)
(29301, 1.86645567)
(29351, 1.85609186)
(29401, 1.85838628)
(29451, 1.85094953)
(29501, 1.86267507)
(29551, 1.86422408)
(29601, 1.87047708)
(29651, 1.85506785)
(29701, 1.87865365)
(29751, 1.86708379)
(29801, 1.88694394)
(29851, 1.85818958)
(29901, 1.85934830)
(29951, 1.88877892)
(30001, 1.86275208)
(30051, 1.87333786)
(30101, 1.87104714)
(30151, 1.87848675)
(30201, 1.86901331)
(30251, 1.87959385)
(30301, 1.87450302)
(30351, 1.88278151)
(30401, 1.86402750)
(30451, 1.84838176)
(30501, 1.86634398)
(30551, 1.86376774)
(30601, 1.87760496)
(30651, 1.87439311)
(30701, 1.88699126)
(30751, 1.85198200)
(30801, 1.87313461)
(30851, 1.86537051)
(30901, 1.85489810)
(30951, 1.85548174)
(31001, 1.85663307)
(31051, 1.86755300)
(31101, 1.85970223)
(31151, 1.87023091)
(31201, 1.87799609)
(31251, 1.88651407)
(31301, 1.86761606)
(31351, 1.85377336)
(31401, 1.87065399)
(31451, 1.89914739)
(31501, 1.86842656)
(31551, 1.87154770)
(31601, 1.88273895)
(31651, 1.87471557)
(31701, 1.85995245)
(31751, 1.87854302)
(31801, 1.88744175)
(31851, 1.86603630)
(31901, 1.84605169)
(31951, 1.86035085)
(32001, 1.87034869)
(32051, 1.87008965)
(32101, 1.85366774)
(32151, 1.86357260)
(32201, 1.88291323)
(32251, 1.86864376)
(32301, 1.86166465)
(32351, 1.86534488)
(32401, 1.87061727)
(32451, 1.87188411)
(32501, 1.86826420)
(32551, 1.84808660)
(32601, 1.85486913)
(32651, 1.86783063)
(32701, 1.86459565)
(32751, 1.87819338)
(32801, 1.86629152)
(32851, 1.85562634)
(32901, 1.89136243)
(32951, 1.85537755)
(33001, 1.86250544)
(33051, 1.85471702)
(33101, 1.86370230)
(33151, 1.87829578)
(33201, 1.85101652)
(33251, 1.86925602)
(33301, 1.85391700)
(33351, 1.87042117)
(33401, 1.86690629)
(33451, 1.84553385)
(33501, 1.87253082)
(33551, 1.87737894)
(33601, 1.86513817)
(33651, 1.86576390)
(33701, 1.87106669)
(33751, 1.88034129)
(33801, 1.87978816)
(33851, 1.88268936)
(33901, 1.87388134)
(33951, 1.86316538)
(34001, 1.86441684)
(34051, 1.85993040)
(34101, 1.84989548)
(34151, 1.86851561)
(34201, 1.86233962)
(34251, 1.87179828)
(34301, 1.87906551)
(34351, 1.89369774)
(34401, 1.89746261)
(34451, 1.85947669)
(34501, 1.88768923)
(34551, 1.88752806)
(34601, 1.87019348)
(34651, 1.87402391)
(34701, 1.87451255)
(34751, 1.87605381)
(34801, 1.86066854)
(34851, 1.86656797)
(34901, 1.86162853)
(34951, 1.87106836)
(35001, 1.86578560)
(35051, 1.86696875)
(35101, 1.86811507)
(35151, 1.86753774)
(35201, 1.87060153)
(35251, 1.87441492)
(35301, 1.87500739)
(35351, 1.88703835)
(35401, 1.89396274)
(35451, 1.87454557)
(35501, 1.88120365)
(35551, 1.85586059)
(35601, 1.88411498)
(35651, 1.87158644)
(35701, 1.86687756)
(35751, 1.86401272)
(35801, 1.86320233)
(35851, 1.87691641)
(35901, 1.86680436)
(35951, 1.86847532)
(36001, 1.86125612)
(36051, 1.86360478)
(36101, 1.87239814)
(36151, 1.85793960)
(36201, 1.86356592)
(36251, 1.86086345)
(36301, 1.88157856)
(36351, 1.87056184)
(36401, 1.86714923)
(36451, 1.87634015)
(36501, 1.87564373)
(36551, 1.87316310)
(36601, 1.87377059)
(36651, 1.85962987)
(36701, 1.86731744)
(36751, 1.86064076)
(36801, 1.85481393)
(36851, 1.86568701)
(36901, 1.86968994)
(36951, 1.86594760)
(37001, 1.84227180)
(37051, 1.86969686)
(37101, 1.85434628)
(37151, 1.85160935)
(37201, 1.88608646)
(37251, 1.86252594)
(37301, 1.86350214)
(37351, 1.86861587)
(37401, 1.86777318)
(37451, 1.86970150)
(37501, 1.88039601)
(37551, 1.88489735)
(37601, 1.88809764)
(37651, 1.86066508)
(37701, 1.85009170)
(37751, 1.87616074)
(37801, 1.87306309)
(37851, 1.85834670)
(37901, 1.86496961)
(37951, 1.86622906)
(38001, 1.86399949)
(38051, 1.86632466)
(38101, 1.85275543)
(38151, 1.84629452)
(38201, 1.86663914)
(38251, 1.87853587)
(38301, 1.88760471)
(38351, 1.85289264)
(38401, 1.89881682)
(38451, 1.86998320)
(38501, 1.87521470)
(38551, 1.85340941)
(38601, 1.87334323)
(38651, 1.85217214)
(38701, 1.83978391)
(38751, 1.87249231)
(38801, 1.87348604)
(38851, 1.87726533)
(38901, 1.86978412)
(38951, 1.86076033)
(39001, 1.86676168)
(39051, 1.86928105)
(39101, 1.86770058)
(39151, 1.86975324)
(39201, 1.86963272)
(39251, 1.88131714)
(39301, 1.85815549)
(39351, 1.86632204)
(39401, 1.86288977)
(39451, 1.86372769)
(39501, 1.86248279)
(39551, 1.87905288)
(39601, 1.86412156)
(39651, 1.85918164)
(39701, 1.86008668)
(39751, 1.87000632)
(39801, 1.86254001)
(39851, 1.87499917)
(39901, 1.86477208)
(39951, 1.87780690)
(40001, 1.86528563)
(40051, 1.87472284)
(40101, 1.87870884)
(40151, 1.87492549)
(40201, 1.88220549)
(40251, 1.87104666)
(40301, 1.87722433)
(40351, 1.85931945)
(40401, 1.85294914)
(40451, 1.88921809)
(40501, 1.85530603)
(40551, 1.87971079)
(40601, 1.88979745)
(40651, 1.87441313)
(40701, 1.85144007)
(40751, 1.86219943)
(40801, 1.86809099)
(40851, 1.86950433)
(40901, 1.86374331)
(40951, 1.85341537)
(41001, 1.86076367)
(41051, 1.86441803)
(41101, 1.85907733)
(41151, 1.86192036)
(41201, 1.89197683)
(41251, 1.85683727)
(41301, 1.87664330)
(41351, 1.87120903)
(41401, 1.87863362)
(41451, 1.87406337)
(41501, 1.86075807)
(41551, 1.87128949)
(41601, 1.86391687)
(41651, 1.87113810)
(41701, 1.85044658)
(41751, 1.86511803)
(41801, 1.85357988)
(41851, 1.86999559)
(41901, 1.87510550)
(41951, 1.86149669)
(42001, 1.86967099)
(42051, 1.86709154)
(42101, 1.88803530)
(42151, 1.86595500)
(42201, 1.86279333)
(42251, 1.85631073)
(42301, 1.84841633)
(42351, 1.85791826)
(42401, 1.86098528)
(42451, 1.87624335)
(42501, 1.85775208)
(42551, 1.88033426)
(42601, 1.86508358)
(42651, 1.85698175)
(42701, 1.86108506)
(42751, 1.88162184)
(42801, 1.86168754)
(42851, 1.87809384)
(42901, 1.88405514)
(42951, 1.85964823)
(43001, 1.88226402)
(43051, 1.86524642)
(43101, 1.87531555)
(43151, 1.85376608)
(43201, 1.85354674)
(43251, 1.87279224)
(43301, 1.87822449)
(43351, 1.87700057)
(43401, 1.86080480)
(43451, 1.86977935)
(43501, 1.85207152)
(43551, 1.87958467)
(43601, 1.86122692)
(43651, 1.86516941)
(43701, 1.86523974)
(43751, 1.86982524)
(43801, 1.88308179)
(43851, 1.87696981)
(43901, 1.86722553)
(43951, 1.86596298)
(44001, 1.86258745)
(44051, 1.84601808)
(44101, 1.86788738)
(44151, 1.87102890)
(44201, 1.87256408)
(44251, 1.86037755)
(44301, 1.85866916)
(44351, 1.86518145)
(44401, 1.88580823)
(44451, 1.86069643)
(44501, 1.87754476)
(44551, 1.85570037)
(44601, 1.88175189)
(44651, 1.85956740)
(44701, 1.89281189)
(44751, 1.89371061)
(44801, 1.87229443)
(44851, 1.87953532)
(44901, 1.86075687)
(44951, 1.87287748)
(45001, 1.85605741)
(45051, 1.86782420)
(45101, 1.86516893)
(45151, 1.87829304)
(45201, 1.86881673)
(45251, 1.87021685)
(45301, 1.87821424)
(45351, 1.88189924)
(45401, 1.88242614)
(45451, 1.87328684)
(45501, 1.86814415)
(45551, 1.87809873)
(45601, 1.87802267)
(45651, 1.88529587)
(45701, 1.86474729)
(45751, 1.85193980)
(45801, 1.87048578)
(45851, 1.87734151)
(45901, 1.86961114)
(45951, 1.88491261)
(46001, 1.87771320)
(46051, 1.87245607)
(46101, 1.85115886)
(46151, 1.86986053)
(46201, 1.86729538)
(46251, 1.87208903)
(46301, 1.87655056)
(46351, 1.86100614)
(46401, 1.87284923)
(46451, 1.87114060)
(46501, 1.87028146)
(46551, 1.86695063)
(46601, 1.85769141)
(46651, 1.87774694)
(46701, 1.87334299)
(46751, 1.86497068)
(46801, 1.86756718)
(46851, 1.86804152)
(46901, 1.85727966)
(46951, 1.87496829)
(47001, 1.86183870)
(47051, 1.87531900)
(47101, 1.87085438)
(47151, 1.85772383)
(47201, 1.85766447)
(47251, 1.87936604)
(47301, 1.85733962)
(47351, 1.88234079)
(47401, 1.86453724)
(47451, 1.84819615)
(47501, 1.86588073)
(47551, 1.86327267)
(47601, 1.85328937)
(47651, 1.87345302)
(47701, 1.86849201)
(47751, 1.85025764)
(47801, 1.88567054)
(47851, 1.84620762)
(47901, 1.85764623)
(47951, 1.84125483)
(48001, 1.86511254)
(48051, 1.86803770)
(48101, 1.87007570)
(48151, 1.87522554)
(48201, 1.87605596)
(48251, 1.88324261)
(48301, 1.84783137)
(48351, 1.87056100)
(48401, 1.87438333)
(48451, 1.86975241)
(48501, 1.86376822)
(48551, 1.88484657)
(48601, 1.88776875)
(48651, 1.87933433)
(48701, 1.87414777)
(48751, 1.85090995)
(48801, 1.87195563)
(48851, 1.86445034)
(48901, 1.86064208)
(48951, 1.86565924)
(49001, 1.86547339)
(49051, 1.87438345)
(49101, 1.86305666)
(49151, 1.86189520)
(49201, 1.86964071)
(49251, 1.87775242)
(49301, 1.86799228)
(49351, 1.85125601)
(49401, 1.87003899)
(49451, 1.85179329)
(49501, 1.86844981)
(49551, 1.87745082)
(49601, 1.87856698)
(49651, 1.84657264)
(49701, 1.89116752)
(49751, 1.88522911)
(49801, 1.87020600)
(49851, 1.86175442)
(49901, 1.85835099)
(49951, 1.86960316)
(50001, 1.86126602)
(50051, 1.85694301)
(50101, 1.86830163)
(50151, 1.86358428)
(50201, 1.88208032)
(50251, 1.87093794)
(50301, 1.87148285)
(50351, 1.86202955)
(50401, 1.88923144)
(50451, 1.84868944)
(50501, 1.86398482)
(50551, 1.86730564)
(50601, 1.86611569)
(50651, 1.88568425)
(50701, 1.87591124)
(50751, 1.86914265)
(50801, 1.88334680)
(50851, 1.87420511)
(50901, 1.86538053)
(50951, 1.86821592)
(51001, 1.86301756)
(51051, 1.86807811)
(51101, 1.87650216)
(51151, 1.88269079)
(51201, 1.88302541)
(51251, 1.85016370)
(51301, 1.87039757)
(51351, 1.85524392)
(51401, 1.86922991)
(51451, 1.84869909)
(51501, 1.85974061)
(51551, 1.88447499)
(51601, 1.85901082)
(51651, 1.87149012)
(51701, 1.87201524)
(51751, 1.86195898)
(51801, 1.86020660)
(51851, 1.88477433)
(51901, 1.87101400)
(51951, 1.87770939)
(52001, 1.86985326)
(52051, 1.86235857)
(52101, 1.85560989)
(52151, 1.88005674)
(52201, 1.88380563)
(52251, 1.86398220)
(52301, 1.87609267)
(52351, 1.87867618)
(52401, 1.86896396)
(52451, 1.86674643)
(52501, 1.86191046)
(52551, 1.88300312)
(52601, 1.86213887)
(52651, 1.88501155)
(52701, 1.87842095)
(52751, 1.85983264)
(52801, 1.87673867)
(52851, 1.85398996)
(52901, 1.87044847)
(52951, 1.88401151)
(53001, 1.86902118)
(53051, 1.86631489)
(53101, 1.87939608)
(53151, 1.87933505)
(53201, 1.87420952)
(53251, 1.86503959)
(53301, 1.87343466)
(53351, 1.87784755)
(53401, 1.86248791)
(53451, 1.86986661)
(53501, 1.87616086)
(53551, 1.87206268)
(53601, 1.86698878)
(53651, 1.87199485)
(53701, 1.87594438)
(53751, 1.87662435)
(53801, 1.86594021)
(53851, 1.86513495)
(53901, 1.86916935)
(53951, 1.87646985)
(54001, 1.87970841)
(54051, 1.87098801)
(54101, 1.86569571)
(54151, 1.85308731)
(54201, 1.88247645)
(54251, 1.87175202)
(54301, 1.87787855)
(54351, 1.88589060)
(54401, 1.87453496)
(54451, 1.84786236)
(54501, 1.87273955)
(54551, 1.88335752)
(54601, 1.86758745)
(54651, 1.84792995)
(54701, 1.85763228)
(54751, 1.86592364)
(54801, 1.86777139)
(54851, 1.87782979)
(54901, 1.88324296)
(54951, 1.87021363)
(55001, 1.87497473)
(55051, 1.86087775)
(55101, 1.87381518)
(55151, 1.86062229)
(55201, 1.86139238)
(55251, 1.86432064)
(55301, 1.85584939)
(55351, 1.88475513)
(55401, 1.86962223)
(55451, 1.87267935)
(55501, 1.87688565)
(55551, 1.87752426)
(55601, 1.86105418)
(55651, 1.88380587)
(55701, 1.85203683)
(55751, 1.86912668)
(55801, 1.87414765)
(55851, 1.87068522)
(55901, 1.85536373)
(55951, 1.87594903)
(56001, 1.86275816)
(56051, 1.86712945)
(56101, 1.88134217)
(56151, 1.87279391)
(56201, 1.85252595)
(56251, 1.85557938)
(56301, 1.88087058)
(56351, 1.86830997)
(56401, 1.87772679)
(56451, 1.87616205)
(56501, 1.86753953)
(56551, 1.87818897)
(56601, 1.89280629)
(56651, 1.85073280)
(56701, 1.86119843)
(56751, 1.87823153)
(56801, 1.87785792)
(56851, 1.88264203)
(56901, 1.87545562)
(56951, 1.88392627)
(57001, 1.86221349)
(57051, 1.86742151)
(57101, 1.86671448)
(57151, 1.88460946)
(57201, 1.86445451)
(57251, 1.86902869)
(57301, 1.86428583)
(57351, 1.85788238)
(57401, 1.87385237)
(57451, 1.87708032)
(57501, 1.86366880)
(57551, 1.86786854)
(57601, 1.88256085)
(57651, 1.85725939)
(57701, 1.85074258)
(57751, 1.88451076)
(57801, 1.87294686)
(57851, 1.85984218)
(57901, 1.85332167)
(57951, 1.88103580)
(58001, 1.86482477)
(58051, 1.86059022)
(58101, 1.85257971)
(58151, 1.85572100)
(58201, 1.89025235)
(58251, 1.86301088)
(58301, 1.86514997)
(58351, 1.89397430)
(58401, 1.87699819)
(58451, 1.86618745)
(58501, 1.87242687)
(58551, 1.84710217)
(58601, 1.86803150)
(58651, 1.86530340)
(58701, 1.85361350)
(58751, 1.86730278)
(58801, 1.87416625)
(58851, 1.86653960)
(58901, 1.86269939)
(58951, 1.87956166)
(59001, 1.86685443)
(59051, 1.87551999)
(59101, 1.87808609)
(59151, 1.86280847)
(59201, 1.87948298)
(59251, 1.88057137)
(59301, 1.86395240)
(59351, 1.86588585)
(59401, 1.86096108)
(59451, 1.89430404)
(59501, 1.85354602)
(59551, 1.85288870)
(59601, 1.87665296)
(59651, 1.86951971)
(59701, 1.85903215)
(59751, 1.86913884)
(59801, 1.88285196)
(59851, 1.85136902)
(59901, 1.86534297)
(59951, 1.85728955)
(60001, 1.89245570)
(60051, 1.88427448)
(60101, 1.86113644)
(60151, 1.87467754)
(60201, 1.86297750)
(60251, 1.87719274)
(60301, 1.87740386)
(60351, 1.86456394)
(60401, 1.87488258)
(60451, 1.87741280)
(60501, 1.87274075)
(60551, 1.84477854)
(60601, 1.87637424)
(60651, 1.87337136)
(60701, 1.87309575)
(60751, 1.85688102)
(60801, 1.87337661)
(60851, 1.88903463)
(60901, 1.87605715)
(60951, 1.86946392)
(61001, 1.84740090)
(61051, 1.86585915)
(61101, 1.89249349)
(61151, 1.85678613)
(61201, 1.88430405)
(61251, 1.86501455)
(61301, 1.88053048)
(61351, 1.87326610)
(61401, 1.87012446)
(61451, 1.88052833)
(61501, 1.86870301)
(61551, 1.87953687)
(61601, 1.88096452)
(61651, 1.87885344)
(61701, 1.86491704)
(61751, 1.86838126)
(61801, 1.86664677)
(61851, 1.86576164)
(61901, 1.86627138)
(61951, 1.85739851)
(62001, 1.87560689)
(62051, 1.86978698)
(62101, 1.85073280)
(62151, 1.88076580)
(62201, 1.86351430)
(62251, 1.88556254)
(62301, 1.87537396)
(62351, 1.87245500)
(62401, 1.89491749)
(62451, 1.88246143)
(62501, 1.86836159)
(62551, 1.88175988)
(62601, 1.86137748)
(62651, 1.85975409)
(62701, 1.86985397)
(62751, 1.86645567)
(62801, 1.85920560)
(62851, 1.87447762)
(62901, 1.87837029)
(62951, 1.86851847)
(63001, 1.85683978)
(63051, 1.86919403)
(63101, 1.87253797)
(63151, 1.86107433)
(63201, 1.87856185)
(63251, 1.85862899)
(63301, 1.86038327)
(63351, 1.87315130)
(63401, 1.86981165)
(63451, 1.87099934)
(63501, 1.86076665)
(63551, 1.87560356)
(63601, 1.86554670)
(63651, 1.85970175)
(63701, 1.89826751)
(63751, 1.86894119)
(63801, 1.88095510)
(63851, 1.86458647)
(63901, 1.85675824)
(63951, 1.86927080)
(64001, 1.88364375)
(64051, 1.85210001)
(64101, 1.85833955)
(64151, 1.87312329)
(64201, 1.86773956)
(64251, 1.86485195)
(64301, 1.84338140)
(64351, 1.84764850)
(64401, 1.87797451)
(64451, 1.87407410)
(64501, 1.87892294)
(64551, 1.86091518)
(64601, 1.85927701)
(64651, 1.86155999)
(64701, 1.86648488)
(64751, 1.88934851)
(64801, 1.87214744)
(64851, 1.85898817)
(64901, 1.85746014)
(64951, 1.87282431)
(65001, 1.87113702)
(65051, 1.88446164)
(65101, 1.87020063)
(65151, 1.86284494)
(65201, 1.87217128)
(65251, 1.87679195)
(65301, 1.86580849)
(65351, 1.83846915)
(65401, 1.86560547)
(65451, 1.86731970)
(65501, 1.86152279)
(65551, 1.87576079)
(65601, 1.87632167)
(65651, 1.86739361)
(65701, 1.86406112)
(65751, 1.87005699)
(65801, 1.87619305)
(65851, 1.85992026)
(65901, 1.87727392)
(65951, 1.85270357)
(66001, 1.87211204)
(66051, 1.88246334)
(66101, 1.88152623)
(66151, 1.87452948)
(66201, 1.87315130)
(66251, 1.87347043)
(66301, 1.87075973)
(66351, 1.88099074)
(66401, 1.86440265)
(66451, 1.88578939)
(66501, 1.85727572)
(66551, 1.87070096)
(66601, 1.85956979)
(66651, 1.86978066)
(66701, 1.87422490)
(66751, 1.86618781)
(66801, 1.86013389)
(66851, 1.86111176)
(66901, 1.86836278)
(66951, 1.85975075)
(67001, 1.86556137)
(67051, 1.86606753)
(67101, 1.86267936)
(67151, 1.86132085)
(67201, 1.87120676)
(67251, 1.87003839)
(67301, 1.88386178)
(67351, 1.87909365)
(67401, 1.85126185)
(67451, 1.87025988)
(67501, 1.86493170)
(67551, 1.87133479)
(67601, 1.85950184)
(67651, 1.86441827)
(67701, 1.86550534)
(67751, 1.86033416)
(67801, 1.85916400)
(67851, 1.86976075)
(67901, 1.89249992)
(67951, 1.86595881)
(68001, 1.86554694)
(68051, 1.87649989)
(68101, 1.87303853)
(68151, 1.86368012)
(68201, 1.86615574)
(68251, 1.87374461)
(68301, 1.87009239)
(68351, 1.87661290)
(68401, 1.87057149)
(68451, 1.86545908)
(68501, 1.85616159)
(68551, 1.87883854)
(68601, 1.87039375)
(68651, 1.86638224)
(68701, 1.86941314)
(68751, 1.85592163)
(68801, 1.88825274)
(68851, 1.85771167)
(68901, 1.87784672)
(68951, 1.87689137)
(69001, 1.84836292)
(69051, 1.87096822)
(69101, 1.86436546)
(69151, 1.86928773)
(69201, 1.87412238)
(69251, 1.87319934)
(69301, 1.85440528)
(69351, 1.84650421)
(69401, 1.86868536)
(69451, 1.85625255)
(69501, 1.85585022)
(69551, 1.86613250)
(69601, 1.87187397)
(69651, 1.86179960)
(69701, 1.86833584)
(69751, 1.86758876)
(69801, 1.87196314)
(69851, 1.85473776)
(69901, 1.87065113)
(69951, 1.87655401)
(70001, 1.86637723)
(70051, 1.86592329)
(70101, 1.85590363)
(70151, 1.86977410)
(70201, 1.86949766)
(70251, 1.87568533)
(70301, 1.86486197)
(70351, 1.85362744)
(70401, 1.85714674)
(70451, 1.85456038)
(70501, 1.88491857)
(70551, 1.87201893)
(70601, 1.85847545)
(70651, 1.86026967)
(70701, 1.86057830)
(70751, 1.87020600)
(70801, 1.87067151)
(70851, 1.86927927)
(70901, 1.85692227)
(70951, 1.86446524)
(71001, 1.87153304)
(71051, 1.86476088)
(71101, 1.87125218)
(71151, 1.84821343)
(71201, 1.87561882)
(71251, 1.89036953)
(71301, 1.86344373)
(71351, 1.88591421)
(71401, 1.86937821)
(71451, 1.86538947)
(71501, 1.87521994)
(71551, 1.85178113)
(71601, 1.86165071)
(71651, 1.86751592)
(71701, 1.86690021)
(71751, 1.86642683)
(71801, 1.88390934)
(71851, 1.87850881)
(71901, 1.87508357)
(71951, 1.86551142)
(72001, 1.87273550)
(72051, 1.87551188)
(72101, 1.87775743)
(72151, 1.86852944)
(72201, 1.87403214)
(72251, 1.85984576)
(72301, 1.84801996)
(72351, 1.86642373)
(72401, 1.88394642)
(72451, 1.87359977)
(72501, 1.86447573)
(72551, 1.88740563)
(72601, 1.85236907)
(72651, 1.88123155)
(72701, 1.87380099)
(72751, 1.87105799)
(72801, 1.85545063)
(72851, 1.88123369)
(72901, 1.89115393)
(72951, 1.87007940)
(73001, 1.87126327)
(73051, 1.87235665)
(73101, 1.87690270)
(73151, 1.88208175)
(73201, 1.85189474)
(73251, 1.86498654)
(73301, 1.87708867)
(73351, 1.87000430)
(73401, 1.87627602)
(73451, 1.86229300)
(73501, 1.87007570)
(73551, 1.86082327)
(73601, 1.87103844)
(73651, 1.86279261)
(73701, 1.89180350)
(73751, 1.86880314)
(73801, 1.88012040)
(73851, 1.85986853)
(73901, 1.88922763)
(73951, 1.87518978)
(74001, 1.86141837)
(74051, 1.86694849)
(74101, 1.86057019)
(74151, 1.85289860)
(74201, 1.86545873)
(74251, 1.88511252)
(74301, 1.86080420)
(74351, 1.85906303)
(74401, 1.87511587)
(74451, 1.86638856)
(74501, 1.87651742)
(74551, 1.87379789)
(74601, 1.86458755)
(74651, 1.87065649)
(74701, 1.86229885)
(74751, 1.86908424)
(74801, 1.88097775)
(74851, 1.86894870)
(74901, 1.88157487)
(74951, 1.85389638)
(75001, 1.86450732)
(75051, 1.86510313)
(75101, 1.86740816)
(75151, 1.86946809)
(75201, 1.86497736)
(75251, 1.87413371)
(75301, 1.87495661)
(75351, 1.87366426)
(75401, 1.86138773)
(75451, 1.87003469)
(75501, 1.87081230)
(75551, 1.87357569)
(75601, 1.86930728)
(75651, 1.86633027)
(75701, 1.86423302)
(75751, 1.87623858)
(75801, 1.86887300)
(75851, 1.88426244)
(75901, 1.87200034)
(75951, 1.86581159)
(76001, 1.86579216)
(76051, 1.85008979)
(76101, 1.87933946)
(76151, 1.86515391)
(76201, 1.89074838)
(76251, 1.86745572)
(76301, 1.86831355)
(76351, 1.86810315)
(76401, 1.87281728)
(76451, 1.88118136)
(76501, 1.86960375)
(76551, 1.87947428)
(76601, 1.85327089)
(76651, 1.85916984)
(76701, 1.86776698)
(76751, 1.88878047)
(76801, 1.86401546)
(76851, 1.85890961)
(76901, 1.84889841)
(76951, 1.88198197)
(77001, 1.85933352)
(77051, 1.86332166)
(77101, 1.87367463)
(77151, 1.85060394)
(77201, 1.87514293)
(77251, 1.87118995)
(77301, 1.87805653)
(77351, 1.85919523)
(77401, 1.87382877)
(77451, 1.87260437)
(77501, 1.87654018)
(77551, 1.86530840)
(77601, 1.86612916)
(77651, 1.86929417)
(77701, 1.88821650)
(77751, 1.87779880)
(77801, 1.87396586)
(77851, 1.87231004)
(77901, 1.85966802)
(77951, 1.86937559)
(78001, 1.86588657)
(78051, 1.86244535)
(78101, 1.87700832)
(78151, 1.85569715)
(78201, 1.86766541)
(78251, 1.86945879)
(78301, 1.86968362)
(78351, 1.88460875)
(78401, 1.86833954)
(78451, 1.87217402)
(78501, 1.86026025)
(78551, 1.87371516)
(78601, 1.87123227)
(78651, 1.85732341)
(78701, 1.87328053)
(78751, 1.87763453)
(78801, 1.86518669)
(78851, 1.87026763)
(78901, 1.87975872)
(78951, 1.87086987)
(79001, 1.87856591)
(79051, 1.86764741)
(79101, 1.87410569)
(79151, 1.85159576)
(79201, 1.86162066)
(79251, 1.88154089)
(79301, 1.84437859)
(79351, 1.85700166)
(79401, 1.86036170)
(79451, 1.88842988)
(79501, 1.87033713)
(79551, 1.87238765)
(79601, 1.87426209)
(79651, 1.86071086)
(79701, 1.85474753)
(79751, 1.86338186)
(79801, 1.85168111)
(79851, 1.87125814)
(79901, 1.86308599)
(79951, 1.87146652)
(80001, 1.88693190)
(80051, 1.85644877)
(80101, 1.86460400)
(80151, 1.86863780)
(80201, 1.87269640)
(80251, 1.89315701)
(80301, 1.87847257)
(80351, 1.85910559)
(80401, 1.86148345)
(80451, 1.85580397)
(80501, 1.86580133)
(80551, 1.87470853)
(80601, 1.88425696)
(80651, 1.87219632)
(80701, 1.89305925)
(80751, 1.85898149)
(80801, 1.88208663)
(80851, 1.88672423)
(80901, 1.87186217)
(80951, 1.87550628)
(81001, 1.89120054)
(81051, 1.88973379)
(81101, 1.88559973)
(81151, 1.87551272)
(81201, 1.86462128)
(81251, 1.86216569)
(81301, 1.86299610)
(81351, 1.88070750)
(81401, 1.87193418)
(81451, 1.84882677)
(81501, 1.88382149)
(81551, 1.87839150)
(81601, 1.84606338)
(81651, 1.88217354)
(81701, 1.86483932)
(81751, 1.87239563)
(81801, 1.87399089)
(81851, 1.86081946)
(81901, 1.86465597)
(81951, 1.86542666)
(82001, 1.88038135)
(82051, 1.85331297)
(82101, 1.86650276)
(82151, 1.87552583)
(82201, 1.86288154)
(82251, 1.87176132)
(82301, 1.87755871)
(82351, 1.86414003)
(82401, 1.87113881)
(82451, 1.86192858)
(82501, 1.84959996)
(82551, 1.87647641)
(82601, 1.88332880)
(82651, 1.89861989)
(82701, 1.88085461)
(82751, 1.86758494)
(82801, 1.87478328)
(82851, 1.86729681)
(82901, 1.86643064)
(82951, 1.86942160)
(83001, 1.87672746)
(83051, 1.87943900)
(83101, 1.86286902)
(83151, 1.87120402)
(83201, 1.84809959)
(83251, 1.86613584)
(83301, 1.86468351)
(83351, 1.87262368)
(83401, 1.85323107)
(83451, 1.87582302)
(83501, 1.88089132)
(83551, 1.86158752)
(83601, 1.88118958)
(83651, 1.87334883)
(83701, 1.87032807)
(83751, 1.86095524)
(83801, 1.83878493)
(83851, 1.86808085)
(83901, 1.87086844)
(83951, 1.86939359)
(84001, 1.87681508)
(84051, 1.85986662)
(84101, 1.87080741)
(84151, 1.87381756)
(84201, 1.87463808)
(84251, 1.89491940)
(84301, 1.86939240)
(84351, 1.86441576)
(84401, 1.86761332)
(84451, 1.88313103)
(84501, 1.86919248)
(84551, 1.86017919)
(84601, 1.87645495)
(84651, 1.83735251)
(84701, 1.86342323)
(84751, 1.87405264)
(84801, 1.87034428)
(84851, 1.87136006)
(84901, 1.88002777)
(84951, 1.87244630)
(85001, 1.84811926)
(85051, 1.86161864)
(85101, 1.86311233)
(85151, 1.87607849)
(85201, 1.88348663)
(85251, 1.87166309)
(85301, 1.87751329)
(85351, 1.87727976)
(85401, 1.86627924)
(85451, 1.85342574)
(85501, 1.86365020)
(85551, 1.87261808)
(85601, 1.86772990)
(85651, 1.86237216)
(85701, 1.87064886)
(85751, 1.87283623)
(85801, 1.88753366)
(85851, 1.86252892)
(85901, 1.87683368)
(85951, 1.85857916)
(86001, 1.85578918)
(86051, 1.86003959)
(86101, 1.87942743)
(86151, 1.87512720)
(86201, 1.86210370)
(86251, 1.88090217)
(86301, 1.88060534)
(86351, 1.88240290)
(86401, 1.87626350)
(86451, 1.87208021)
(86501, 1.87008297)
(86551, 1.86005211)
(86601, 1.88863611)
(86651, 1.86094761)
(86701, 1.85613537)
(86751, 1.85040200)
(86801, 1.86497688)
(86851, 1.85994768)
(86901, 1.85862207)
(86951, 1.86186993)
(87001, 1.85703790)
(87051, 1.85275698)
(87101, 1.84483218)
(87151, 1.86262357)
(87201, 1.86708403)
(87251, 1.85633492)
(87301, 1.87441647)
(87351, 1.88082027)
(87401, 1.87004244)
(87451, 1.86148131)
(87501, 1.87777710)
(87551, 1.85373306)
(87601, 1.86613798)
(87651, 1.84800994)
(87701, 1.86799228)
(87751, 1.87196970)
(87801, 1.85558999)
(87851, 1.86718309)
(87901, 1.86934853)
(87951, 1.86112165)
(88001, 1.87143445)
(88051, 1.85466266)
(88101, 1.87104738)
(88151, 1.86212170)
(88201, 1.87425780)
(88251, 1.88148963)
(88301, 1.87258005)
(88351, 1.86559498)
(88401, 1.86989188)
(88451, 1.88396263)
(88501, 1.85894418)
(88551, 1.87194288)
(88601, 1.87669313)
(88651, 1.88352227)
(88701, 1.88586736)
(88751, 1.86886966)
(88801, 1.86888444)
(88851, 1.85804629)
(88901, 1.85711753)
(88951, 1.86201978)
(89001, 1.86165082)
(89051, 1.88208544)
(89101, 1.86660480)
(89151, 1.86672616)
(89201, 1.86121523)
(89251, 1.88103306)
(89301, 1.86414552)
(89351, 1.87550461)
(89401, 1.88304245)
(89451, 1.87576568)
(89501, 1.85746336)
(89551, 1.85378528)
(89601, 1.87176406)
(89651, 1.85549653)
(89701, 1.84985197)
(89751, 1.87872458)
(89801, 1.88014352)
(89851, 1.86519897)
(89901, 1.87007558)
(89951, 1.86934710)
(90001, 1.86931682)
(90051, 1.85677052)
(90101, 1.86933517)
(90151, 1.86779892)
(90201, 1.86739635)
(90251, 1.88652909)
(90301, 1.87940192)
(90351, 1.86861956)
(90401, 1.88119507)
(90451, 1.85875094)
(90501, 1.84484267)
(90551, 1.87567937)
(90601, 1.89172149)
(90651, 1.86292124)
(90701, 1.88896656)
(90751, 1.86675024)
(90801, 1.87692499)
(90851, 1.87941301)
(90901, 1.84146059)
(90951, 1.88716173)
(91001, 1.86195219)
(91051, 1.87082922)
(91101, 1.85809445)
(91151, 1.86629844)
(91201, 1.86679196)
(91251, 1.86540794)
(91301, 1.87965369)
(91351, 1.82950342)
(91401, 1.89762664)
(91451, 1.87753475)
(91501, 1.88061082)
(91551, 1.86585259)
(91601, 1.86252713)
(91651, 1.87287366)
(91701, 1.86947179)
(91751, 1.86573219)
(91801, 1.87433016)
(91851, 1.86371136)
(91901, 1.85440707)
(91951, 1.87685978)
(92001, 1.87230992)
(92051, 1.86064875)
(92101, 1.88406587)
(92151, 1.87828457)
(92201, 1.85898054)
(92251, 1.85918486)
(92301, 1.86021709)
(92351, 1.85132694)
(92401, 1.87550485)
(92451, 1.88202333)
(92501, 1.85333121)
(92551, 1.88533151)
(92601, 1.86118627)
(92651, 1.87943900)
(92701, 1.88805008)
(92751, 1.86506414)
(92801, 1.89447355)
(92851, 1.88050234)
(92901, 1.88150895)
(92951, 1.87091780)
(93001, 1.86454344)
(93051, 1.88462090)
(93101, 1.87632835)
(93151, 1.86955094)
(93201, 1.85708880)
(93251, 1.87110746)
(93301, 1.83855474)
(93351, 1.85812843)
(93401, 1.88121998)
(93451, 1.86496961)
(93501, 1.88011467)
(93551, 1.86951149)
(93601, 1.86010063)
(93651, 1.87816644)
(93701, 1.87394857)
(93751, 1.86757553)
(93801, 1.86640871)
(93851, 1.87909806)
(93901, 1.88195193)
(93951, 1.86368561)
(94001, 1.87187433)
(94051, 1.86997986)
(94101, 1.86212170)
(94151, 1.86590052)
(94201, 1.86521494)
(94251, 1.86509871)
(94301, 1.85898459)
(94351, 1.88311541)
(94401, 1.84700811)
(94451, 1.86274278)
(94501, 1.86663592)
(94551, 1.87066281)
(94601, 1.85691416)
(94651, 1.86559248)
(94701, 1.85174513)
(94751, 1.87020934)
(94801, 1.85016775)
(94851, 1.85436988)
(94901, 1.84865308)
(94951, 1.88736689)
(95001, 1.85768914)
(95051, 1.87295449)
(95101, 1.85839224)
(95151, 1.85980570)
(95201, 1.87131715)
(95251, 1.84249866)
(95301, 1.87847269)
(95351, 1.86231542)
(95401, 1.84966135)
(95451, 1.86846471)
(95501, 1.88556409)
(95551, 1.86661863)
(95601, 1.88460469)
(95651, 1.86067843)
(95701, 1.86652160)
(95751, 1.87454307)
(95801, 1.89135098)
(95851, 1.86325145)
(95901, 1.86156547)
(95951, 1.86812425)
(96001, 1.88525712)
(96051, 1.87511909)
(96101, 1.86443114)
(96151, 1.86649954)
(96201, 1.86985254)
(96251, 1.86496830)
(96301, 1.85993683)
(96351, 1.86697412)
(96401, 1.87324882)
(96451, 1.86209679)
(96501, 1.88433301)
(96551, 1.86584556)
(96601, 1.86891639)
(96651, 1.88582504)
(96701, 1.88727987)
(96751, 1.86236167)
(96801, 1.86838067)
(96851, 1.87146795)
(96901, 1.87487018)
(96951, 1.87545824)
(97001, 1.87696183)
(97051, 1.85577714)
(97101, 1.85848951)
(97151, 1.87259269)
(97201, 1.87218976)
(97251, 1.87396407)
(97301, 1.87932730)
(97351, 1.86485863)
(97401, 1.88570619)
(97451, 1.86905038)
(97501, 1.87327170)
(97551, 1.89069557)
(97601, 1.87932408)
(97651, 1.86352086)
(97701, 1.85454154)
(97751, 1.85496652)
(97801, 1.87053192)
(97851, 1.87181890)
(97901, 1.87399030)
(97951, 1.87641323)
(98001, 1.87434709)
(98051, 1.87122560)
(98101, 1.87589073)
(98151, 1.86706007)
(98201, 1.86094975)
(98251, 1.87401652)
(98301, 1.86738873)
(98351, 1.84659719)
(98401, 1.86468613)
(98451, 1.87246931)
(98501, 1.86968076)
(98551, 1.86399150)
(98601, 1.86287773)
(98651, 1.85872555)
(98701, 1.87004972)
(98751, 1.88159418)
(98801, 1.86622334)
(98851, 1.86916196)
(98901, 1.84599245)
(98951, 1.85871100)
(99001, 1.87969089)
(99051, 1.87506354)
(99101, 1.87549579)
(99151, 1.88540316)
(99201, 1.86370504)
(99251, 1.85276175)
(99301, 1.88967204)
(99351, 1.87530971)
(99401, 1.85905576)
(99451, 1.86387503)
(99501, 1.87980711)
(99551, 1.87117994)
(99601, 1.87939274)
(99651, 1.87296700)
(99701, 1.86236262)
(99751, 1.87119544)
(99801, 1.85776138)
(99851, 1.87179840)
(99901, 1.85969543)
(99951, 1.86135185)
(100001, 1.86002994)
(100051, 1.86626208)
(100101, 1.84954989)
(100151, 1.87382615)
(100201, 1.88541746)
(100251, 1.86819923)
(100301, 1.87206388)
(100351, 1.88189971)
(100401, 1.88315046)
(100451, 1.87566757)
(100501, 1.87477744)
(100551, 1.86005247)
(100601, 1.87628627)
(100651, 1.86675036)
(100701, 1.87062383)
(100751, 1.87451756)
(100801, 1.86311162)
(100851, 1.86875963)
(100901, 1.87194145)
(100951, 1.87346625)
(101001, 1.85830784)
(101051, 1.88619828)
(101101, 1.87025285)
(101151, 1.86803734)
(101201, 1.86576700)
(101251, 1.88493109)
(101301, 1.88012516)
(101351, 1.86207938)
(101401, 1.86638582)
(101451, 1.87121081)
(101501, 1.88696468)
(101551, 1.87181962)
(101601, 1.84449995)
(101651, 1.85287654)
(101701, 1.87912118)
(101751, 1.86215687)
(101801, 1.86079264)
(101851, 1.86739433)
(101901, 1.86913133)
(101951, 1.88039768)
(102001, 1.86101794)
(102051, 1.86683202)
(102101, 1.86795378)
(102151, 1.85201895)
(102201, 1.87630510)
(102251, 1.86029971)
(102301, 1.87005734)
(102351, 1.88207734)
(102401, 1.87852061)
(102451, 1.86237013)
(102501, 1.88269782)
(102551, 1.87852979)
(102601, 1.88217425)
(102651, 1.86851430)
(102701, 1.85711944)
(102751, 1.88365901)
(102801, 1.87656617)
(102851, 1.86381459)
(102901, 1.85961139)
(102951, 1.87863576)
(103001, 1.87412894)
(103051, 1.87321103)
(103101, 1.88564706)
(103151, 1.86830592)
(103201, 1.87304831)
(103251, 1.87002277)
(103301, 1.86296391)
(103351, 1.86845922)
(103401, 1.87473750)
(103451, 1.88075447)
(103501, 1.88285601)
(103551, 1.87627542)
(103601, 1.88072670)
(103651, 1.87954521)
(103701, 1.85085213)
(103751, 1.85602438)
(103801, 1.86393237)
(103851, 1.86358345)
(103901, 1.87904596)
(103951, 1.86128616)
(104001, 1.85478926)
(104051, 1.85085738)
(104101, 1.86916208)
(104151, 1.85705936)
(104201, 1.87869239)
(104251, 1.86769342)
(104301, 1.89125395)
(104351, 1.86313128)
(104401, 1.86163843)
(104451, 1.87362003)
(104501, 1.86668873)
(104551, 1.87010622)
(104601, 1.84803820)
(104651, 1.86005688)
(104701, 1.86102355)
(104751, 1.86870050)
(104801, 1.87300742)
(104851, 1.86577392)
(104901, 1.86078143)
(104951, 1.86775351)
(105001, 1.87315166)
(105051, 1.86395991)
(105101, 1.86229813)
(105151, 1.86619306)
(105201, 1.87427318)
(105251, 1.86167836)
(105301, 1.86906958)
(105351, 1.87987661)
(105401, 1.85978758)
(105451, 1.87076545)
(105501, 1.87830245)
(105551, 1.86940169)
(105601, 1.86753750)
(105651, 1.86194575)
(105701, 1.86146724)
(105751, 1.85229290)
(105801, 1.87452435)
(105851, 1.87139463)
(105901, 1.86225247)
(105951, 1.86839056)
(106001, 1.87672174)
(106051, 1.87227070)
(106101, 1.86932743)
(106151, 1.88091135)
(106201, 1.87123692)
(106251, 1.86455798)
(106301, 1.87552631)
(106351, 1.87435055)
(106401, 1.87759316)
(106451, 1.87888217)
(106501, 1.85529828)
(106551, 1.84960675)
(106601, 1.85455573)
(106651, 1.86730671)
(106701, 1.86135495)
(106751, 1.86971128)
(106801, 1.86947155)
(106851, 1.87125349)
(106901, 1.86102831)
(106951, 1.86982560)
(107001, 1.85384798)
(107051, 1.85802686)
(107101, 1.87456572)
(107151, 1.86695993)
(107201, 1.87213206)
(107251, 1.87141562)
(107301, 1.88399470)
(107351, 1.87365317)
(107401, 1.88121188)
(107451, 1.86916053)
(107501, 1.86394858)
(107551, 1.87262297)
(107601, 1.84788883)
(107651, 1.88122737)
(107701, 1.86393809)
(107751, 1.85643423)
(107801, 1.86311018)
(107851, 1.86552358)
(107901, 1.87563550)
(107951, 1.86001682)
(108001, 1.85946226)
(108051, 1.87629247)
(108101, 1.86874795)
(108151, 1.86644959)
(108201, 1.86335015)
(108251, 1.87328875)
(108301, 1.85193229)
(108351, 1.88520896)
(108401, 1.87705576)
(108451, 1.88012111)
(108501, 1.85389578)
(108551, 1.87321270)
(108601, 1.87620521)
(108651, 1.88109493)
(108701, 1.87024927)
(108751, 1.87748766)
(108801, 1.87141287)
(108851, 1.86753082)
(108901, 1.87513864)
(108951, 1.87151194)
(109001, 1.86038029)
(109051, 1.84762502)
(109101, 1.88228559)
(109151, 1.86270285)
(109201, 1.87254691)
(109251, 1.88577831)
(109301, 1.86189282)
(109351, 1.87138784)
(109401, 1.86306238)
(109451, 1.84458625)
(109501, 1.86013365)
(109551, 1.89489162)
(109601, 1.87566292)
(109651, 1.85599601)
(109701, 1.88036871)
(109751, 1.86754727)
(109801, 1.88489032)
(109851, 1.86142159)
(109901, 1.85854924)
(109951, 1.87902188)
(110001, 1.87118721)
(110051, 1.85932052)
(110101, 1.87082064)
(110151, 1.86679482)
(110201, 1.87996209)
(110251, 1.87186301)
(110301, 1.88577616)
(110351, 1.85375690)
(110401, 1.87891805)
(110451, 1.86971140)
(110501, 1.87367690)
(110551, 1.86601448)
(110601, 1.87143683)
(110651, 1.85768676)
(110701, 1.87507272)
(110751, 1.85318267)
(110801, 1.87319875)
(110851, 1.88116598)
(110901, 1.86381519)
(110951, 1.86493576)
(111001, 1.85927558)
(111051, 1.86637771)
(111101, 1.86974239)
(111151, 1.86754394)
(111201, 1.86958969)
(111251, 1.85123765)
(111301, 1.86103940)
(111351, 1.87337899)
(111401, 1.86927485)
(111451, 1.87152386)
(111501, 1.86814690)
(111551, 1.87852454)
(111601, 1.86110365)
(111651, 1.87867403)
(111701, 1.87666297)
(111751, 1.86495960)
(111801, 1.86166596)
(111851, 1.87357092)
(111901, 1.87036383)
(111951, 1.86862218)
(112001, 1.85847497)
(112051, 1.88168812)
(112101, 1.85123229)
(112151, 1.87075734)
(112201, 1.88183308)
(112251, 1.83333540)
(112301, 1.86781240)
(112351, 1.86433494)
(112401, 1.85868537)
(112451, 1.85533941)
(112501, 1.87419546)
(112551, 1.86991203)
(112601, 1.86595583)
(112651, 1.87346458)
(112701, 1.88000464)
(112751, 1.86387527)
(112801, 1.85433257)
(112851, 1.86349928)
(112901, 1.87698305)
(112951, 1.87106419)
(113001, 1.87080550)
(113051, 1.86516857)
(113101, 1.87987685)
(113151, 1.87608087)
(113201, 1.87096059)
(113251, 1.85973477)
(113301, 1.87436640)
(113351, 1.87703514)
(113401, 1.84792340)
(113451, 1.87610400)
(113501, 1.87883914)
(113551, 1.84490275)
(113601, 1.85247922)
(113651, 1.85411274)
(113701, 1.87814772)
(113751, 1.89080119)
(113801, 1.87986028)
(113851, 1.84746647)
(113901, 1.87322009)
(113951, 1.87580907)
(114001, 1.86402524)
(114051, 1.88636160)
(114101, 1.87717330)
(114151, 1.86976016)
(114201, 1.86013758)
(114251, 1.86506498)
(114301, 1.86371124)
(114351, 1.86795902)
(114401, 1.86350322)
(114451, 1.84982860)
(114501, 1.87496340)
(114551, 1.86900604)
(114601, 1.86137676)
(114651, 1.87936616)
(114701, 1.86050737)
(114751, 1.85696185)
(114801, 1.87343037)
(114851, 1.86048317)
(114901, 1.86404777)
(114951, 1.87808454)
(115001, 1.87061477)
(115051, 1.86760128)
(115101, 1.85829639)
(115151, 1.87149251)
(115201, 1.88118029)
(115251, 1.85499799)
(115301, 1.87599123)
(115351, 1.87009823)
(115401, 1.86000037)
(115451, 1.87962735)
(115501, 1.87598705)
(115551, 1.87018657)
(115601, 1.88004756)
(115651, 1.88449407)
(115701, 1.86815822)
(115751, 1.86393964)
(115801, 1.87020779)
(115851, 1.86775506)
(115901, 1.86302936)
(115951, 1.87007320)
(116001, 1.86652029)
(116051, 1.87355351)
(116101, 1.86443865)
(116151, 1.86779463)
(116201, 1.86726177)
(116251, 1.86692715)
(116301, 1.86147463)
(116351, 1.86503184)
(116401, 1.87296343)
(116451, 1.87949991)
(116501, 1.88039351)
(116551, 1.87182999)
(116601, 1.88058698)
(116651, 1.84465110)
(116701, 1.88029552)
(116751, 1.87887096)
(116801, 1.86909974)
(116851, 1.88053548)
(116901, 1.88204730)
(116951, 1.88046312)
(117001, 1.86612499)
(117051, 1.86843896)
(117101, 1.86940491)
(117151, 1.85955954)
(117201, 1.88413823)
(117251, 1.87480140)
(117301, 1.86916351)
(117351, 1.86980426)
(117401, 1.87069273)
(117451, 1.86608100)
(117501, 1.85968387)
(117551, 1.86678576)
(117601, 1.84360147)
(117651, 1.85034776)
(117701, 1.85811484)
(117751, 1.86347389)
(117801, 1.87299609)
(117851, 1.87507904)
(117901, 1.86625051)
(117951, 1.88294625)
(118001, 1.87024307)
(118051, 1.87722206)
(118101, 1.86029077)
(118151, 1.86949861)
(118201, 1.87409174)
(118251, 1.86366749)
(118301, 1.86208308)
(118351, 1.87933254)
(118401, 1.86719882)
(118451, 1.85812485)
(118501, 1.86602724)
(118551, 1.87574089)
(118601, 1.86935616)
(118651, 1.87462676)
(118701, 1.86926520)
(118751, 1.86879587)
(118801, 1.88663673)
(118851, 1.86732101)
(118901, 1.86310744)
(118951, 1.87282383)
(119001, 1.89194345)
(119051, 1.88863301)
(119101, 1.85585320)
(119151, 1.86237609)
(119201, 1.87266755)
(119251, 1.86838353)
(119301, 1.86604083)
(119351, 1.88159466)
(119401, 1.86200058)
(119451, 1.88200963)
(119501, 1.87891459)
(119551, 1.88326859)
(119601, 1.87588811)
(119651, 1.86891305)
(119701, 1.88487458)
(119751, 1.87658131)
(119801, 1.86984384)
(119851, 1.86680472)
(119901, 1.87269211)
(119951, 1.86921155)
(120001, 1.87186766)
(120051, 1.88128805)
(120101, 1.87007523)
(120151, 1.86441231)
(120201, 1.85902476)
(120251, 1.85944116)
(120301, 1.87327099)
(120351, 1.87813294)
(120401, 1.85276556)
(120451, 1.87450266)
(120501, 1.86950231)
(120551, 1.86570573)
(120601, 1.87528098)
(120651, 1.85190487)
(120701, 1.87533295)
(120751, 1.85224891)
(120801, 1.84573495)
(120851, 1.83899605)
(120901, 1.87875569)
(120951, 1.87697351)
(121001, 1.85841203)
(121051, 1.86350858)
(121101, 1.88249063)
(121151, 1.86099946)
(121201, 1.86781168)
(121251, 1.86051834)
(121301, 1.87823856)
(121351, 1.86584151)
(121401, 1.85279453)
(121451, 1.87379992)
(121501, 1.84925973)
(121551, 1.85682929)
(121601, 1.88173580)
(121651, 1.87172759)
(121701, 1.87638617)
(121751, 1.88497782)
(121801, 1.86301506)
(121851, 1.85703719)
(121901, 1.84681189)
(121951, 1.87198865)
(122001, 1.85814869)
(122051, 1.87389696)
(122101, 1.87260044)
(122151, 1.86843038)
(122201, 1.85519099)
(122251, 1.86970186)
(122301, 1.87740922)
(122351, 1.85091901)
(122401, 1.85838556)
(122451, 1.88273382)
(122501, 1.86611450)
(122551, 1.87369764)
(122601, 1.85104752)
(122651, 1.87350070)
(122701, 1.85751367)
(122751, 1.87723970)
(122801, 1.85207510)
(122851, 1.85418856)
(122901, 1.84194779)
(122951, 1.86635065)
(123001, 1.85709333)
(123051, 1.86869454)
(123101, 1.87349927)
(123151, 1.84843814)
(123201, 1.86237907)
(123251, 1.86217678)
(123301, 1.86070633)
(123351, 1.86986196)
(123401, 1.86986315)
(123451, 1.85040855)
(123501, 1.88233674)
(123551, 1.86792004)
(123601, 1.86131954)
(123651, 1.87233269)
(123701, 1.84726882)
(123751, 1.88077378)
(123801, 1.85335290)
(123851, 1.85516584)
(123901, 1.87486517)
(123951, 1.85898006)
(124001, 1.87336707)
(124051, 1.87229967)
(124101, 1.87359154)
(124151, 1.86900449)
(124201, 1.87445259)
(124251, 1.88095462)
(124301, 1.86925519)
(124351, 1.86272597)
(124401, 1.88775671)
(124451, 1.86889553)
(124501, 1.87542367)
(124551, 1.86154044)
(124601, 1.87599802)
(124651, 1.84911120)
(124701, 1.87991464)
(124751, 1.87539911)
(124801, 1.86633468)
(124851, 1.85492802)
(124901, 1.87954295)
(124951, 1.88492489)
