(1, 0.69009756)
(51, 0.15656391)
(101, 0.13954853)
(151, 0.11358995)
(201, 0.10709424)
(251, 0.11292043)
(301, 0.08241032)
(351, 0.07433061)
(401, 0.06533176)
(451, 0.06287382)
(501, 0.05508403)
(551, 0.06612104)
(601, 0.05812405)
(651, 0.05030776)
(701, 0.05205544)
(751, 0.05071928)
(801, 0.04261283)
(851, 0.04659444)
(901, 0.04203476)
(951, 0.04635595)
(1001, 0.04601308)
(1051, 0.04570864)
(1101, 0.04921300)
(1151, 0.04055025)
(1201, 0.04044072)
(1251, 0.04016253)
(1301, 0.03998679)
(1351, 0.03836659)
(1401, 0.03830172)
(1451, 0.04158833)
(1501, 0.03888939)
(1551, 0.04212608)
(1601, 0.03454168)
(1651, 0.04082384)
(1701, 0.03767509)
(1751, 0.03654940)
(1801, 0.04080690)
(1851, 0.03919308)
(1901, 0.03320226)
(1951, 0.03636339)
(2001, 0.03237662)
(2051, 0.03763276)
(2101, 0.03461452)
(2151, 0.03302415)
(2201, 0.03515038)
(2251, 0.02995602)
(2301, 0.02983738)
(2351, 0.03467404)
(2401, 0.03502980)
(2451, 0.03419140)
(2501, 0.03270577)
(2551, 0.03428994)
(2601, 0.03072581)
(2651, 0.03122155)
(2701, 0.03062818)
(2751, 0.02814341)
(2801, 0.03355571)
(2851, 0.03600220)
(2901, 0.02830451)
(2951, 0.02811481)
(3001, 0.02778299)
(3051, 0.02928555)
(3101, 0.02880251)
(3151, 0.02620729)
(3201, 0.02864821)
(3251, 0.02901236)
(3301, 0.02854582)
(3351, 0.02885182)
(3401, 0.03268733)
(3451, 0.03412726)
(3501, 0.02882588)
(3551, 0.02911588)
(3601, 0.02612254)
(3651, 0.02713259)
(3701, 0.03180535)
(3751, 0.02897543)
(3801, 0.03291249)
(3851, 0.02719503)
(3901, 0.02560367)
(3951, 0.02553729)
(4001, 0.02984469)
(4051, 0.02510180)
(4101, 0.02507368)
(4151, 0.02441086)
(4201, 0.02542080)
(4251, 0.02934154)
(4301, 0.02318156)
(4351, 0.02354625)
(4401, 0.02978102)
(4451, 0.02610410)
(4501, 0.02806464)
(4551, 0.02472561)
(4601, 0.02666145)
(4651, 0.02848569)
(4701, 0.02738993)
(4751, 0.02654473)
(4801, 0.02456336)
(4851, 0.02730732)
(4901, 0.02212703)
(4951, 0.02410718)
(5001, 0.02444672)
(5051, 0.02695691)
(5101, 0.02598176)
(5151, 0.02460199)
(5201, 0.02446759)
(5251, 0.02706166)
(5301, 0.02293092)
(5351, 0.02491915)
(5401, 0.02354894)
(5451, 0.02461067)
(5501, 0.02305191)
(5551, 0.02445725)
(5601, 0.02129965)
(5651, 0.02212615)
(5701, 0.02125068)
(5751, 0.02236102)
(5801, 0.02419621)
(5851, 0.02099600)
(5901, 0.02555970)
(5951, 0.02150436)
(6001, 0.03092428)
(6051, 0.02321041)
(6101, 0.02220415)
(6151, 0.02445359)
(6201, 0.02181135)
(6251, 0.02226060)
(6301, 0.02289167)
(6351, 0.02119920)
(6401, 0.02204714)
(6451, 0.02532194)
(6501, 0.02341684)
(6551, 0.02130222)
(6601, 0.02011022)
(6651, 0.02225458)
(6701, 0.02403366)
(6751, 0.02267803)
(6801, 0.02219403)
(6851, 0.02277312)
(6901, 0.02598003)
(6951, 0.01999415)
(7001, 0.01986605)
(7051, 0.02407790)
(7101, 0.02182216)
(7151, 0.01999523)
(7201, 0.02648585)
(7251, 0.02358881)
(7301, 0.02330004)
(7351, 0.02087617)
(7401, 0.01970836)
(7451, 0.02040267)
(7501, 0.02106669)
(7551, 0.02217815)
(7601, 0.02268466)
(7651, 0.02018483)
(7701, 0.02168677)
(7751, 0.02152165)
(7801, 0.02219124)
(7851, 0.02123881)
(7901, 0.02018777)
(7951, 0.02453331)
(8001, 0.02135988)
(8051, 0.02293829)
(8101, 0.02408259)
(8151, 0.02040334)
(8201, 0.02236515)
(8251, 0.01940837)
(8301, 0.01971435)
(8351, 0.02043566)
(8401, 0.02175543)
(8451, 0.02080659)
(8501, 0.02495450)
(8551, 0.02061256)
(8601, 0.01978706)
(8651, 0.01977403)
(8701, 0.01914192)
(8751, 0.02079813)
(8801, 0.02020167)
(8851, 0.01840388)
(8901, 0.02006455)
(8951, 0.01950696)
(9001, 0.02103477)
(9051, 0.01751418)
(9101, 0.01900969)
(9151, 0.01788186)
(9201, 0.02245612)
(9251, 0.01980624)
(9301, 0.02190320)
(9351, 0.01829886)
(9401, 0.01880600)
(9451, 0.01875599)
(9501, 0.01935118)
(9551, 0.02046334)
(9601, 0.01878172)
(9651, 0.02161308)
(9701, 0.02322059)
(9751, 0.02069608)
(9801, 0.02041848)
(9851, 0.02078903)
(9901, 0.01983863)
(9951, 0.01945518)
(10001, 0.01894250)
(10051, 0.02050090)
(10101, 0.01832276)
(10151, 0.01969748)
(10201, 0.01968324)
(10251, 0.01825386)
(10301, 0.01898771)
(10351, 0.01916589)
(10401, 0.01750692)
(10451, 0.02017344)
(10501, 0.02132104)
(10551, 0.01956597)
(10601, 0.01870751)
(10651, 0.01798249)
(10701, 0.01899343)
(10751, 0.02033961)
(10801, 0.01997897)
(10851, 0.01904318)
(10901, 0.01925178)
(10951, 0.02192073)
(11001, 0.01876302)
(11051, 0.02264687)
(11101, 0.01830880)
(11151, 0.01848941)
(11201, 0.02374427)
(11251, 0.02010508)
(11301, 0.01612716)
(11351, 0.02079399)
(11401, 0.01715637)
(11451, 0.01858527)
(11501, 0.01856929)
(11551, 0.01707824)
(11601, 0.01631905)
(11651, 0.01781255)
(11701, 0.01826011)
(11751, 0.01710206)
(11801, 0.01687623)
(11851, 0.02119044)
(11901, 0.01950799)
(11951, 0.01906569)
(12001, 0.01786911)
(12051, 0.01841344)
(12101, 0.01886307)
(12151, 0.01902211)
(12201, 0.01698537)
(12251, 0.01702934)
(12301, 0.01811089)
(12351, 0.01653912)
(12401, 0.01626201)
(12451, 0.01692561)
(12501, 0.01942714)
(12551, 0.01685987)
(12601, 0.01764881)
(12651, 0.01775319)
(12701, 0.01656757)
(12751, 0.01755660)
(12801, 0.01714857)
(12851, 0.01744442)
(12901, 0.01806246)
(12951, 0.01687258)
(13001, 0.01799306)
(13051, 0.01822065)
(13101, 0.01871872)
(13151, 0.01752012)
(13201, 0.01531620)
(13251, 0.01741137)
(13301, 0.01692673)
(13351, 0.01630419)
(13401, 0.01693964)
(13451, 0.01556124)
(13501, 0.01700893)
(13551, 0.01616346)
(13601, 0.01736961)
(13651, 0.01488482)
(13701, 0.01675331)
(13751, 0.01787358)
(13801, 0.01499293)
(13851, 0.01963424)
(13901, 0.01736880)
(13951, 0.01581231)
(14001, 0.01857547)
(14051, 0.01710525)
(14101, 0.02025687)
(14151, 0.01447827)
(14201, 0.01663747)
(14251, 0.01913305)
(14301, 0.01596273)
(14351, 0.01679785)
(14401, 0.01759722)
(14451, 0.01689814)
(14501, 0.01871770)
(14551, 0.01683835)
(14601, 0.01600219)
(14651, 0.01594728)
(14701, 0.01608026)
(14751, 0.01736062)
(14801, 0.01778685)
(14851, 0.01481756)
(14901, 0.01788331)
(14951, 0.01586278)
(15001, 0.01594585)
(15051, 0.01795863)
(15101, 0.01754823)
(15151, 0.01728879)
(15201, 0.01620257)
(15251, 0.01644083)
(15301, 0.01451602)
(15351, 0.01652230)
(15401, 0.01585060)
(15451, 0.01516209)
(15501, 0.01642747)
(15551, 0.01622198)
(15601, 0.01539804)
(15651, 0.01513307)
(15701, 0.01628458)
(15751, 0.01711904)
(15801, 0.01487807)
(15851, 0.01545090)
(15901, 0.01654165)
(15951, 0.01817360)
(16001, 0.01510531)
(16051, 0.01688607)
(16101, 0.01570653)
(16151, 0.01574013)
(16201, 0.01650536)
(16251, 0.01609709)
(16301, 0.01933070)
(16351, 0.01703535)
(16401, 0.01625479)
(16451, 0.01564849)
(16501, 0.01480870)
(16551, 0.01530563)
(16601, 0.01409639)
(16651, 0.01660116)
(16701, 0.01576878)
(16751, 0.01720346)
(16801, 0.01649925)
(16851, 0.01488259)
(16901, 0.01607915)
(16951, 0.01642881)
(17001, 0.01686397)
(17051, 0.01516049)
(17101, 0.02118165)
(17151, 0.02175938)
(17201, 0.01792976)
(17251, 0.01435662)
(17301, 0.01644704)
(17351, 0.01534220)
(17401, 0.01538570)
(17451, 0.01562981)
(17501, 0.01562013)
(17551, 0.01523434)
(17601, 0.01694994)
(17651, 0.01574421)
(17701, 0.01567869)
(17751, 0.01705576)
(17801, 0.01915989)
(17851, 0.01461737)
(17901, 0.01666756)
(17951, 0.01832928)
(18001, 0.01422909)
(18051, 0.01661403)
(18101, 0.01518081)
(18151, 0.01474788)
(18201, 0.01569911)
(18251, 0.01516834)
(18301, 0.01481797)
(18351, 0.01577764)
(18401, 0.01730415)
(18451, 0.01564938)
(18501, 0.01832725)
(18551, 0.01467779)
(18601, 0.01620425)
(18651, 0.01469444)
(18701, 0.01535343)
(18751, 0.01635441)
(18801, 0.01638272)
(18851, 0.01356790)
(18901, 0.01451275)
(18951, 0.01438173)
(19001, 0.01597359)
(19051, 0.01463332)
(19101, 0.01579349)
(19151, 0.01593179)
(19201, 0.01576352)
(19251, 0.01410873)
(19301, 0.01473360)
(19351, 0.01685160)
(19401, 0.01552117)
(19451, 0.01507161)
(19501, 0.01434480)
(19551, 0.01613059)
(19601, 0.01514960)
(19651, 0.01799087)
(19701, 0.01574429)
(19751, 0.01905097)
(19801, 0.01445466)
(19851, 0.02023251)
(19901, 0.01540289)
(19951, 0.01383101)
(20001, 0.01596426)
(20051, 0.01685335)
(20101, 0.01506306)
(20151, 0.01466962)
(20201, 0.01548490)
(20251, 0.01450267)
(20301, 0.01558301)
(20351, 0.01529901)
(20401, 0.01459689)
(20451, 0.01462328)
(20501, 0.01580287)
(20551, 0.01410885)
(20601, 0.01452127)
(20651, 0.01451182)
(20701, 0.01506726)
(20751, 0.01708020)
(20801, 0.01428451)
(20851, 0.01371195)
(20901, 0.01575481)
(20951, 0.01415602)
(21001, 0.01445025)
(21051, 0.01527686)
(21101, 0.01658348)
(21151, 0.01369695)
(21201, 0.01436343)
(21251, 0.01522129)
(21301, 0.01398724)
(21351, 0.01566248)
(21401, 0.01385583)
(21451, 0.01350203)
(21501, 0.01764161)
(21551, 0.01399098)
(21601, 0.01455361)
(21651, 0.01369215)
(21701, 0.01343231)
(21751, 0.01665029)
(21801, 0.01447123)
(21851, 0.01467760)
(21901, 0.01562492)
(21951, 0.01776454)
(22001, 0.01399918)
(22051, 0.01409872)
(22101, 0.01347851)
(22151, 0.01441530)
(22201, 0.01477589)
(22251, 0.01461749)
(22301, 0.01452928)
(22351, 0.01442577)
(22401, 0.01607805)
(22451, 0.01375030)
(22501, 0.01592662)
(22551, 0.01386029)
(22601, 0.01492570)
(22651, 0.01474312)
(22701, 0.01390103)
(22751, 0.01359538)
(22801, 0.01593565)
(22851, 0.01312250)
(22901, 0.01408077)
(22951, 0.01420517)
(23001, 0.01531564)
(23051, 0.01484701)
(23101, 0.01483326)
(23151, 0.01534147)
(23201, 0.01484088)
(23251, 0.01412165)
(23301, 0.01412143)
(23351, 0.01564673)
(23401, 0.01337607)
(23451, 0.01288779)
(23501, 0.01434108)
(23551, 0.01467744)
(23601, 0.01315024)
(23651, 0.01387072)
(23701, 0.01511238)
(23751, 0.01348316)
(23801, 0.01578677)
(23851, 0.01383884)
(23901, 0.01292567)
(23951, 0.01476271)
(24001, 0.01493741)
(24051, 0.01408365)
(24101, 0.01463088)
(24151, 0.01383198)
(24201, 0.01455317)
(24251, 0.01519135)
(24301, 0.01584459)
(24351, 0.01426698)
(24401, 0.01341051)
(24451, 0.01377256)
(24501, 0.01347061)
(24551, 0.01482828)
(24601, 0.01504590)
(24651, 0.01441434)
(24701, 0.01442975)
(24751, 0.01345509)
(24801, 0.01383994)
(24851, 0.01666879)
(24901, 0.01395027)
(24951, 0.01365223)
(25001, 0.01299207)
(25051, 0.01336689)
(25101, 0.01337833)
(25151, 0.01354573)
(25201, 0.01277339)
(25251, 0.01406301)
(25301, 0.01441200)
(25351, 0.01427070)
(25401, 0.01262660)
(25451, 0.01405976)
(25501, 0.01407282)
(25551, 0.01409140)
(25601, 0.01350024)
(25651, 0.01374768)
(25701, 0.01553721)
(25751, 0.01325187)
(25801, 0.01379127)
(25851, 0.01271848)
(25901, 0.01371183)
(25951, 0.01456678)
(26001, 0.01489966)
(26051, 0.01436419)
(26101, 0.01465198)
(26151, 0.01393431)
(26201, 0.01317697)
(26251, 0.01557020)
(26301, 0.01319975)
(26351, 0.01341039)
(26401, 0.01353068)
(26451, 0.01499004)
(26501, 0.01422312)
(26551, 0.01544262)
(26601, 0.01382537)
(26651, 0.01395575)
(26701, 0.01272552)
(26751, 0.01286926)
(26801, 0.01240627)
(26851, 0.01436232)
(26901, 0.01337860)
(26951, 0.01287982)
(27001, 0.01411312)
(27051, 0.01420967)
(27101, 0.01405418)
(27151, 0.01558216)
(27201, 0.01541740)
(27251, 0.01426032)
(27301, 0.01466473)
(27351, 0.01330944)
(27401, 0.01473683)
(27451, 0.01359620)
(27501, 0.01347857)
(27551, 0.01279746)
(27601, 0.01262230)
(27651, 0.01318300)
(27701, 0.01366151)
(27751, 0.01362986)
(27801, 0.01319777)
(27851, 0.01383812)
(27901, 0.01319271)
(27951, 0.01399555)
(28001, 0.01367833)
(28051, 0.01377910)
(28101, 0.01402701)
(28151, 0.01288494)
(28201, 0.01260744)
(28251, 0.01419011)
(28301, 0.01318969)
(28351, 0.01472462)
(28401, 0.01311037)
(28451, 0.01324630)
(28501, 0.01486808)
(28551, 0.01353296)
(28601, 0.01335562)
(28651, 0.01363829)
(28701, 0.01253684)
(28751, 0.01397637)
(28801, 0.01290035)
(28851, 0.01328024)
(28901, 0.01444722)
(28951, 0.01288398)
(29001, 0.01381456)
(29051, 0.01502581)
(29101, 0.01240123)
(29151, 0.01219916)
(29201, 0.01371947)
(29251, 0.01335965)
(29301, 0.01401754)
(29351, 0.01386444)
(29401, 0.01230546)
(29451, 0.01359102)
(29501, 0.01329267)
(29551, 0.01471278)
(29601, 0.01269214)
(29651, 0.01360148)
(29701, 0.01330987)
(29751, 0.01428747)
(29801, 0.01441993)
(29851, 0.01334607)
(29901, 0.01461194)
(29951, 0.01288835)
(30001, 0.01309808)
(30051, 0.01467500)
(30101, 0.01219879)
(30151, 0.01396068)
(30201, 0.01300953)
(30251, 0.01582650)
(30301, 0.01277241)
(30351, 0.01264536)
(30401, 0.01314592)
(30451, 0.01298988)
(30501, 0.01344810)
(30551, 0.01413345)
(30601, 0.01305886)
(30651, 0.01461007)
(30701, 0.01257913)
(30751, 0.01387490)
(30801, 0.01340820)
(30851, 0.01484734)
(30901, 0.01252206)
(30951, 0.01298916)
(31001, 0.01303753)
(31051, 0.01298680)
(31101, 0.01247237)
(31151, 0.01314722)
(31201, 0.01348807)
(31251, 0.01235767)
(31301, 0.01345081)
(31351, 0.01333725)
(31401, 0.01272452)
(31451, 0.01445904)
(31501, 0.01253566)
(31551, 0.01360391)
(31601, 0.01232211)
(31651, 0.01563517)
(31701, 0.01442724)
(31751, 0.01395712)
(31801, 0.01318029)
(31851, 0.01258496)
(31901, 0.01239989)
(31951, 0.01319541)
(32001, 0.01190745)
(32051, 0.01242353)
(32101, 0.01297517)
(32151, 0.01278640)
(32201, 0.01463110)
(32251, 0.01445945)
(32301, 0.01257544)
(32351, 0.01389199)
(32401, 0.01306143)
(32451, 0.01427075)
(32501, 0.01207106)
(32551, 0.01252249)
(32601, 0.01315713)
(32651, 0.01211428)
(32701, 0.01370947)
(32751, 0.01363046)
(32801, 0.01230384)
(32851, 0.01319908)
(32901, 0.01321465)
(32951, 0.01346923)
(33001, 0.01325469)
(33051, 0.01253263)
(33101, 0.01450523)
(33151, 0.01233137)
(33201, 0.01306855)
(33251, 0.01372383)
(33301, 0.01250926)
(33351, 0.01273097)
(33401, 0.01284691)
(33451, 0.01359329)
(33501, 0.01221079)
(33551, 0.01310405)
(33601, 0.01262104)
(33651, 0.01331494)
(33701, 0.01277717)
(33751, 0.01345857)
(33801, 0.01204823)
(33851, 0.01280163)
(33901, 0.01302913)
(33951, 0.01373194)
(34001, 0.01348254)
(34051, 0.01340766)
(34101, 0.01210597)
(34151, 0.01321774)
(34201, 0.01274867)
(34251, 0.01252184)
(34301, 0.01486296)
(34351, 0.01287316)
(34401, 0.01160708)
(34451, 0.01373355)
(34501, 0.01237224)
(34551, 0.01270215)
(34601, 0.01215577)
(34651, 0.01300940)
(34701, 0.01212634)
(34751, 0.01378665)
(34801, 0.01227452)
(34851, 0.01218126)
(34901, 0.01215114)
(34951, 0.01381273)
(35001, 0.01291954)
(35051, 0.01281962)
(35101, 0.01206559)
(35151, 0.01230784)
(35201, 0.01169006)
(35251, 0.01217337)
(35301, 0.01261176)
(35351, 0.01369940)
(35401, 0.01231093)
(35451, 0.01281802)
(35501, 0.01243200)
(35551, 0.01327977)
(35601, 0.01304934)
(35651, 0.01304592)
(35701, 0.01163431)
(35751, 0.01321603)
(35801, 0.01233783)
(35851, 0.01289342)
(35901, 0.01350359)
(35951, 0.01205585)
(36001, 0.01210561)
(36051, 0.01326783)
(36101, 0.01274967)
(36151, 0.01158941)
(36201, 0.01288132)
(36251, 0.01251409)
(36301, 0.01200223)
(36351, 0.01156074)
(36401, 0.01301642)
(36451, 0.01443130)
(36501, 0.01230986)
(36551, 0.01245840)
(36601, 0.01301389)
(36651, 0.01285171)
(36701, 0.01314908)
(36751, 0.01164543)
(36801, 0.01250107)
(36851, 0.01182368)
(36901, 0.01307762)
(36951, 0.01275973)
(37001, 0.01187265)
(37051, 0.01147384)
(37101, 0.01296021)
(37151, 0.01294114)
(37201, 0.01218094)
(37251, 0.01521952)
(37301, 0.01297168)
(37351, 0.01329084)
(37401, 0.01315184)
(37451, 0.01194021)
(37501, 0.01289891)
(37551, 0.01317929)
(37601, 0.01254142)
(37651, 0.01297955)
(37701, 0.01141123)
(37751, 0.01210662)
(37801, 0.01258317)
(37851, 0.01250637)
(37901, 0.01333763)
(37951, 0.01137572)
(38001, 0.01220879)
(38051, 0.01213392)
(38101, 0.01294437)
(38151, 0.01345547)
(38201, 0.01142247)
(38251, 0.01229668)
(38301, 0.01306285)
(38351, 0.01431023)
(38401, 0.01239252)
(38451, 0.01242003)
(38501, 0.01115639)
(38551, 0.01184251)
(38601, 0.01290313)
(38651, 0.01576034)
(38701, 0.01261621)
(38751, 0.01214926)
(38801, 0.01273247)
(38851, 0.01215006)
(38901, 0.01358598)
(38951, 0.01236772)
(39001, 0.01308232)
(39051, 0.01262230)
(39101, 0.01212190)
(39151, 0.01156796)
(39201, 0.01334949)
(39251, 0.01110537)
(39301, 0.01180752)
(39351, 0.01322041)
(39401, 0.01211474)
(39451, 0.01239364)
(39501, 0.01331637)
(39551, 0.01238237)
(39601, 0.01207146)
(39651, 0.01172970)
(39701, 0.01375406)
(39751, 0.01148846)
(39801, 0.01179373)
(39851, 0.01242093)
(39901, 0.01284384)
(39951, 0.01199966)
(40001, 0.01150822)
(40051, 0.01224505)
(40101, 0.01196666)
(40151, 0.01255278)
(40201, 0.01092425)
(40251, 0.01210640)
(40301, 0.01252593)
(40351, 0.01199834)
(40401, 0.01204305)
(40451, 0.01170831)
(40501, 0.01138595)
(40551, 0.01146801)
(40601, 0.01166196)
(40651, 0.01135308)
(40701, 0.01206199)
(40751, 0.01162469)
(40801, 0.01225870)
(40851, 0.01255985)
(40901, 0.01203535)
(40951, 0.01272962)
(41001, 0.01156617)
(41051, 0.01198245)
(41101, 0.01165173)
(41151, 0.01235465)
(41201, 0.01192235)
(41251, 0.01179348)
(41301, 0.01227734)
(41351, 0.01115215)
(41401, 0.01151386)
(41451, 0.01151275)
(41501, 0.01263172)
(41551, 0.01099021)
(41601, 0.01153204)
(41651, 0.01226828)
(41701, 0.01184805)
(41751, 0.01171502)
(41801, 0.01236829)
(41851, 0.01196839)
(41901, 0.01184891)
(41951, 0.01369127)
(42001, 0.01198311)
(42051, 0.01108422)
(42101, 0.01266287)
(42151, 0.01129233)
(42201, 0.01291395)
(42251, 0.01149833)
(42301, 0.01224698)
(42351, 0.01209189)
(42401, 0.01318469)
(42451, 0.01251980)
(42501, 0.01188642)
(42551, 0.01260102)
(42601, 0.01259688)
(42651, 0.01160106)
(42701, 0.01322554)
(42751, 0.01124375)
(42801, 0.01217539)
(42851, 0.01174566)
(42901, 0.01141988)
(42951, 0.01248852)
(43001, 0.01176502)
(43051, 0.01199846)
(43101, 0.01227911)
(43151, 0.01164030)
(43201, 0.01286588)
(43251, 0.01187263)
(43301, 0.01198704)
(43351, 0.01063227)
(43401, 0.01141621)
(43451, 0.01236979)
(43501, 0.01164507)
(43551, 0.01168352)
(43601, 0.01331540)
(43651, 0.01180460)
(43701, 0.01279019)
(43751, 0.01192508)
(43801, 0.01173622)
(43851, 0.01242177)
(43901, 0.01264354)
(43951, 0.01199391)
(44001, 0.01199513)
(44051, 0.01109389)
(44101, 0.01170997)
(44151, 0.01196401)
(44201, 0.01271378)
(44251, 0.01152858)
(44301, 0.01134176)
(44351, 0.01199867)
(44401, 0.01124371)
(44451, 0.01301881)
(44501, 0.01078395)
(44551, 0.01361361)
(44601, 0.01161462)
(44651, 0.01238472)
(44701, 0.01214271)
(44751, 0.01151317)
(44801, 0.01180657)
(44851, 0.01149305)
(44901, 0.01202520)
(44951, 0.01323591)
(45001, 0.01319269)
(45051, 0.01257678)
(45101, 0.01169954)
(45151, 0.01394520)
(45201, 0.01235891)
(45251, 0.01175494)
(45301, 0.01142059)
(45351, 0.01161082)
(45401, 0.01292734)
(45451, 0.01178688)
(45501, 0.01140410)
(45551, 0.01262562)
(45601, 0.01212089)
(45651, 0.01229981)
(45701, 0.01262027)
(45751, 0.01258680)
(45801, 0.01172383)
(45851, 0.01179465)
(45901, 0.01262188)
(45951, 0.01216452)
(46001, 0.01142081)
(46051, 0.01144645)
(46101, 0.01119125)
(46151, 0.01152096)
(46201, 0.01099585)
(46251, 0.01106316)
(46301, 0.01162935)
(46351, 0.01176230)
(46401, 0.01149323)
(46451, 0.01226777)
(46501, 0.01260217)
(46551, 0.01195108)
(46601, 0.01144153)
(46651, 0.01198649)
(46701, 0.01210124)
(46751, 0.01261962)
(46801, 0.01157168)
(46851, 0.01342293)
(46901, 0.01110294)
(46951, 0.01156612)
(47001, 0.01179799)
(47051, 0.01123782)
(47101, 0.01146585)
(47151, 0.01279593)
(47201, 0.01139280)
(47251, 0.01180462)
(47301, 0.01098534)
(47351, 0.01228199)
(47401, 0.01275142)
(47451, 0.01171119)
(47501, 0.01197466)
(47551, 0.01233848)
(47601, 0.01145239)
(47651, 0.01150854)
(47701, 0.01127858)
(47751, 0.01185372)
(47801, 0.01249171)
(47851, 0.01259716)
(47901, 0.01060346)
(47951, 0.01141812)
(48001, 0.01274602)
(48051, 0.01313171)
(48101, 0.01108623)
(48151, 0.01140655)
(48201, 0.01147413)
(48251, 0.01120276)
(48301, 0.01185872)
(48351, 0.01351941)
(48401, 0.01185517)
(48451, 0.01116179)
(48501, 0.01247993)
(48551, 0.01229363)
(48601, 0.01117538)
(48651, 0.01082841)
(48701, 0.01107504)
(48751, 0.01184031)
(48801, 0.01251379)
(48851, 0.01227195)
(48901, 0.01137594)
(48951, 0.01118707)
(49001, 0.01130289)
(49051, 0.01110002)
(49101, 0.01115076)
(49151, 0.01171206)
(49201, 0.01147952)
(49251, 0.01136591)
(49301, 0.01282889)
(49351, 0.01095703)
(49401, 0.01266815)
(49451, 0.01415278)
(49501, 0.01129409)
(49551, 0.01147783)
(49601, 0.01205163)
(49651, 0.01200525)
(49701, 0.01171758)
(49751, 0.01305882)
(49801, 0.01131821)
(49851, 0.01162968)
(49901, 0.01224463)
(49951, 0.01154585)
(50001, 0.01117572)
(50051, 0.01217203)
(50101, 0.01141087)
(50151, 0.01215429)
(50201, 0.01210843)
(50251, 0.01104886)
(50301, 0.01160264)
(50351, 0.01125172)
(50401, 0.01176421)
(50451, 0.01152953)
(50501, 0.01243534)
(50551, 0.01182490)
(50601, 0.01232238)
(50651, 0.01118080)
(50701, 0.01153089)
(50751, 0.01300876)
(50801, 0.01193211)
(50851, 0.01155396)
(50901, 0.01229770)
(50951, 0.01178076)
(51001, 0.01237984)
(51051, 0.01137794)
(51101, 0.01144231)
(51151, 0.01135388)
(51201, 0.01103959)
(51251, 0.01127672)
(51301, 0.01395085)
(51351, 0.01207364)
(51401, 0.01175324)
(51451, 0.01376877)
(51501, 0.01167972)
(51551, 0.01120333)
(51601, 0.01161104)
(51651, 0.01098490)
(51701, 0.01181609)
(51751, 0.01186480)
(51801, 0.01076660)
(51851, 0.01287732)
(51901, 0.01121825)
(51951, 0.01110867)
(52001, 0.01046970)
(52051, 0.01130883)
(52101, 0.01086619)
(52151, 0.01273193)
(52201, 0.01187193)
(52251, 0.01279279)
(52301, 0.01049481)
(52351, 0.01086234)
(52401, 0.01155386)
(52451, 0.01130490)
(52501, 0.01182963)
(52551, 0.01120851)
(52601, 0.01241236)
(52651, 0.01294885)
(52701, 0.01207745)
(52751, 0.01132019)
(52801, 0.01160842)
(52851, 0.01138828)
(52901, 0.01234016)
(52951, 0.01183768)
(53001, 0.01092854)
(53051, 0.01144825)
(53101, 0.01146659)
(53151, 0.01122840)
(53201, 0.01101359)
(53251, 0.01350251)
(53301, 0.01184749)
(53351, 0.01167889)
(53401, 0.01179731)
(53451, 0.01085888)
(53501, 0.01172548)
(53551, 0.01116347)
(53601, 0.01223804)
(53651, 0.01089598)
(53701, 0.01324848)
(53751, 0.01155860)
(53801, 0.01147744)
(53851, 0.01198303)
(53901, 0.01163620)
(53951, 0.01154441)
(54001, 0.01139787)
(54051, 0.01116381)
(54101, 0.01290326)
(54151, 0.01180806)
(54201, 0.01138131)
(54251, 0.01114591)
(54301, 0.01175219)
(54351, 0.01068817)
(54401, 0.01096800)
(54451, 0.01193081)
(54501, 0.01177759)
(54551, 0.01171252)
(54601, 0.01137111)
(54651, 0.01101063)
(54701, 0.01144271)
(54751, 0.01182406)
(54801, 0.01157150)
(54851, 0.01171053)
(54901, 0.01248206)
(54951, 0.01288061)
(55001, 0.01218849)
(55051, 0.01071001)
(55101, 0.01141543)
(55151, 0.01092698)
(55201, 0.01157791)
(55251, 0.01073467)
(55301, 0.01113304)
(55351, 0.01076491)
(55401, 0.01177127)
(55451, 0.01075116)
(55501, 0.01077239)
(55551, 0.01136209)
(55601, 0.01069171)
(55651, 0.01156927)
(55701, 0.01142775)
(55751, 0.01322910)
(55801, 0.01093521)
(55851, 0.01146604)
(55901, 0.01122113)
(55951, 0.01090161)
(56001, 0.01197976)
(56051, 0.01148689)
(56101, 0.01160318)
(56151, 0.01029637)
(56201, 0.01088154)
(56251, 0.01181529)
(56301, 0.01158152)
(56351, 0.01280915)
(56401, 0.01165519)
(56451, 0.01157511)
(56501, 0.01136991)
(56551, 0.01103384)
(56601, 0.01287648)
(56651, 0.01149706)
(56701, 0.01086374)
(56751, 0.01125242)
(56801, 0.01169117)
(56851, 0.01183464)
(56901, 0.01126091)
(56951, 0.01140772)
(57001, 0.01094620)
(57051, 0.01076759)
(57101, 0.01087120)
(57151, 0.01173810)
(57201, 0.01107077)
(57251, 0.01151133)
(57301, 0.01086932)
(57351, 0.01041186)
(57401, 0.01079481)
(57451, 0.01118682)
(57501, 0.01173449)
(57551, 0.01162363)
(57601, 0.01241825)
(57651, 0.01318522)
(57701, 0.01070859)
(57751, 0.01134263)
(57801, 0.01147190)
(57851, 0.01105815)
(57901, 0.01105384)
(57951, 0.01162060)
(58001, 0.01064612)
(58051, 0.01153314)
(58101, 0.01071429)
(58151, 0.01207734)
(58201, 0.01048508)
(58251, 0.01098506)
(58301, 0.01124794)
(58351, 0.01143268)
(58401, 0.01086541)
(58451, 0.01106909)
(58501, 0.01093356)
(58551, 0.01147651)
(58601, 0.01124920)
(58651, 0.01082569)
(58701, 0.01183167)
(58751, 0.01151323)
(58801, 0.01094753)
(58851, 0.01085008)
(58901, 0.01145219)
(58951, 0.01110844)
(59001, 0.01110705)
(59051, 0.01140777)
(59101, 0.01080303)
(59151, 0.01133954)
(59201, 0.01089347)
(59251, 0.01068358)
(59301, 0.01102133)
(59351, 0.01090089)
(59401, 0.01150425)
(59451, 0.01088733)
(59501, 0.01105353)
(59551, 0.01110911)
(59601, 0.01071534)
(59651, 0.01082510)
(59701, 0.01138447)
(59751, 0.01209349)
(59801, 0.01130908)
(59851, 0.01094547)
(59901, 0.01211020)
(59951, 0.01071558)
(60001, 0.01119069)
(60051, 0.01065761)
(60101, 0.01223692)
(60151, 0.01276980)
(60201, 0.01214824)
(60251, 0.01144972)
(60301, 0.01158597)
(60351, 0.01065486)
(60401, 0.01147737)
(60451, 0.01118433)
(60501, 0.01143849)
(60551, 0.01089529)
(60601, 0.01088650)
(60651, 0.01101470)
(60701, 0.01225007)
(60751, 0.01130803)
(60801, 0.01055972)
(60851, 0.01105622)
(60901, 0.01120213)
(60951, 0.01066389)
(61001, 0.01204544)
(61051, 0.01077924)
(61101, 0.01167690)
(61151, 0.01141192)
(61201, 0.01103072)
(61251, 0.01204336)
(61301, 0.01093399)
(61351, 0.01169062)
(61401, 0.01086889)
(61451, 0.01127568)
(61501, 0.01133630)
(61551, 0.01126719)
(61601, 0.01096315)
(61651, 0.01056283)
(61701, 0.01037234)
(61751, 0.01113082)
(61801, 0.01139101)
(61851, 0.01093321)
(61901, 0.01115843)
(61951, 0.01028502)
(62001, 0.01164808)
(62051, 0.01088604)
(62101, 0.01328108)
(62151, 0.01178112)
(62201, 0.01035971)
(62251, 0.01067206)
(62301, 0.01088977)
(62351, 0.01105578)
(62401, 0.01077079)
(62451, 0.01120350)
(62501, 0.01048957)
(62551, 0.01077448)
(62601, 0.01057648)
(62651, 0.01128048)
(62701, 0.01147320)
(62751, 0.01134335)
(62801, 0.01104281)
(62851, 0.01144840)
(62901, 0.01057896)
(62951, 0.01065515)
(63001, 0.01252778)
(63051, 0.01119300)
(63101, 0.01071220)
(63151, 0.01106702)
(63201, 0.01105693)
(63251, 0.01157455)
(63301, 0.01106670)
(63351, 0.01118506)
(63401, 0.01062043)
(63451, 0.01069330)
(63501, 0.01095507)
(63551, 0.01116892)
(63601, 0.01055241)
(63651, 0.01123363)
(63701, 0.01245064)
(63751, 0.01195329)
(63801, 0.01102948)
(63851, 0.01020848)
(63901, 0.01044341)
(63951, 0.01113386)
(64001, 0.01130681)
(64051, 0.01022141)
(64101, 0.01094488)
(64151, 0.01074119)
(64201, 0.01134619)
(64251, 0.01034811)
(64301, 0.01109649)
(64351, 0.01067648)
(64401, 0.01073990)
(64451, 0.01060125)
(64501, 0.01037199)
(64551, 0.01060438)
(64601, 0.01111660)
(64651, 0.01096305)
(64701, 0.01045606)
(64751, 0.01137989)
(64801, 0.01103091)
(64851, 0.01143383)
(64901, 0.01257994)
(64951, 0.01040128)
(65001, 0.01076984)
(65051, 0.01048487)
(65101, 0.01071954)
(65151, 0.01095145)
(65201, 0.01040367)
(65251, 0.01043687)
(65301, 0.01161010)
(65351, 0.01066913)
(65401, 0.01085843)
(65451, 0.01111503)
(65501, 0.01097665)
(65551, 0.01047628)
(65601, 0.01016178)
(65651, 0.01021197)
(65701, 0.01076086)
(65751, 0.01018955)
(65801, 0.01041680)
(65851, 0.00995501)
(65901, 0.01029992)
(65951, 0.01138464)
(66001, 0.01168989)
(66051, 0.01054853)
(66101, 0.01059408)
(66151, 0.01111260)
(66201, 0.01151406)
(66251, 0.01203672)
(66301, 0.01058722)
(66351, 0.01122856)
(66401, 0.01072814)
(66451, 0.01058852)
(66501, 0.01126886)
(66551, 0.01121911)
(66601, 0.01179244)
(66651, 0.01105609)
(66701, 0.01125161)
(66751, 0.01032962)
(66801, 0.01132490)
(66851, 0.01044456)
(66901, 0.01130938)
(66951, 0.00962181)
(67001, 0.01004910)
(67051, 0.01051520)
(67101, 0.01041091)
(67151, 0.01083867)
(67201, 0.01253777)
(67251, 0.01211247)
(67301, 0.01097163)
(67351, 0.01082390)
(67401, 0.01140011)
(67451, 0.01168943)
(67501, 0.01053692)
(67551, 0.01117432)
(67601, 0.01075450)
(67651, 0.01084680)
(67701, 0.01099205)
(67751, 0.01037879)
(67801, 0.01073653)
(67851, 0.01049606)
(67901, 0.01007461)
(67951, 0.01239211)
(68001, 0.01064817)
(68051, 0.01180123)
(68101, 0.01023945)
(68151, 0.01107612)
(68201, 0.00991391)
(68251, 0.01100075)
(68301, 0.01169657)
(68351, 0.01020858)
(68401, 0.01057338)
(68451, 0.01200787)
(68501, 0.01211521)
(68551, 0.01101496)
(68601, 0.01103305)
(68651, 0.01077625)
(68701, 0.00992885)
(68751, 0.01094287)
(68801, 0.01009540)
(68851, 0.00991527)
(68901, 0.01016881)
(68951, 0.01045662)
(69001, 0.01149914)
(69051, 0.01023542)
(69101, 0.01069505)
(69151, 0.01072790)
(69201, 0.01015688)
(69251, 0.01083218)
(69301, 0.01063405)
(69351, 0.01265591)
(69401, 0.01048794)
(69451, 0.01020859)
(69501, 0.01016156)
(69551, 0.01017508)
(69601, 0.01104966)
(69651, 0.01053272)
(69701, 0.01197902)
(69751, 0.01130873)
(69801, 0.01026963)
(69851, 0.01045104)
(69901, 0.01001679)
(69951, 0.01056067)
(70001, 0.01106792)
(70051, 0.01073101)
(70101, 0.01168737)
(70151, 0.01176354)
(70201, 0.01066988)
(70251, 0.01021411)
(70301, 0.01006245)
(70351, 0.01095587)
(70401, 0.01168409)
(70451, 0.01052109)
(70501, 0.01118446)
(70551, 0.01059950)
(70601, 0.01119627)
(70651, 0.01046192)
(70701, 0.01066818)
(70751, 0.01070787)
(70801, 0.01081621)
(70851, 0.01048607)
(70901, 0.01088106)
(70951, 0.01062898)
(71001, 0.01138446)
(71051, 0.01086347)
(71101, 0.01141558)
(71151, 0.01089720)
(71201, 0.01083541)
(71251, 0.01013171)
(71301, 0.00990482)
(71351, 0.01073946)
(71401, 0.01076640)
(71451, 0.01108613)
(71501, 0.01025038)
(71551, 0.01084067)
(71601, 0.01027341)
(71651, 0.01114044)
(71701, 0.01123538)
(71751, 0.01057447)
(71801, 0.01163956)
(71851, 0.01173316)
(71901, 0.01007647)
(71951, 0.01102586)
(72001, 0.01059531)
(72051, 0.01021210)
(72101, 0.01058623)
(72151, 0.01164577)
(72201, 0.01007049)
(72251, 0.01065053)
(72301, 0.01109686)
(72351, 0.01025346)
(72401, 0.01065195)
(72451, 0.01134600)
(72501, 0.01066797)
(72551, 0.01075398)
(72601, 0.01033097)
(72651, 0.01023153)
(72701, 0.01088591)
(72751, 0.01014762)
(72801, 0.01050203)
(72851, 0.01016585)
(72901, 0.01138110)
(72951, 0.01179868)
(73001, 0.01077662)
(73051, 0.00987026)
(73101, 0.01040587)
(73151, 0.00981460)
(73201, 0.01072437)
(73251, 0.01093550)
(73301, 0.01023412)
(73351, 0.01061893)
(73401, 0.01109235)
(73451, 0.01030087)
(73501, 0.01035195)
(73551, 0.01056516)
(73601, 0.01094805)
(73651, 0.01068565)
(73701, 0.01005865)
(73751, 0.00999769)
(73801, 0.01082911)
(73851, 0.01066515)
(73901, 0.01101958)
(73951, 0.01080588)
(74001, 0.01073153)
(74051, 0.01047457)
(74101, 0.01035801)
(74151, 0.01120245)
(74201, 0.01215225)
(74251, 0.01043528)
(74301, 0.01024916)
(74351, 0.01061869)
(74401, 0.00979205)
(74451, 0.01089249)
(74501, 0.01028922)
(74551, 0.01016400)
(74601, 0.01027783)
(74651, 0.01067220)
(74701, 0.01035342)
(74751, 0.01034541)
(74801, 0.01080721)
(74851, 0.01198049)
(74901, 0.01039166)
(74951, 0.01056274)
(75001, 0.01034379)
(75051, 0.01029562)
(75101, 0.01342705)
(75151, 0.01070933)
(75201, 0.01056650)
(75251, 0.01160111)
(75301, 0.01003789)
(75351, 0.01068101)
(75401, 0.01054722)
(75451, 0.01082361)
(75501, 0.01049824)
(75551, 0.01079688)
(75601, 0.01068437)
(75651, 0.00984116)
(75701, 0.01135598)
(75751, 0.01009284)
(75801, 0.01152705)
(75851, 0.01111442)
(75901, 0.01011934)
(75951, 0.00994478)
(76001, 0.01033515)
(76051, 0.01010607)
(76101, 0.01036721)
(76151, 0.01104444)
(76201, 0.01134412)
(76251, 0.01180284)
(76301, 0.01031211)
(76351, 0.01077317)
(76401, 0.01237161)
(76451, 0.01065135)
(76501, 0.01073578)
(76551, 0.00954391)
(76601, 0.01029208)
(76651, 0.01094220)
(76701, 0.01016739)
(76751, 0.01097539)
(76801, 0.01133076)
(76851, 0.01037496)
(76901, 0.01026135)
(76951, 0.01052603)
(77001, 0.01057794)
(77051, 0.00948887)
(77101, 0.01090172)
(77151, 0.01072139)
(77201, 0.01000253)
(77251, 0.00974003)
(77301, 0.01063950)
(77351, 0.01059489)
(77401, 0.01028968)
(77451, 0.01055907)
(77501, 0.01190651)
(77551, 0.01023665)
(77601, 0.01078730)
(77651, 0.01036829)
(77701, 0.01021141)
(77751, 0.00965264)
(77801, 0.01035666)
(77851, 0.00978575)
(77901, 0.01021095)
(77951, 0.00989549)
(78001, 0.00998305)
(78051, 0.01050965)
(78101, 0.01166376)
(78151, 0.01145514)
(78201, 0.01014595)
(78251, 0.00945553)
(78301, 0.01024469)
(78351, 0.01093089)
(78401, 0.01006801)
(78451, 0.01076042)
(78501, 0.01035366)
(78551, 0.01010989)
(78601, 0.01053783)
(78651, 0.00980552)
(78701, 0.01054153)
(78751, 0.01061310)
(78801, 0.01024163)
(78851, 0.00966860)
(78901, 0.01028261)
(78951, 0.00984196)
(79001, 0.00991219)
(79051, 0.01057045)
(79101, 0.01026478)
(79151, 0.00978255)
(79201, 0.01062519)
(79251, 0.01060565)
(79301, 0.01017221)
(79351, 0.01075645)
(79401, 0.01054125)
(79451, 0.01033043)
(79501, 0.00951302)
(79551, 0.01057911)
(79601, 0.01024889)
(79651, 0.01008406)
(79701, 0.01067643)
(79751, 0.01170195)
(79801, 0.01077399)
(79851, 0.01156801)
(79901, 0.01019930)
(79951, 0.01031680)
(80001, 0.01034841)
(80051, 0.01035766)
(80101, 0.01134886)
(80151, 0.01073894)
(80201, 0.01102064)
(80251, 0.01036311)
(80301, 0.01000250)
(80351, 0.01109137)
(80401, 0.01074278)
(80451, 0.01047691)
(80501, 0.01071099)
(80551, 0.01026440)
(80601, 0.01017819)
(80651, 0.01055428)
(80701, 0.01041846)
(80751, 0.01063579)
(80801, 0.01166449)
(80851, 0.01005809)
(80901, 0.01090343)
(80951, 0.00993390)
(81001, 0.01117448)
(81051, 0.00981243)
(81101, 0.00984169)
(81151, 0.01061150)
(81201, 0.01154339)
(81251, 0.01022003)
(81301, 0.01063214)
(81351, 0.01020175)
(81401, 0.01028548)
(81451, 0.00987036)
(81501, 0.01008989)
(81551, 0.01132709)
(81601, 0.01053495)
(81651, 0.01221394)
(81701, 0.01113232)
(81751, 0.01054137)
(81801, 0.00987767)
(81851, 0.01015659)
(81901, 0.01079924)
(81951, 0.01046764)
(82001, 0.00992496)
(82051, 0.01000248)
(82101, 0.01006369)
(82151, 0.00997569)
(82201, 0.01091843)
(82251, 0.01143548)
(82301, 0.00999997)
(82351, 0.00951671)
(82401, 0.00995115)
(82451, 0.01052821)
(82501, 0.00998779)
(82551, 0.01073181)
(82601, 0.01114626)
(82651, 0.01133498)
(82701, 0.00982665)
(82751, 0.01163771)
(82801, 0.01044871)
(82851, 0.01009808)
(82901, 0.01060080)
(82951, 0.01060715)
(83001, 0.01006034)
(83051, 0.00994709)
(83101, 0.01073894)
(83151, 0.01114670)
(83201, 0.01109527)
(83251, 0.01135625)
(83301, 0.01089363)
(83351, 0.00967792)
(83401, 0.01009284)
(83451, 0.00963909)
(83501, 0.01036512)
(83551, 0.01167689)
(83601, 0.01188769)
(83651, 0.00971821)
(83701, 0.01201744)
(83751, 0.01068817)
(83801, 0.01045405)
(83851, 0.01083179)
(83901, 0.01082430)
(83951, 0.01031549)
(84001, 0.01024912)
(84051, 0.01020973)
(84101, 0.00990661)
(84151, 0.01019298)
(84201, 0.01008415)
(84251, 0.01019621)
(84301, 0.00969506)
(84351, 0.00995861)
(84401, 0.01020171)
(84451, 0.01017096)
(84501, 0.00987062)
(84551, 0.00967227)
(84601, 0.00984065)
(84651, 0.01042806)
(84701, 0.01055765)
(84751, 0.01087416)
(84801, 0.01013560)
(84851, 0.01015429)
(84901, 0.01067756)
(84951, 0.01009734)
(85001, 0.01045493)
(85051, 0.00987679)
(85101, 0.00986852)
(85151, 0.00983451)
(85201, 0.01017420)
(85251, 0.01141682)
(85301, 0.00987134)
(85351, 0.01040557)
(85401, 0.01023722)
(85451, 0.01010995)
(85501, 0.00996085)
(85551, 0.00960753)
(85601, 0.01040188)
(85651, 0.00988097)
(85701, 0.01004930)
(85751, 0.01017129)
(85801, 0.01110551)
(85851, 0.00972445)
(85901, 0.01075623)
(85951, 0.01143037)
(86001, 0.01030836)
(86051, 0.00982775)
(86101, 0.01020799)
(86151, 0.01122515)
(86201, 0.01067200)
(86251, 0.01022051)
(86301, 0.01037257)
(86351, 0.00960311)
(86401, 0.00994052)
(86451, 0.00995075)
(86501, 0.01026246)
(86551, 0.01124785)
(86601, 0.01003693)
(86651, 0.00987964)
(86701, 0.01086489)
(86751, 0.00976706)
(86801, 0.01118807)
(86851, 0.01086527)
(86901, 0.01025029)
(86951, 0.01060371)
(87001, 0.00970623)
(87051, 0.01065040)
(87101, 0.01045959)
(87151, 0.01036639)
(87201, 0.00943233)
(87251, 0.01027823)
(87301, 0.01024463)
(87351, 0.00976784)
(87401, 0.01145471)
(87451, 0.01130571)
(87501, 0.01029986)
(87551, 0.00992007)
(87601, 0.00979698)
(87651, 0.01007383)
(87701, 0.00950680)
(87751, 0.01024982)
(87801, 0.00986240)
(87851, 0.01050405)
(87901, 0.00921753)
(87951, 0.01081897)
(88001, 0.00995400)
(88051, 0.00988702)
(88101, 0.01026342)
(88151, 0.01136609)
(88201, 0.01002164)
(88251, 0.00992856)
(88301, 0.01016620)
(88351, 0.01004392)
(88401, 0.01070876)
(88451, 0.00971832)
(88501, 0.01132549)
(88551, 0.01012031)
(88601, 0.01065990)
(88651, 0.01008934)
(88701, 0.01054250)
(88751, 0.01014959)
(88801, 0.01124407)
(88851, 0.01061647)
(88901, 0.00962081)
(88951, 0.01062457)
(89001, 0.01008326)
(89051, 0.00972016)
(89101, 0.00965562)
(89151, 0.01009267)
(89201, 0.00999748)
(89251, 0.01031523)
(89301, 0.00955795)
(89351, 0.00995389)
(89401, 0.00994047)
(89451, 0.00973259)
(89501, 0.00998088)
(89551, 0.00995576)
(89601, 0.00988998)
(89651, 0.00958325)
(89701, 0.01004390)
(89751, 0.01100681)
(89801, 0.01048510)
(89851, 0.01070363)
(89901, 0.01219108)
(89951, 0.01095283)
(90001, 0.01050511)
(90051, 0.01183530)
(90101, 0.00996244)
(90151, 0.01007455)
(90201, 0.01021966)
(90251, 0.01046151)
(90301, 0.01067206)
(90351, 0.00982085)
(90401, 0.01069622)
(90451, 0.01006037)
(90501, 0.00972621)
(90551, 0.01066365)
(90601, 0.00995557)
(90651, 0.00974892)
(90701, 0.01019194)
(90751, 0.01021214)
(90801, 0.01181797)
(90851, 0.01014907)
(90901, 0.00955674)
(90951, 0.01070232)
(91001, 0.00981264)
(91051, 0.01077807)
(91101, 0.00944869)
(91151, 0.00949177)
(91201, 0.01047464)
(91251, 0.00973508)
(91301, 0.00969318)
(91351, 0.01056488)
(91401, 0.01157383)
(91451, 0.00972669)
(91501, 0.01007691)
(91551, 0.00960118)
(91601, 0.00997110)
(91651, 0.01062131)
(91701, 0.00967913)
(91751, 0.00969218)
(91801, 0.00986818)
(91851, 0.01049488)
(91901, 0.00939958)
(91951, 0.01017356)
(92001, 0.01013197)
(92051, 0.01089092)
(92101, 0.01020463)
(92151, 0.01030661)
(92201, 0.00976487)
(92251, 0.01006972)
(92301, 0.01065756)
(92351, 0.00956323)
(92401, 0.01107561)
(92451, 0.00973915)
(92501, 0.01006859)
(92551, 0.01003809)
(92601, 0.01058561)
(92651, 0.01015911)
(92701, 0.01066706)
(92751, 0.00961013)
(92801, 0.01001841)
(92851, 0.00959140)
(92901, 0.00968522)
(92951, 0.00929668)
(93001, 0.00991839)
(93051, 0.00985839)
(93101, 0.00979767)
(93151, 0.00910947)
(93201, 0.00954787)
(93251, 0.01015931)
(93301, 0.01020644)
(93351, 0.00996371)
(93401, 0.00994188)
(93451, 0.01003429)
(93501, 0.01029935)
(93551, 0.01013980)
(93601, 0.01139537)
(93651, 0.00990803)
(93701, 0.00938155)
(93751, 0.00964527)
(93801, 0.00959694)
(93851, 0.00961500)
(93901, 0.01045342)
(93951, 0.00969573)
(94001, 0.00972219)
(94051, 0.01047564)
(94101, 0.00984898)
(94151, 0.00969610)
(94201, 0.01009476)
(94251, 0.01033845)
(94301, 0.01082578)
(94351, 0.01062636)
(94401, 0.01132655)
(94451, 0.00962382)
(94501, 0.00942131)
(94551, 0.00984586)
(94601, 0.01022994)
(94651, 0.01077700)
(94701, 0.00991750)
(94751, 0.00973478)
(94801, 0.00956525)
(94851, 0.01053662)
(94901, 0.01135064)
(94951, 0.00951465)
(95001, 0.00991058)
(95051, 0.01010415)
(95101, 0.01061412)
(95151, 0.00962790)
(95201, 0.01009112)
(95251, 0.01016494)
(95301, 0.00943001)
(95351, 0.00995402)
(95401, 0.01002332)
(95451, 0.00956054)
(95501, 0.00949679)
(95551, 0.01035571)
(95601, 0.01010175)
(95651, 0.01119910)
(95701, 0.01071960)
(95751, 0.01052852)
(95801, 0.00949821)
(95851, 0.00951389)
(95901, 0.00950168)
(95951, 0.01002731)
(96001, 0.01112910)
(96051, 0.01005164)
(96101, 0.01021149)
(96151, 0.00973682)
(96201, 0.00983850)
(96251, 0.00948061)
(96301, 0.00938701)
(96351, 0.00999561)
(96401, 0.01109360)
(96451, 0.00989167)
(96501, 0.00983488)
(96551, 0.00953245)
(96601, 0.00963499)
(96651, 0.01073060)
(96701, 0.00969024)
(96751, 0.01025354)
(96801, 0.01094257)
(96851, 0.01104589)
(96901, 0.00947665)
(96951, 0.00946599)
(97001, 0.01064899)
(97051, 0.01037286)
(97101, 0.01063857)
(97151, 0.01012610)
(97201, 0.01063698)
(97251, 0.00971277)
(97301, 0.00957713)
(97351, 0.01044846)
(97401, 0.00976042)
(97451, 0.01104739)
(97501, 0.00982511)
(97551, 0.00943592)
(97601, 0.00998924)
(97651, 0.01008813)
(97701, 0.00955504)
(97751, 0.01001195)
(97801, 0.01052828)
(97851, 0.00983920)
(97901, 0.01440928)
(97951, 0.01066107)
(98001, 0.01025424)
(98051, 0.00970649)
(98101, 0.01048804)
(98151, 0.00973170)
(98201, 0.00921075)
(98251, 0.01049324)
(98301, 0.00967476)
(98351, 0.01008870)
(98401, 0.01080658)
(98451, 0.01163690)
(98501, 0.00949082)
(98551, 0.00994084)
(98601, 0.00985934)
(98651, 0.01043251)
(98701, 0.01017899)
(98751, 0.01045269)
(98801, 0.00968224)
(98851, 0.01096611)
(98901, 0.00968501)
(98951, 0.00964057)
(99001, 0.01017370)
(99051, 0.01016181)
(99101, 0.01060944)
(99151, 0.00966859)
(99201, 0.00985652)
(99251, 0.01066251)
(99301, 0.00965120)
(99351, 0.00987867)
(99401, 0.01140377)
(99451, 0.00975580)
(99501, 0.01020108)
(99551, 0.00974856)
(99601, 0.00976943)
(99651, 0.00978867)
(99701, 0.01042793)
(99751, 0.01138672)
(99801, 0.00957327)
(99851, 0.01560719)
(99901, 0.00975796)
(99951, 0.00956699)
(100001, 0.00986211)
(100051, 0.00985142)
(100101, 0.00993439)
(100151, 0.01010169)
(100201, 0.00985803)
(100251, 0.00969664)
(100301, 0.00983690)
(100351, 0.00951761)
(100401, 0.01083646)
(100451, 0.00983235)
(100501, 0.00961145)
(100551, 0.01046031)
(100601, 0.01018383)
(100651, 0.01089890)
(100701, 0.00967574)
(100751, 0.01039701)
(100801, 0.00933894)
(100851, 0.01076970)
(100901, 0.00952073)
(100951, 0.01083762)
(101001, 0.01063605)
(101051, 0.00981657)
(101101, 0.00964163)
(101151, 0.01050483)
(101201, 0.01009778)
(101251, 0.00992402)
(101301, 0.01019474)
(101351, 0.00971667)
(101401, 0.00969448)
(101451, 0.01025178)
(101501, 0.00960108)
(101551, 0.00948493)
(101601, 0.00909004)
(101651, 0.01031494)
(101701, 0.00948576)
(101751, 0.01007424)
(101801, 0.00975518)
(101851, 0.01180142)
(101901, 0.01017000)
(101951, 0.01004686)
(102001, 0.00987722)
(102051, 0.01040188)
(102101, 0.01045209)
(102151, 0.01056832)
(102201, 0.01090296)
(102251, 0.01003188)
(102301, 0.00973356)
(102351, 0.00921829)
(102401, 0.00952468)
(102451, 0.01026877)
(102501, 0.00932027)
(102551, 0.00965434)
(102601, 0.00968618)
(102651, 0.00959228)
(102701, 0.01096886)
(102751, 0.00957397)
(102801, 0.01044239)
(102851, 0.00918818)
(102901, 0.00983574)
(102951, 0.01035171)
(103001, 0.00911195)
(103051, 0.01046664)
(103101, 0.00967165)
(103151, 0.01058961)
(103201, 0.00913866)
(103251, 0.00977536)
(103301, 0.00935561)
(103351, 0.01011557)
(103401, 0.00975188)
(103451, 0.00944142)
(103501, 0.00972068)
(103551, 0.00967060)
(103601, 0.00925927)
(103651, 0.00923293)
(103701, 0.01034877)
(103751, 0.00996667)
(103801, 0.01025060)
(103851, 0.00962620)
(103901, 0.00918223)
(103951, 0.00985459)
(104001, 0.01055287)
(104051, 0.01034693)
(104101, 0.00963403)
(104151, 0.00952242)
(104201, 0.00988595)
(104251, 0.00955343)
(104301, 0.01031569)
(104351, 0.00941220)
(104401, 0.00961214)
(104451, 0.00954142)
(104501, 0.00977388)
(104551, 0.00968959)
(104601, 0.00989284)
(104651, 0.00966753)
(104701, 0.00984689)
(104751, 0.00932891)
(104801, 0.01416467)
(104851, 0.00952075)
(104901, 0.01028516)
(104951, 0.00980865)
(105001, 0.00913015)
(105051, 0.00986597)
(105101, 0.01073998)
(105151, 0.01062577)
(105201, 0.01094849)
(105251, 0.01008194)
(105301, 0.01034240)
(105351, 0.01000716)
(105401, 0.01057583)
(105451, 0.00964999)
(105501, 0.01049840)
(105551, 0.00994906)
(105601, 0.00953579)
(105651, 0.00903737)
(105701, 0.00940840)
(105751, 0.01007958)
(105801, 0.01040571)
(105851, 0.00976179)
(105901, 0.00978835)
(105951, 0.01076486)
(106001, 0.00921649)
(106051, 0.00973689)
(106101, 0.01006024)
(106151, 0.00984287)
(106201, 0.01020734)
(106251, 0.00932787)
(106301, 0.00970003)
(106351, 0.00985599)
(106401, 0.00990416)
(106451, 0.01011518)
(106501, 0.00930036)
(106551, 0.00969695)
(106601, 0.00956693)
(106651, 0.00914836)
(106701, 0.00953286)
(106751, 0.00935371)
(106801, 0.01057200)
(106851, 0.00960741)
(106901, 0.00987837)
(106951, 0.00961720)
(107001, 0.00963702)
(107051, 0.00977502)
(107101, 0.01035955)
(107151, 0.01052858)
(107201, 0.00942456)
(107251, 0.00948769)
(107301, 0.00963906)
(107351, 0.01021187)
(107401, 0.00971288)
(107451, 0.01017054)
(107501, 0.00919704)
(107551, 0.01031817)
(107601, 0.01016336)
(107651, 0.01169485)
(107701, 0.00953481)
(107751, 0.00961084)
(107801, 0.01017574)
(107851, 0.01020488)
(107901, 0.01006206)
(107951, 0.00967056)
(108001, 0.00972835)
(108051, 0.00912383)
(108101, 0.00935804)
(108151, 0.00953376)
(108201, 0.00987819)
(108251, 0.00993066)
(108301, 0.01006238)
(108351, 0.00911860)
(108401, 0.00959693)
(108451, 0.00957005)
(108501, 0.00957508)
(108551, 0.00941182)
(108601, 0.00987749)
(108651, 0.00957809)
(108701, 0.00971160)
(108751, 0.01036754)
(108801, 0.00982150)
(108851, 0.00951308)
(108901, 0.00999511)
(108951, 0.00929109)
(109001, 0.00949248)
(109051, 0.00922258)
(109101, 0.00958094)
(109151, 0.00959528)
(109201, 0.01066947)
(109251, 0.00928500)
(109301, 0.00961096)
(109351, 0.00955627)
(109401, 0.00966765)
(109451, 0.00944202)
(109501, 0.00923221)
(109551, 0.00963359)
(109601, 0.00982897)
(109651, 0.00933848)
(109701, 0.01053050)
(109751, 0.01035579)
(109801, 0.01002097)
(109851, 0.00919069)
(109901, 0.00997236)
(109951, 0.00904717)
(110001, 0.00997393)
(110051, 0.00958789)
(110101, 0.01002972)
(110151, 0.01069192)
(110201, 0.00968038)
(110251, 0.00917271)
(110301, 0.00903883)
(110351, 0.01003728)
(110401, 0.00919094)
(110451, 0.00958433)
(110501, 0.00968326)
(110551, 0.01039001)
(110601, 0.01043022)
(110651, 0.00987269)
(110701, 0.00921420)
(110751, 0.00957827)
(110801, 0.00946673)
(110851, 0.00991786)
(110901, 0.00898486)
(110951, 0.00961674)
(111001, 0.00947287)
(111051, 0.00898279)
(111101, 0.01003147)
(111151, 0.00982679)
(111201, 0.00934739)
(111251, 0.00952304)
(111301, 0.00940037)
(111351, 0.00972937)
(111401, 0.01016799)
(111451, 0.00932881)
(111501, 0.01108578)
(111551, 0.00995299)
(111601, 0.01047015)
(111651, 0.00980716)
(111701, 0.00986469)
(111751, 0.00987633)
(111801, 0.01015267)
(111851, 0.00928462)
(111901, 0.00975157)
(111951, 0.01041385)
(112001, 0.00955229)
(112051, 0.01006146)
(112101, 0.00988859)
(112151, 0.00963122)
(112201, 0.00955798)
(112251, 0.01103221)
(112301, 0.01027750)
(112351, 0.00996167)
(112401, 0.00994473)
(112451, 0.01006318)
(112501, 0.00985113)
(112551, 0.00977141)
(112601, 0.00939589)
(112651, 0.00919685)
(112701, 0.00982385)
(112751, 0.00950520)
(112801, 0.00967131)
(112851, 0.00952942)
(112901, 0.00977305)
(112951, 0.00944071)
(113001, 0.00924265)
(113051, 0.00994702)
(113101, 0.01054879)
(113151, 0.00979339)
(113201, 0.00928580)
(113251, 0.00960194)
(113301, 0.00981488)
(113351, 0.00941955)
(113401, 0.01055221)
(113451, 0.00953753)
(113501, 0.00958194)
(113551, 0.01034465)
(113601, 0.00992602)
(113651, 0.00932287)
(113701, 0.00950890)
(113751, 0.00955285)
(113801, 0.01012681)
(113851, 0.00932639)
(113901, 0.00918287)
(113951, 0.01033770)
(114001, 0.01014357)
(114051, 0.00928661)
(114101, 0.00907563)
(114151, 0.00947125)
(114201, 0.00905657)
(114251, 0.00993217)
(114301, 0.00945792)
(114351, 0.00973214)
(114401, 0.01022033)
(114451, 0.01063891)
(114501, 0.00917846)
(114551, 0.01020651)
(114601, 0.01022307)
(114651, 0.00994795)
(114701, 0.00979044)
(114751, 0.00929038)
(114801, 0.00993500)
(114851, 0.00955981)
(114901, 0.00905559)
(114951, 0.00887451)
(115001, 0.00962887)
(115051, 0.01005647)
(115101, 0.01039478)
(115151, 0.01027887)
(115201, 0.01065774)
(115251, 0.00952169)
(115301, 0.00997556)
(115351, 0.00986547)
(115401, 0.00965301)
(115451, 0.00987828)
(115501, 0.00950552)
(115551, 0.01058858)
(115601, 0.00905913)
(115651, 0.01009367)
(115701, 0.00920475)
(115751, 0.00958241)
(115801, 0.00946977)
(115851, 0.00898831)
(115901, 0.01012411)
(115951, 0.00910029)
(116001, 0.01025473)
(116051, 0.00925805)
(116101, 0.00992832)
(116151, 0.00949101)
(116201, 0.00972882)
(116251, 0.00896112)
(116301, 0.01013454)
(116351, 0.01018757)
(116401, 0.00940262)
(116451, 0.01043896)
(116501, 0.00994373)
(116551, 0.00989944)
(116601, 0.00980033)
(116651, 0.00957136)
(116701, 0.01007092)
(116751, 0.00969936)
(116801, 0.00947047)
(116851, 0.00941730)
(116901, 0.00913193)
(116951, 0.00911175)
(117001, 0.00955941)
(117051, 0.00920912)
(117101, 0.00939711)
(117151, 0.00960453)
(117201, 0.01063753)
(117251, 0.00970987)
(117301, 0.01011995)
(117351, 0.00917829)
(117401, 0.00989170)
(117451, 0.00958713)
(117501, 0.00970045)
(117551, 0.00915149)
(117601, 0.01013644)
(117651, 0.01003556)
(117701, 0.01096511)
(117751, 0.01003646)
(117801, 0.00926520)
(117851, 0.00963174)
(117901, 0.00980054)
(117951, 0.01168909)
(118001, 0.00976393)
(118051, 0.00964857)
(118101, 0.00960336)
(118151, 0.01004885)
(118201, 0.00896276)
(118251, 0.00960249)
(118301, 0.00950566)
(118351, 0.00895296)
(118401, 0.00964770)
(118451, 0.00967764)
(118501, 0.00938737)
(118551, 0.00875480)
(118601, 0.00968758)
(118651, 0.00973240)
(118701, 0.00891790)
(118751, 0.00974314)
(118801, 0.00930542)
(118851, 0.00973958)
(118901, 0.00951004)
(118951, 0.00968875)
(119001, 0.00929964)
(119051, 0.00937400)
(119101, 0.00966185)
(119151, 0.01110270)
(119201, 0.01119557)
(119251, 0.00962452)
(119301, 0.00935135)
(119351, 0.00948165)
(119401, 0.00970355)
(119451, 0.00941284)
(119501, 0.01041768)
(119551, 0.00918467)
(119601, 0.00983193)
(119651, 0.00993538)
(119701, 0.00947171)
(119751, 0.00954922)
(119801, 0.00926766)
(119851, 0.00947641)
(119901, 0.01056409)
(119951, 0.00937625)
(120001, 0.00930451)
(120051, 0.00961918)
(120101, 0.00922818)
(120151, 0.00953175)
(120201, 0.00897014)
(120251, 0.01012400)
(120301, 0.00925947)
(120351, 0.00987123)
(120401, 0.01002626)
(120451, 0.00932587)
(120501, 0.00939564)
(120551, 0.00905086)
(120601, 0.00985156)
(120651, 0.00932068)
(120701, 0.01019054)
(120751, 0.00938911)
(120801, 0.01024544)
(120851, 0.00898234)
(120901, 0.01005415)
(120951, 0.00941678)
(121001, 0.00900527)
(121051, 0.00984761)
(121101, 0.01041557)
(121151, 0.01004689)
(121201, 0.01031590)
(121251, 0.00960475)
(121301, 0.00932487)
(121351, 0.00910937)
(121401, 0.00990940)
(121451, 0.00870655)
(121501, 0.01033996)
(121551, 0.00945023)
(121601, 0.00922237)
(121651, 0.01004948)
(121701, 0.00900929)
(121751, 0.00908805)
(121801, 0.00932649)
(121851, 0.01016768)
(121901, 0.00970830)
(121951, 0.00977720)
(122001, 0.00942389)
(122051, 0.00939753)
(122101, 0.00883858)
(122151, 0.00903003)
(122201, 0.00906300)
(122251, 0.00946169)
(122301, 0.00982613)
(122351, 0.00968539)
(122401, 0.00941365)
(122451, 0.00956974)
(122501, 0.00975150)
(122551, 0.00988477)
(122601, 0.00968701)
(122651, 0.00968065)
(122701, 0.01033278)
(122751, 0.00940045)
(122801, 0.00970652)
(122851, 0.00961977)
(122901, 0.00933627)
(122951, 0.00946908)
(123001, 0.00917814)
(123051, 0.00946549)
(123101, 0.00949806)
(123151, 0.00976578)
(123201, 0.01126559)
(123251, 0.00967442)
(123301, 0.00939735)
(123351, 0.00999794)
(123401, 0.00919261)
(123451, 0.00970263)
(123501, 0.01038305)
(123551, 0.01008138)
(123601, 0.00994133)
(123651, 0.00976699)
(123701, 0.00918627)
(123751, 0.00900559)
(123801, 0.00899918)
(123851, 0.00979946)
(123901, 0.00948918)
(123951, 0.01074789)
(124001, 0.00960149)
(124051, 0.00977433)
(124101, 0.00895983)
(124151, 0.00994590)
(124201, 0.00944487)
(124251, 0.00952210)
(124301, 0.00930490)
(124351, 0.00949101)
(124401, 0.00919897)
(124451, 0.00967938)
(124501, 0.00905042)
(124551, 0.00931813)
(124601, 0.01010568)
(124651, 0.00947112)
(124701, 0.00934010)
(124751, 0.00959338)
(124801, 0.00931861)
(124851, 0.00979079)
(124901, 0.00996001)
(124951, 0.00952003)
