(1, 0.49477747)
(51, 0.11031850)
(101, 0.09387154)
(151, 0.07594137)
(201, 0.07034975)
(251, 0.06889722)
(301, 0.05436637)
(351, 0.04833192)
(401, 0.04350377)
(451, 0.04143516)
(501, 0.03653156)
(551, 0.04051365)
(601, 0.03696756)
(651, 0.03233223)
(701, 0.03286676)
(751, 0.03280846)
(801, 0.02823355)
(851, 0.02940305)
(901, 0.02729636)
(951, 0.02878327)
(1001, 0.02895346)
(1051, 0.02890010)
(1101, 0.02937908)
(1151, 0.02516944)
(1201, 0.02529365)
(1251, 0.02517867)
(1301, 0.02490896)
(1351, 0.02402445)
(1401, 0.02381895)
(1451, 0.02477969)
(1501, 0.02349054)
(1551, 0.02491198)
(1601, 0.02166827)
(1651, 0.02388909)
(1701, 0.02297715)
(1751, 0.02128818)
(1801, 0.02402535)
(1851, 0.02228631)
(1901, 0.02015297)
(1951, 0.02121991)
(2001, 0.02000628)
(2051, 0.02229111)
(2101, 0.02051774)
(2151, 0.02018516)
(2201, 0.02076936)
(2251, 0.01838663)
(2301, 0.01833181)
(2351, 0.01998703)
(2401, 0.01987826)
(2451, 0.01975650)
(2501, 0.01900330)
(2551, 0.01980982)
(2601, 0.01829838)
(2651, 0.01840242)
(2701, 0.01797206)
(2751, 0.01703973)
(2801, 0.01958737)
(2851, 0.01921517)
(2901, 0.01672901)
(2951, 0.01706854)
(3001, 0.01670870)
(3051, 0.01737092)
(3101, 0.01718929)
(3151, 0.01599109)
(3201, 0.01658776)
(3251, 0.01701703)
(3301, 0.01657821)
(3351, 0.01658469)
(3401, 0.01782516)
(3451, 0.01839282)
(3501, 0.01640772)
(3551, 0.01680757)
(3601, 0.01541282)
(3651, 0.01575705)
(3701, 0.01726638)
(3751, 0.01663776)
(3801, 0.01832969)
(3851, 0.01556111)
(3901, 0.01543050)
(3951, 0.01496689)
(4001, 0.01678973)
(4051, 0.01442415)
(4101, 0.01434708)
(4151, 0.01450532)
(4201, 0.01487956)
(4251, 0.01614044)
(4301, 0.01420469)
(4351, 0.01384609)
(4401, 0.01605375)
(4451, 0.01524908)
(4501, 0.01523469)
(4551, 0.01439673)
(4601, 0.01511187)
(4651, 0.01570197)
(4701, 0.01527182)
(4751, 0.01488122)
(4801, 0.01400028)
(4851, 0.01492057)
(4901, 0.01300658)
(4951, 0.01372530)
(5001, 0.01364556)
(5051, 0.01476615)
(5101, 0.01453537)
(5151, 0.01379362)
(5201, 0.01397743)
(5251, 0.01460923)
(5301, 0.01292450)
(5351, 0.01419706)
(5401, 0.01322975)
(5451, 0.01352057)
(5501, 0.01327272)
(5551, 0.01330906)
(5601, 0.01250884)
(5651, 0.01267237)
(5701, 0.01235425)
(5751, 0.01259900)
(5801, 0.01354884)
(5851, 0.01207319)
(5901, 0.01372475)
(5951, 0.01247535)
(6001, 0.01569012)
(6051, 0.01319924)
(6101, 0.01288104)
(6151, 0.01355210)
(6201, 0.01254935)
(6251, 0.01252526)
(6301, 0.01296039)
(6351, 0.01209964)
(6401, 0.01227673)
(6451, 0.01392060)
(6501, 0.01279070)
(6551, 0.01238775)
(6601, 0.01166242)
(6651, 0.01253335)
(6701, 0.01303046)
(6751, 0.01246259)
(6801, 0.01210832)
(6851, 0.01271996)
(6901, 0.01357883)
(6951, 0.01148579)
(7001, 0.01142122)
(7051, 0.01331460)
(7101, 0.01239544)
(7151, 0.01126109)
(7201, 0.01361179)
(7251, 0.01279743)
(7301, 0.01266001)
(7351, 0.01192287)
(7401, 0.01105338)
(7451, 0.01121577)
(7501, 0.01168218)
(7551, 0.01196156)
(7601, 0.01248568)
(7651, 0.01151232)
(7701, 0.01212032)
(7751, 0.01160170)
(7801, 0.01222418)
(7851, 0.01179755)
(7901, 0.01157060)
(7951, 0.01298409)
(8001, 0.01132618)
(8051, 0.01214587)
(8101, 0.01256376)
(8151, 0.01099149)
(8201, 0.01220289)
(8251, 0.01064508)
(8301, 0.01082837)
(8351, 0.01147098)
(8401, 0.01157794)
(8451, 0.01167084)
(8501, 0.01303676)
(8551, 0.01136728)
(8601, 0.01088137)
(8651, 0.01116195)
(8701, 0.01073020)
(8751, 0.01124322)
(8801, 0.01120210)
(8851, 0.01038406)
(8901, 0.01086959)
(8951, 0.01075609)
(9001, 0.01126360)
(9051, 0.00987507)
(9101, 0.01040418)
(9151, 0.01022462)
(9201, 0.01213040)
(9251, 0.01058383)
(9301, 0.01150358)
(9351, 0.01023378)
(9401, 0.01050003)
(9451, 0.01041080)
(9501, 0.01057054)
(9551, 0.01102507)
(9601, 0.01043844)
(9651, 0.01191194)
(9701, 0.01193918)
(9751, 0.01077455)
(9801, 0.01075580)
(9851, 0.01098583)
(9901, 0.01089161)
(9951, 0.01057015)
(10001, 0.01012878)
(10051, 0.01122322)
(10101, 0.01020789)
(10151, 0.01105077)
(10201, 0.01045414)
(10251, 0.01023890)
(10301, 0.01046855)
(10351, 0.01057744)
(10401, 0.00999748)
(10451, 0.01057109)
(10501, 0.01166274)
(10551, 0.01070696)
(10601, 0.01027847)
(10651, 0.00995856)
(10701, 0.01022710)
(10751, 0.01064604)
(10801, 0.01051939)
(10851, 0.01039184)
(10901, 0.01044765)
(10951, 0.01133415)
(11001, 0.01016265)
(11051, 0.01145819)
(11101, 0.00998629)
(11151, 0.00999910)
(11201, 0.01212351)
(11251, 0.01085186)
(11301, 0.00904373)
(11351, 0.01055594)
(11401, 0.00937831)
(11451, 0.00984730)
(11501, 0.00990333)
(11551, 0.00939813)
(11601, 0.00912971)
(11651, 0.00963102)
(11701, 0.00993895)
(11751, 0.00951793)
(11801, 0.00936391)
(11851, 0.01074917)
(11901, 0.01012917)
(11951, 0.01011727)
(12001, 0.00988791)
(12051, 0.00978956)
(12101, 0.00973157)
(12151, 0.01029838)
(12201, 0.00930637)
(12251, 0.00940710)
(12301, 0.00979270)
(12351, 0.00902923)
(12401, 0.00888253)
(12451, 0.00928939)
(12501, 0.01045484)
(12551, 0.00909216)
(12601, 0.00932870)
(12651, 0.00941824)
(12701, 0.00916026)
(12751, 0.00956893)
(12801, 0.00924890)
(12851, 0.00928672)
(12901, 0.00983594)
(12951, 0.00927333)
(13001, 0.00963950)
(13051, 0.00954666)
(13101, 0.01017449)
(13151, 0.00960785)
(13201, 0.00853874)
(13251, 0.00936231)
(13301, 0.00910022)
(13351, 0.00879785)
(13401, 0.00922172)
(13451, 0.00849021)
(13501, 0.00906846)
(13551, 0.00888443)
(13601, 0.00945510)
(13651, 0.00809651)
(13701, 0.00891474)
(13751, 0.00962698)
(13801, 0.00829166)
(13851, 0.01024262)
(13901, 0.00903162)
(13951, 0.00859341)
(14001, 0.00979447)
(14051, 0.00900808)
(14101, 0.01013104)
(14151, 0.00788605)
(14201, 0.00887393)
(14251, 0.00999501)
(14301, 0.00857662)
(14351, 0.00878412)
(14401, 0.00919861)
(14451, 0.00898922)
(14501, 0.00957803)
(14551, 0.00905339)
(14601, 0.00879575)
(14651, 0.00867887)
(14701, 0.00879734)
(14751, 0.00913517)
(14801, 0.00922143)
(14851, 0.00809161)
(14901, 0.00931161)
(14951, 0.00841242)
(15001, 0.00866639)
(15051, 0.00957050)
(15101, 0.00919615)
(15151, 0.00930495)
(15201, 0.00878512)
(15251, 0.00890255)
(15301, 0.00776552)
(15351, 0.00873429)
(15401, 0.00872404)
(15451, 0.00819259)
(15501, 0.00870155)
(15551, 0.00863768)
(15601, 0.00830078)
(15651, 0.00808155)
(15701, 0.00873345)
(15751, 0.00910238)
(15801, 0.00803392)
(15851, 0.00822216)
(15901, 0.00866633)
(15951, 0.00951177)
(16001, 0.00795402)
(16051, 0.00886678)
(16101, 0.00837384)
(16151, 0.00828199)
(16201, 0.00885118)
(16251, 0.00876827)
(16301, 0.00964994)
(16351, 0.00876887)
(16401, 0.00873934)
(16451, 0.00816652)
(16501, 0.00795823)
(16551, 0.00809953)
(16601, 0.00769774)
(16651, 0.00870733)
(16701, 0.00857921)
(16751, 0.00907679)
(16801, 0.00848461)
(16851, 0.00805920)
(16901, 0.00853444)
(16951, 0.00855521)
(17001, 0.00889171)
(17051, 0.00817008)
(17101, 0.01037639)
(17151, 0.01067187)
(17201, 0.00923326)
(17251, 0.00773658)
(17301, 0.00836982)
(17351, 0.00800840)
(17401, 0.00807882)
(17451, 0.00821100)
(17501, 0.00802712)
(17551, 0.00807676)
(17601, 0.00899608)
(17651, 0.00832617)
(17701, 0.00815537)
(17751, 0.00890763)
(17801, 0.00924470)
(17851, 0.00764052)
(17901, 0.00867531)
(17951, 0.00927346)
(18001, 0.00747269)
(18051, 0.00863568)
(18101, 0.00798921)
(18151, 0.00784975)
(18201, 0.00825356)
(18251, 0.00793963)
(18301, 0.00785645)
(18351, 0.00816577)
(18401, 0.00898279)
(18451, 0.00805780)
(18501, 0.00911263)
(18551, 0.00765012)
(18601, 0.00825343)
(18651, 0.00778627)
(18701, 0.00796926)
(18751, 0.00850016)
(18801, 0.00833438)
(18851, 0.00723510)
(18901, 0.00768846)
(18951, 0.00769363)
(19001, 0.00820635)
(19051, 0.00773272)
(19101, 0.00796019)
(19151, 0.00819458)
(19201, 0.00846328)
(19251, 0.00717452)
(19301, 0.00763832)
(19351, 0.00866498)
(19401, 0.00814327)
(19451, 0.00759419)
(19501, 0.00761590)
(19551, 0.00817714)
(19601, 0.00788350)
(19651, 0.00896278)
(19701, 0.00822441)
(19751, 0.00934807)
(19801, 0.00776869)
(19851, 0.00952560)
(19901, 0.00788102)
(19951, 0.00719128)
(20001, 0.00811001)
(20051, 0.00847686)
(20101, 0.00800798)
(20151, 0.00777474)
(20201, 0.00784490)
(20251, 0.00737139)
(20301, 0.00820727)
(20351, 0.00800186)
(20401, 0.00748085)
(20451, 0.00765068)
(20501, 0.00804368)
(20551, 0.00747453)
(20601, 0.00755843)
(20651, 0.00723269)
(20701, 0.00791664)
(20751, 0.00861933)
(20801, 0.00756403)
(20851, 0.00721293)
(20901, 0.00786638)
(20951, 0.00745982)
(21001, 0.00763047)
(21051, 0.00775897)
(21101, 0.00848215)
(21151, 0.00734539)
(21201, 0.00758794)
(21251, 0.00791901)
(21301, 0.00737258)
(21351, 0.00776284)
(21401, 0.00730120)
(21451, 0.00711990)
(21501, 0.00853966)
(21551, 0.00728519)
(21601, 0.00747905)
(21651, 0.00725006)
(21701, 0.00697264)
(21751, 0.00826572)
(21801, 0.00752144)
(21851, 0.00752219)
(21901, 0.00804555)
(21951, 0.00868789)
(22001, 0.00732749)
(22051, 0.00727810)
(22101, 0.00723605)
(22151, 0.00746993)
(22201, 0.00769949)
(22251, 0.00763761)
(22301, 0.00735119)
(22351, 0.00736268)
(22401, 0.00790525)
(22451, 0.00725675)
(22501, 0.00809023)
(22551, 0.00732161)
(22601, 0.00760783)
(22651, 0.00741778)
(22701, 0.00728448)
(22751, 0.00718498)
(22801, 0.00797079)
(22851, 0.00695095)
(22901, 0.00735029)
(22951, 0.00707909)
(23001, 0.00794774)
(23051, 0.00756659)
(23101, 0.00753354)
(23151, 0.00769663)
(23201, 0.00766503)
(23251, 0.00737690)
(23301, 0.00728585)
(23351, 0.00792636)
(23401, 0.00700359)
(23451, 0.00670472)
(23501, 0.00730959)
(23551, 0.00771904)
(23601, 0.00684212)
(23651, 0.00713630)
(23701, 0.00774538)
(23751, 0.00690829)
(23801, 0.00791263)
(23851, 0.00714049)
(23901, 0.00668137)
(23951, 0.00749767)
(24001, 0.00774696)
(24051, 0.00715717)
(24101, 0.00733978)
(24151, 0.00722102)
(24201, 0.00725347)
(24251, 0.00778871)
(24301, 0.00771783)
(24351, 0.00726580)
(24401, 0.00681118)
(24451, 0.00695668)
(24501, 0.00694763)
(24551, 0.00746386)
(24601, 0.00761434)
(24651, 0.00739811)
(24701, 0.00730020)
(24751, 0.00703926)
(24801, 0.00706914)
(24851, 0.00803678)
(24901, 0.00712225)
(24951, 0.00712983)
(25001, 0.00675828)
(25051, 0.00670885)
(25101, 0.00692049)
(25151, 0.00711021)
(25201, 0.00664509)
(25251, 0.00702868)
(25301, 0.00744885)
(25351, 0.00747417)
(25401, 0.00648238)
(25451, 0.00708418)
(25501, 0.00731417)
(25551, 0.00706515)
(25601, 0.00691858)
(25651, 0.00702161)
(25701, 0.00779308)
(25751, 0.00683586)
(25801, 0.00711379)
(25851, 0.00648769)
(25901, 0.00690941)
(25951, 0.00734686)
(26001, 0.00742613)
(26051, 0.00738334)
(26101, 0.00732598)
(26151, 0.00699680)
(26201, 0.00683483)
(26251, 0.00784787)
(26301, 0.00682192)
(26351, 0.00707589)
(26401, 0.00694937)
(26451, 0.00747070)
(26501, 0.00700771)
(26551, 0.00738710)
(26601, 0.00703472)
(26651, 0.00689748)
(26701, 0.00651454)
(26751, 0.00665975)
(26801, 0.00647735)
(26851, 0.00725269)
(26901, 0.00669176)
(26951, 0.00669090)
(27001, 0.00704037)
(27051, 0.00718410)
(27101, 0.00706836)
(27151, 0.00761996)
(27201, 0.00770802)
(27251, 0.00717450)
(27301, 0.00727107)
(27351, 0.00695162)
(27401, 0.00749383)
(27451, 0.00681499)
(27501, 0.00693718)
(27551, 0.00657816)
(27601, 0.00661538)
(27651, 0.00668561)
(27701, 0.00690648)
(27751, 0.00689424)
(27801, 0.00670645)
(27851, 0.00687907)
(27901, 0.00684551)
(27951, 0.00706883)
(28001, 0.00671357)
(28051, 0.00677044)
(28101, 0.00702909)
(28151, 0.00664061)
(28201, 0.00656006)
(28251, 0.00724923)
(28301, 0.00661290)
(28351, 0.00724499)
(28401, 0.00674832)
(28451, 0.00660514)
(28501, 0.00721861)
(28551, 0.00699972)
(28601, 0.00668854)
(28651, 0.00674729)
(28701, 0.00641963)
(28751, 0.00694802)
(28801, 0.00658385)
(28851, 0.00661464)
(28901, 0.00740223)
(28951, 0.00651092)
(29001, 0.00665761)
(29051, 0.00736122)
(29101, 0.00628677)
(29151, 0.00629730)
(29201, 0.00692626)
(29251, 0.00675208)
(29301, 0.00709879)
(29351, 0.00699094)
(29401, 0.00634458)
(29451, 0.00689680)
(29501, 0.00676193)
(29551, 0.00720814)
(29601, 0.00634445)
(29651, 0.00693453)
(29701, 0.00682869)
(29751, 0.00696424)
(29801, 0.00717477)
(29851, 0.00663603)
(29901, 0.00726951)
(29951, 0.00648034)
(30001, 0.00661332)
(30051, 0.00702461)
(30101, 0.00615360)
(30151, 0.00702881)
(30201, 0.00664758)
(30251, 0.00748702)
(30301, 0.00654414)
(30351, 0.00630438)
(30401, 0.00656001)
(30451, 0.00680515)
(30501, 0.00678127)
(30551, 0.00690998)
(30601, 0.00663949)
(30651, 0.00704056)
(30701, 0.00635866)
(30751, 0.00693383)
(30801, 0.00677794)
(30851, 0.00734198)
(30901, 0.00649755)
(30951, 0.00650681)
(31001, 0.00667398)
(31051, 0.00659688)
(31101, 0.00640881)
(31151, 0.00674407)
(31201, 0.00687893)
(31251, 0.00621090)
(31301, 0.00675094)
(31351, 0.00648064)
(31401, 0.00644467)
(31451, 0.00708913)
(31501, 0.00614525)
(31551, 0.00657814)
(31601, 0.00623611)
(31651, 0.00751100)
(31701, 0.00702365)
(31751, 0.00701072)
(31801, 0.00665346)
(31851, 0.00637744)
(31901, 0.00626429)
(31951, 0.00664859)
(32001, 0.00599335)
(32051, 0.00621001)
(32101, 0.00657956)
(32151, 0.00643566)
(32201, 0.00711682)
(32251, 0.00730128)
(32301, 0.00620357)
(32351, 0.00686401)
(32401, 0.00672834)
(32451, 0.00706044)
(32501, 0.00615073)
(32551, 0.00630087)
(32601, 0.00656320)
(32651, 0.00608650)
(32701, 0.00679806)
(32751, 0.00667532)
(32801, 0.00612375)
(32851, 0.00646124)
(32901, 0.00648832)
(32951, 0.00661570)
(33001, 0.00652810)
(33051, 0.00602677)
(33101, 0.00712286)
(33151, 0.00618407)
(33201, 0.00647882)
(33251, 0.00662901)
(33301, 0.00630429)
(33351, 0.00628886)
(33401, 0.00645871)
(33451, 0.00665501)
(33501, 0.00617734)
(33551, 0.00646075)
(33601, 0.00621942)
(33651, 0.00664923)
(33701, 0.00637620)
(33751, 0.00670621)
(33801, 0.00605254)
(33851, 0.00651917)
(33901, 0.00637535)
(33951, 0.00670466)
(34001, 0.00653838)
(34051, 0.00668943)
(34101, 0.00594238)
(34151, 0.00666435)
(34201, 0.00627838)
(34251, 0.00617158)
(34301, 0.00694412)
(34351, 0.00644458)
(34401, 0.00569523)
(34451, 0.00670964)
(34501, 0.00625210)
(34551, 0.00638219)
(34601, 0.00607664)
(34651, 0.00623947)
(34701, 0.00613700)
(34751, 0.00670164)
(34801, 0.00625068)
(34851, 0.00602458)
(34901, 0.00607217)
(34951, 0.00655041)
(35001, 0.00647934)
(35051, 0.00649667)
(35101, 0.00597906)
(35151, 0.00618436)
(35201, 0.00591070)
(35251, 0.00611420)
(35301, 0.00627307)
(35351, 0.00658872)
(35401, 0.00631335)
(35451, 0.00639664)
(35501, 0.00614849)
(35551, 0.00639580)
(35601, 0.00648020)
(35651, 0.00646630)
(35701, 0.00574922)
(35751, 0.00654511)
(35801, 0.00620946)
(35851, 0.00649942)
(35901, 0.00655996)
(35951, 0.00608482)
(36001, 0.00610361)
(36051, 0.00656572)
(36101, 0.00631098)
(36151, 0.00587632)
(36201, 0.00630733)
(36251, 0.00636421)
(36301, 0.00611437)
(36351, 0.00574715)
(36401, 0.00655391)
(36451, 0.00706290)
(36501, 0.00605636)
(36551, 0.00615418)
(36601, 0.00631465)
(36651, 0.00640686)
(36701, 0.00631728)
(36751, 0.00582442)
(36801, 0.00617302)
(36851, 0.00579874)
(36901, 0.00652801)
(36951, 0.00630643)
(37001, 0.00580266)
(37051, 0.00582726)
(37101, 0.00644747)
(37151, 0.00640825)
(37201, 0.00608269)
(37251, 0.00716986)
(37301, 0.00639241)
(37351, 0.00656597)
(37401, 0.00658198)
(37451, 0.00591497)
(37501, 0.00633816)
(37551, 0.00620732)
(37601, 0.00621973)
(37651, 0.00643510)
(37701, 0.00570307)
(37751, 0.00601521)
(37801, 0.00630513)
(37851, 0.00615505)
(37901, 0.00636977)
(37951, 0.00550503)
(38001, 0.00598668)
(38051, 0.00589639)
(38101, 0.00635565)
(38151, 0.00647750)
(38201, 0.00567740)
(38251, 0.00611163)
(38301, 0.00644673)
(38351, 0.00695912)
(38401, 0.00607631)
(38451, 0.00623252)
(38501, 0.00545287)
(38551, 0.00585584)
(38601, 0.00625191)
(38651, 0.00734540)
(38701, 0.00627025)
(38751, 0.00585851)
(38801, 0.00637520)
(38851, 0.00610253)
(38901, 0.00651255)
(38951, 0.00575321)
(39001, 0.00618515)
(39051, 0.00623370)
(39101, 0.00591921)
(39151, 0.00567882)
(39201, 0.00643679)
(39251, 0.00531423)
(39301, 0.00580010)
(39351, 0.00643852)
(39401, 0.00608341)
(39451, 0.00595689)
(39501, 0.00650168)
(39551, 0.00608295)
(39601, 0.00573524)
(39651, 0.00583648)
(39701, 0.00662037)
(39751, 0.00566788)
(39801, 0.00589339)
(39851, 0.00617270)
(39901, 0.00600839)
(39951, 0.00595969)
(40001, 0.00574215)
(40051, 0.00596778)
(40101, 0.00588816)
(40151, 0.00617924)
(40201, 0.00533061)
(40251, 0.00590006)
(40301, 0.00590056)
(40351, 0.00586610)
(40401, 0.00605334)
(40451, 0.00581644)
(40501, 0.00557950)
(40551, 0.00571960)
(40601, 0.00590028)
(40651, 0.00564703)
(40701, 0.00583557)
(40751, 0.00551934)
(40801, 0.00581029)
(40851, 0.00613167)
(40901, 0.00604494)
(40951, 0.00598846)
(41001, 0.00571729)
(41051, 0.00574186)
(41101, 0.00578814)
(41151, 0.00605814)
(41201, 0.00583085)
(41251, 0.00571647)
(41301, 0.00608893)
(41351, 0.00552938)
(41401, 0.00566226)
(41451, 0.00577035)
(41501, 0.00624873)
(41551, 0.00539395)
(41601, 0.00567003)
(41651, 0.00595170)
(41701, 0.00568801)
(41751, 0.00574788)
(41801, 0.00565277)
(41851, 0.00574328)
(41901, 0.00591364)
(41951, 0.00656289)
(42001, 0.00581693)
(42051, 0.00540172)
(42101, 0.00622615)
(42151, 0.00548392)
(42201, 0.00632021)
(42251, 0.00571945)
(42301, 0.00588597)
(42351, 0.00590936)
(42401, 0.00634901)
(42451, 0.00614385)
(42501, 0.00575672)
(42551, 0.00623842)
(42601, 0.00603307)
(42651, 0.00563537)
(42701, 0.00622783)
(42751, 0.00536701)
(42801, 0.00600177)
(42851, 0.00573912)
(42901, 0.00556193)
(42951, 0.00607843)
(43001, 0.00567367)
(43051, 0.00586420)
(43101, 0.00597947)
(43151, 0.00561781)
(43201, 0.00630062)
(43251, 0.00587975)
(43301, 0.00576805)
(43351, 0.00511506)
(43401, 0.00558468)
(43451, 0.00586319)
(43501, 0.00565730)
(43551, 0.00565314)
(43601, 0.00612421)
(43651, 0.00581029)
(43701, 0.00626270)
(43751, 0.00586867)
(43801, 0.00584965)
(43851, 0.00598891)
(43901, 0.00602354)
(43951, 0.00581915)
(44001, 0.00583548)
(44051, 0.00527848)
(44101, 0.00570670)
(44151, 0.00582217)
(44201, 0.00615789)
(44251, 0.00563212)
(44301, 0.00554110)
(44351, 0.00579966)
(44401, 0.00534774)
(44451, 0.00628577)
(44501, 0.00540526)
(44551, 0.00618257)
(44601, 0.00572209)
(44651, 0.00579816)
(44701, 0.00594654)
(44751, 0.00554735)
(44801, 0.00550884)
(44851, 0.00561529)
(44901, 0.00604255)
(44951, 0.00630875)
(45001, 0.00606282)
(45051, 0.00602509)
(45101, 0.00577503)
(45151, 0.00661632)
(45201, 0.00605570)
(45251, 0.00565088)
(45301, 0.00551175)
(45351, 0.00557240)
(45401, 0.00616320)
(45451, 0.00583723)
(45501, 0.00569027)
(45551, 0.00611670)
(45601, 0.00580415)
(45651, 0.00577926)
(45701, 0.00609909)
(45751, 0.00611678)
(45801, 0.00561894)
(45851, 0.00571841)
(45901, 0.00616116)
(45951, 0.00597262)
(46001, 0.00541605)
(46051, 0.00549269)
(46101, 0.00541760)
(46151, 0.00552207)
(46201, 0.00526610)
(46251, 0.00534720)
(46301, 0.00555149)
(46351, 0.00563701)
(46401, 0.00560341)
(46451, 0.00607087)
(46501, 0.00614096)
(46551, 0.00573114)
(46601, 0.00554375)
(46651, 0.00571155)
(46701, 0.00578433)
(46751, 0.00608322)
(46801, 0.00578525)
(46851, 0.00623615)
(46901, 0.00529860)
(46951, 0.00555113)
(47001, 0.00559684)
(47051, 0.00550478)
(47101, 0.00553712)
(47151, 0.00586047)
(47201, 0.00551001)
(47251, 0.00568791)
(47301, 0.00541226)
(47351, 0.00600554)
(47401, 0.00603081)
(47451, 0.00551619)
(47501, 0.00564165)
(47551, 0.00598676)
(47601, 0.00568252)
(47651, 0.00547044)
(47701, 0.00542302)
(47751, 0.00575052)
(47801, 0.00592168)
(47851, 0.00604803)
(47901, 0.00513255)
(47951, 0.00563164)
(48001, 0.00604385)
(48051, 0.00621432)
(48101, 0.00532772)
(48151, 0.00552538)
(48201, 0.00544705)
(48251, 0.00542895)
(48301, 0.00571920)
(48351, 0.00644461)
(48401, 0.00563053)
(48451, 0.00530921)
(48501, 0.00615418)
(48551, 0.00603024)
(48601, 0.00538831)
(48651, 0.00533073)
(48701, 0.00520865)
(48751, 0.00565476)
(48801, 0.00593765)
(48851, 0.00591763)
(48901, 0.00560296)
(48951, 0.00545209)
(49001, 0.00540628)
(49051, 0.00525596)
(49101, 0.00545118)
(49151, 0.00566579)
(49201, 0.00534135)
(49251, 0.00547652)
(49301, 0.00614337)
(49351, 0.00537384)
(49401, 0.00598100)
(49451, 0.00659776)
(49501, 0.00552170)
(49551, 0.00548992)
(49601, 0.00573745)
(49651, 0.00569280)
(49701, 0.00550960)
(49751, 0.00613601)
(49801, 0.00537052)
(49851, 0.00552620)
(49901, 0.00572140)
(49951, 0.00546637)
(50001, 0.00540090)
(50051, 0.00581827)
(50101, 0.00548380)
(50151, 0.00563166)
(50201, 0.00566524)
(50251, 0.00530441)
(50301, 0.00565151)
(50351, 0.00537911)
(50401, 0.00564132)
(50451, 0.00549264)
(50501, 0.00593199)
(50551, 0.00562744)
(50601, 0.00585042)
(50651, 0.00534501)
(50701, 0.00541896)
(50751, 0.00600602)
(50801, 0.00575687)
(50851, 0.00557287)
(50901, 0.00603374)
(50951, 0.00559907)
(51001, 0.00581972)
(51051, 0.00561019)
(51101, 0.00554624)
(51151, 0.00547020)
(51201, 0.00527522)
(51251, 0.00537393)
(51301, 0.00624000)
(51351, 0.00585011)
(51401, 0.00563231)
(51451, 0.00634005)
(51501, 0.00567637)
(51551, 0.00527829)
(51601, 0.00558510)
(51651, 0.00523743)
(51701, 0.00573612)
(51751, 0.00569146)
(51801, 0.00508363)
(51851, 0.00608593)
(51901, 0.00547029)
(51951, 0.00533738)
(52001, 0.00507818)
(52051, 0.00545571)
(52101, 0.00527298)
(52151, 0.00594756)
(52201, 0.00563391)
(52251, 0.00611857)
(52301, 0.00493161)
(52351, 0.00520908)
(52401, 0.00546975)
(52451, 0.00530569)
(52501, 0.00558550)
(52551, 0.00538215)
(52601, 0.00595304)
(52651, 0.00600119)
(52701, 0.00585234)
(52751, 0.00539886)
(52801, 0.00552759)
(52851, 0.00541654)
(52901, 0.00581808)
(52951, 0.00582343)
(53001, 0.00524908)
(53051, 0.00552772)
(53101, 0.00559680)
(53151, 0.00547262)
(53201, 0.00523314)
(53251, 0.00629806)
(53301, 0.00572161)
(53351, 0.00557153)
(53401, 0.00560673)
(53451, 0.00526205)
(53501, 0.00563353)
(53551, 0.00528977)
(53601, 0.00587535)
(53651, 0.00534766)
(53701, 0.00638762)
(53751, 0.00555940)
(53801, 0.00542209)
(53851, 0.00574706)
(53901, 0.00557354)
(53951, 0.00540007)
(54001, 0.00528278)
(54051, 0.00535929)
(54101, 0.00602952)
(54151, 0.00549352)
(54201, 0.00541273)
(54251, 0.00521551)
(54301, 0.00570228)
(54351, 0.00501233)
(54401, 0.00520234)
(54451, 0.00558594)
(54501, 0.00564090)
(54551, 0.00564263)
(54601, 0.00544791)
(54651, 0.00523666)
(54701, 0.00551944)
(54751, 0.00566170)
(54801, 0.00568550)
(54851, 0.00552137)
(54901, 0.00573632)
(54951, 0.00594013)
(55001, 0.00565041)
(55051, 0.00507590)
(55101, 0.00550285)
(55151, 0.00516570)
(55201, 0.00540988)
(55251, 0.00519572)
(55301, 0.00535162)
(55351, 0.00522066)
(55401, 0.00571902)
(55451, 0.00507022)
(55501, 0.00512418)
(55551, 0.00543829)
(55601, 0.00510023)
(55651, 0.00537581)
(55701, 0.00543758)
(55751, 0.00613964)
(55801, 0.00527386)
(55851, 0.00539148)
(55901, 0.00533967)
(55951, 0.00510360)
(56001, 0.00573148)
(56051, 0.00547111)
(56101, 0.00553159)
(56151, 0.00492721)
(56201, 0.00523207)
(56251, 0.00564752)
(56301, 0.00552777)
(56351, 0.00594150)
(56401, 0.00548420)
(56451, 0.00546899)
(56501, 0.00545577)
(56551, 0.00529093)
(56601, 0.00603226)
(56651, 0.00541580)
(56701, 0.00518102)
(56751, 0.00531218)
(56801, 0.00557667)
(56851, 0.00560572)
(56901, 0.00527823)
(56951, 0.00547898)
(57001, 0.00512769)
(57051, 0.00503906)
(57101, 0.00513481)
(57151, 0.00551670)
(57201, 0.00527231)
(57251, 0.00533254)
(57301, 0.00509221)
(57351, 0.00497753)
(57401, 0.00521835)
(57451, 0.00531489)
(57501, 0.00548596)
(57551, 0.00548648)
(57601, 0.00583660)
(57651, 0.00612249)
(57701, 0.00513130)
(57751, 0.00550980)
(57801, 0.00550583)
(57851, 0.00525961)
(57901, 0.00533444)
(57951, 0.00548829)
(58001, 0.00501404)
(58051, 0.00541980)
(58101, 0.00511721)
(58151, 0.00560735)
(58201, 0.00503896)
(58251, 0.00532457)
(58301, 0.00543817)
(58351, 0.00544066)
(58401, 0.00520827)
(58451, 0.00516270)
(58501, 0.00519252)
(58551, 0.00544195)
(58601, 0.00529432)
(58651, 0.00506984)
(58701, 0.00560533)
(58751, 0.00539065)
(58801, 0.00520626)
(58851, 0.00513964)
(58901, 0.00540447)
(58951, 0.00522349)
(59001, 0.00533493)
(59051, 0.00541163)
(59101, 0.00523703)
(59151, 0.00528606)
(59201, 0.00506120)
(59251, 0.00495162)
(59301, 0.00513696)
(59351, 0.00518445)
(59401, 0.00546420)
(59451, 0.00524178)
(59501, 0.00526787)
(59551, 0.00526699)
(59601, 0.00496344)
(59651, 0.00511436)
(59701, 0.00541360)
(59751, 0.00560184)
(59801, 0.00533215)
(59851, 0.00521650)
(59901, 0.00570084)
(59951, 0.00506067)
(60001, 0.00530221)
(60051, 0.00499134)
(60101, 0.00567982)
(60151, 0.00585066)
(60201, 0.00561511)
(60251, 0.00530161)
(60301, 0.00546167)
(60351, 0.00483900)
(60401, 0.00544126)
(60451, 0.00517918)
(60501, 0.00551624)
(60551, 0.00502663)
(60601, 0.00519570)
(60651, 0.00519954)
(60701, 0.00572351)
(60751, 0.00519253)
(60801, 0.00502575)
(60851, 0.00520562)
(60901, 0.00532470)
(60951, 0.00509568)
(61001, 0.00550200)
(61051, 0.00510388)
(61101, 0.00558313)
(61151, 0.00542086)
(61201, 0.00503387)
(61251, 0.00572482)
(61301, 0.00511888)
(61351, 0.00548174)
(61401, 0.00517283)
(61451, 0.00528902)
(61501, 0.00533611)
(61551, 0.00536332)
(61601, 0.00528124)
(61651, 0.00495575)
(61701, 0.00492034)
(61751, 0.00530895)
(61801, 0.00511864)
(61851, 0.00510827)
(61901, 0.00524930)
(61951, 0.00480177)
(62001, 0.00545481)
(62051, 0.00514165)
(62101, 0.00589261)
(62151, 0.00545080)
(62201, 0.00488146)
(62251, 0.00506645)
(62301, 0.00516385)
(62351, 0.00519318)
(62401, 0.00494714)
(62451, 0.00505565)
(62501, 0.00499956)
(62551, 0.00520068)
(62601, 0.00499270)
(62651, 0.00535616)
(62701, 0.00528547)
(62751, 0.00538459)
(62801, 0.00514497)
(62851, 0.00539877)
(62901, 0.00497772)
(62951, 0.00497023)
(63001, 0.00536199)
(63051, 0.00532518)
(63101, 0.00508942)
(63151, 0.00508175)
(63201, 0.00512433)
(63251, 0.00544658)
(63301, 0.00516788)
(63351, 0.00516663)
(63401, 0.00496429)
(63451, 0.00491100)
(63501, 0.00519556)
(63551, 0.00521178)
(63601, 0.00498063)
(63651, 0.00526182)
(63701, 0.00580704)
(63751, 0.00544219)
(63801, 0.00508777)
(63851, 0.00476358)
(63901, 0.00491014)
(63951, 0.00531436)
(64001, 0.00522308)
(64051, 0.00489445)
(64101, 0.00514727)
(64151, 0.00500792)
(64201, 0.00508634)
(64251, 0.00487244)
(64301, 0.00529445)
(64351, 0.00505579)
(64401, 0.00504787)
(64451, 0.00494376)
(64501, 0.00481832)
(64551, 0.00499480)
(64601, 0.00515934)
(64651, 0.00509155)
(64701, 0.00494810)
(64751, 0.00530597)
(64801, 0.00501276)
(64851, 0.00527208)
(64901, 0.00561241)
(64951, 0.00486369)
(65001, 0.00515155)
(65051, 0.00488261)
(65101, 0.00493985)
(65151, 0.00508513)
(65201, 0.00484355)
(65251, 0.00487920)
(65301, 0.00545905)
(65351, 0.00499289)
(65401, 0.00507533)
(65451, 0.00528285)
(65501, 0.00500430)
(65551, 0.00492602)
(65601, 0.00474069)
(65651, 0.00469770)
(65701, 0.00504570)
(65751, 0.00471936)
(65801, 0.00483885)
(65851, 0.00465030)
(65901, 0.00487284)
(65951, 0.00521390)
(66001, 0.00550879)
(66051, 0.00496667)
(66101, 0.00481739)
(66151, 0.00524303)
(66201, 0.00530086)
(66251, 0.00558839)
(66301, 0.00500688)
(66351, 0.00518116)
(66401, 0.00502589)
(66451, 0.00491811)
(66501, 0.00540620)
(66551, 0.00537248)
(66601, 0.00552078)
(66651, 0.00518513)
(66701, 0.00533161)
(66751, 0.00473075)
(66801, 0.00513493)
(66851, 0.00479202)
(66901, 0.00529153)
(66951, 0.00451485)
(67001, 0.00469153)
(67051, 0.00498718)
(67101, 0.00496844)
(67151, 0.00507350)
(67201, 0.00578623)
(67251, 0.00570939)
(67301, 0.00504457)
(67351, 0.00513986)
(67401, 0.00526566)
(67451, 0.00545125)
(67501, 0.00490490)
(67551, 0.00530647)
(67601, 0.00496842)
(67651, 0.00495728)
(67701, 0.00509689)
(67751, 0.00492374)
(67801, 0.00501378)
(67851, 0.00485812)
(67901, 0.00470117)
(67951, 0.00567135)
(68001, 0.00489308)
(68051, 0.00561254)
(68101, 0.00476007)
(68151, 0.00512424)
(68201, 0.00464049)
(68251, 0.00506804)
(68301, 0.00554935)
(68351, 0.00469379)
(68401, 0.00490754)
(68451, 0.00526710)
(68501, 0.00555150)
(68551, 0.00512853)
(68601, 0.00521201)
(68651, 0.00503037)
(68701, 0.00467440)
(68751, 0.00505852)
(68801, 0.00456196)
(68851, 0.00469523)
(68901, 0.00479062)
(68951, 0.00478300)
(69001, 0.00536722)
(69051, 0.00476312)
(69101, 0.00485640)
(69151, 0.00508443)
(69201, 0.00473761)
(69251, 0.00504136)
(69301, 0.00498540)
(69351, 0.00582609)
(69401, 0.00482779)
(69451, 0.00480877)
(69501, 0.00486773)
(69551, 0.00475629)
(69601, 0.00505898)
(69651, 0.00487374)
(69701, 0.00556070)
(69751, 0.00537151)
(69801, 0.00486841)
(69851, 0.00482062)
(69901, 0.00471720)
(69951, 0.00492796)
(70001, 0.00513223)
(70051, 0.00505758)
(70101, 0.00530833)
(70151, 0.00532955)
(70201, 0.00502372)
(70251, 0.00481727)
(70301, 0.00476618)
(70351, 0.00496251)
(70401, 0.00536125)
(70451, 0.00484990)
(70501, 0.00521008)
(70551, 0.00486463)
(70601, 0.00511865)
(70651, 0.00492983)
(70701, 0.00499561)
(70751, 0.00477963)
(70801, 0.00509836)
(70851, 0.00483881)
(70901, 0.00508099)
(70951, 0.00505735)
(71001, 0.00520382)
(71051, 0.00509034)
(71101, 0.00520118)
(71151, 0.00505896)
(71201, 0.00482044)
(71251, 0.00469553)
(71301, 0.00450514)
(71351, 0.00488427)
(71401, 0.00496320)
(71451, 0.00506982)
(71501, 0.00471534)
(71551, 0.00501907)
(71601, 0.00471106)
(71651, 0.00514652)
(71701, 0.00518862)
(71751, 0.00493956)
(71801, 0.00530434)
(71851, 0.00542436)
(71901, 0.00469096)
(71951, 0.00520754)
(72001, 0.00465873)
(72051, 0.00460522)
(72101, 0.00483550)
(72151, 0.00534684)
(72201, 0.00464106)
(72251, 0.00489923)
(72301, 0.00510014)
(72351, 0.00466155)
(72401, 0.00500814)
(72451, 0.00531300)
(72501, 0.00493146)
(72551, 0.00491721)
(72601, 0.00471780)
(72651, 0.00482184)
(72701, 0.00507499)
(72751, 0.00460750)
(72801, 0.00485773)
(72851, 0.00473736)
(72901, 0.00506591)
(72951, 0.00535045)
(73001, 0.00505740)
(73051, 0.00462687)
(73101, 0.00480566)
(73151, 0.00463027)
(73201, 0.00496061)
(73251, 0.00514875)
(73301, 0.00476139)
(73351, 0.00499340)
(73401, 0.00503868)
(73451, 0.00489238)
(73501, 0.00485489)
(73551, 0.00475659)
(73601, 0.00512057)
(73651, 0.00491478)
(73701, 0.00463811)
(73751, 0.00463390)
(73801, 0.00493411)
(73851, 0.00493563)
(73901, 0.00505301)
(73951, 0.00496002)
(74001, 0.00482998)
(74051, 0.00487106)
(74101, 0.00480637)
(74151, 0.00504199)
(74201, 0.00559195)
(74251, 0.00476386)
(74301, 0.00467776)
(74351, 0.00488850)
(74401, 0.00452010)
(74451, 0.00505338)
(74501, 0.00475478)
(74551, 0.00469229)
(74601, 0.00467553)
(74651, 0.00490722)
(74701, 0.00476508)
(74751, 0.00482250)
(74801, 0.00492067)
(74851, 0.00542481)
(74901, 0.00470541)
(74951, 0.00484445)
(75001, 0.00474085)
(75051, 0.00473131)
(75101, 0.00575279)
(75151, 0.00485163)
(75201, 0.00494404)
(75251, 0.00528961)
(75301, 0.00456479)
(75351, 0.00488808)
(75401, 0.00488475)
(75451, 0.00500708)
(75501, 0.00486930)
(75551, 0.00490141)
(75601, 0.00486116)
(75651, 0.00461504)
(75701, 0.00501403)
(75751, 0.00458730)
(75801, 0.00525098)
(75851, 0.00515832)
(75901, 0.00455586)
(75951, 0.00455790)
(76001, 0.00469540)
(76051, 0.00458390)
(76101, 0.00490647)
(76151, 0.00510684)
(76201, 0.00507406)
(76251, 0.00529689)
(76301, 0.00462061)
(76351, 0.00485853)
(76401, 0.00555960)
(76451, 0.00490740)
(76501, 0.00479951)
(76551, 0.00437131)
(76601, 0.00472238)
(76651, 0.00508442)
(76701, 0.00470374)
(76751, 0.00494701)
(76801, 0.00527971)
(76851, 0.00469705)
(76901, 0.00467913)
(76951, 0.00484646)
(77001, 0.00489537)
(77051, 0.00446987)
(77101, 0.00503508)
(77151, 0.00486245)
(77201, 0.00467618)
(77251, 0.00446508)
(77301, 0.00482567)
(77351, 0.00484423)
(77401, 0.00464827)
(77451, 0.00474115)
(77501, 0.00535881)
(77551, 0.00466476)
(77601, 0.00486295)
(77651, 0.00471928)
(77701, 0.00466103)
(77751, 0.00437647)
(77801, 0.00472645)
(77851, 0.00453642)
(77901, 0.00466562)
(77951, 0.00444779)
(78001, 0.00464062)
(78051, 0.00482297)
(78101, 0.00531165)
(78151, 0.00516772)
(78201, 0.00471341)
(78251, 0.00432212)
(78301, 0.00472343)
(78351, 0.00479827)
(78401, 0.00464574)
(78451, 0.00498684)
(78501, 0.00475219)
(78551, 0.00465265)
(78601, 0.00481499)
(78651, 0.00445137)
(78701, 0.00473639)
(78751, 0.00488620)
(78801, 0.00477299)
(78851, 0.00445753)
(78901, 0.00465110)
(78951, 0.00456906)
(79001, 0.00471018)
(79051, 0.00473969)
(79101, 0.00467504)
(79151, 0.00446096)
(79201, 0.00486757)
(79251, 0.00477904)
(79301, 0.00466100)
(79351, 0.00490107)
(79401, 0.00487579)
(79451, 0.00474118)
(79501, 0.00437157)
(79551, 0.00481316)
(79601, 0.00463089)
(79651, 0.00461632)
(79701, 0.00490946)
(79751, 0.00542264)
(79801, 0.00497229)
(79851, 0.00510294)
(79901, 0.00461456)
(79951, 0.00474855)
(80001, 0.00478646)
(80051, 0.00477131)
(80101, 0.00500095)
(80151, 0.00492128)
(80201, 0.00503563)
(80251, 0.00467798)
(80301, 0.00446897)
(80351, 0.00499997)
(80401, 0.00494372)
(80451, 0.00475949)
(80501, 0.00491042)
(80551, 0.00462247)
(80601, 0.00463551)
(80651, 0.00474181)
(80701, 0.00475698)
(80751, 0.00483462)
(80801, 0.00529517)
(80851, 0.00450499)
(80901, 0.00498323)
(80951, 0.00449243)
(81001, 0.00512826)
(81051, 0.00455245)
(81101, 0.00457055)
(81151, 0.00483897)
(81201, 0.00510473)
(81251, 0.00461013)
(81301, 0.00484305)
(81351, 0.00467620)
(81401, 0.00474268)
(81451, 0.00448686)
(81501, 0.00458888)
(81551, 0.00511832)
(81601, 0.00477066)
(81651, 0.00551710)
(81701, 0.00504379)
(81751, 0.00498159)
(81801, 0.00455008)
(81851, 0.00462906)
(81901, 0.00489642)
(81951, 0.00463930)
(82001, 0.00452676)
(82051, 0.00455331)
(82101, 0.00454559)
(82151, 0.00459597)
(82201, 0.00487570)
(82251, 0.00505500)
(82301, 0.00458017)
(82351, 0.00429870)
(82401, 0.00464767)
(82451, 0.00478991)
(82501, 0.00455205)
(82551, 0.00476616)
(82601, 0.00489984)
(82651, 0.00502289)
(82701, 0.00445970)
(82751, 0.00527620)
(82801, 0.00475745)
(82851, 0.00455207)
(82901, 0.00489266)
(82951, 0.00474513)
(83001, 0.00464343)
(83051, 0.00466675)
(83101, 0.00488573)
(83151, 0.00506039)
(83201, 0.00505077)
(83251, 0.00511019)
(83301, 0.00477646)
(83351, 0.00438675)
(83401, 0.00452965)
(83451, 0.00445169)
(83501, 0.00458894)
(83551, 0.00525430)
(83601, 0.00525441)
(83651, 0.00438560)
(83701, 0.00509331)
(83751, 0.00480470)
(83801, 0.00478585)
(83851, 0.00478755)
(83901, 0.00494337)
(83951, 0.00470211)
(84001, 0.00469112)
(84051, 0.00472593)
(84101, 0.00449533)
(84151, 0.00478685)
(84201, 0.00454442)
(84251, 0.00460198)
(84301, 0.00450199)
(84351, 0.00449197)
(84401, 0.00464367)
(84451, 0.00462046)
(84501, 0.00449849)
(84551, 0.00435149)
(84601, 0.00449583)
(84651, 0.00475348)
(84701, 0.00472425)
(84751, 0.00505588)
(84801, 0.00459548)
(84851, 0.00460024)
(84901, 0.00496365)
(84951, 0.00461117)
(85001, 0.00479448)
(85051, 0.00452131)
(85101, 0.00448781)
(85151, 0.00446047)
(85201, 0.00454052)
(85251, 0.00499181)
(85301, 0.00453449)
(85351, 0.00463818)
(85401, 0.00470013)
(85451, 0.00460367)
(85501, 0.00448434)
(85551, 0.00434122)
(85601, 0.00482424)
(85651, 0.00454620)
(85701, 0.00446611)
(85751, 0.00469123)
(85801, 0.00481108)
(85851, 0.00436898)
(85901, 0.00466121)
(85951, 0.00539069)
(86001, 0.00458611)
(86051, 0.00440008)
(86101, 0.00461239)
(86151, 0.00495763)
(86201, 0.00488044)
(86251, 0.00455956)
(86301, 0.00479091)
(86351, 0.00426488)
(86401, 0.00455350)
(86451, 0.00457201)
(86501, 0.00475153)
(86551, 0.00509667)
(86601, 0.00450430)
(86651, 0.00459973)
(86701, 0.00487526)
(86751, 0.00443080)
(86801, 0.00496365)
(86851, 0.00485477)
(86901, 0.00461857)
(86951, 0.00481852)
(87001, 0.00433736)
(87051, 0.00487523)
(87101, 0.00478071)
(87151, 0.00470851)
(87201, 0.00437127)
(87251, 0.00462956)
(87301, 0.00473803)
(87351, 0.00447494)
(87401, 0.00499634)
(87451, 0.00520905)
(87501, 0.00459614)
(87551, 0.00455010)
(87601, 0.00445871)
(87651, 0.00458581)
(87701, 0.00426529)
(87751, 0.00478490)
(87801, 0.00439790)
(87851, 0.00468234)
(87901, 0.00408952)
(87951, 0.00489258)
(88001, 0.00449436)
(88051, 0.00455171)
(88101, 0.00467244)
(88151, 0.00516007)
(88201, 0.00463290)
(88251, 0.00450772)
(88301, 0.00459676)
(88351, 0.00462634)
(88401, 0.00474632)
(88451, 0.00445759)
(88501, 0.00512280)
(88551, 0.00463204)
(88601, 0.00490269)
(88651, 0.00458070)
(88701, 0.00476545)
(88751, 0.00466171)
(88801, 0.00509529)
(88851, 0.00478636)
(88901, 0.00438880)
(88951, 0.00490710)
(89001, 0.00468935)
(89051, 0.00433191)
(89101, 0.00438322)
(89151, 0.00445432)
(89201, 0.00462664)
(89251, 0.00481019)
(89301, 0.00436305)
(89351, 0.00457296)
(89401, 0.00458520)
(89451, 0.00434739)
(89501, 0.00461778)
(89551, 0.00446214)
(89601, 0.00445304)
(89651, 0.00428815)
(89701, 0.00448407)
(89751, 0.00491702)
(89801, 0.00487650)
(89851, 0.00491212)
(89901, 0.00528877)
(89951, 0.00501927)
(90001, 0.00467303)
(90051, 0.00510407)
(90101, 0.00451285)
(90151, 0.00437390)
(90201, 0.00455989)
(90251, 0.00475040)
(90301, 0.00477398)
(90351, 0.00433886)
(90401, 0.00490529)
(90451, 0.00454932)
(90501, 0.00448308)
(90551, 0.00478650)
(90601, 0.00443549)
(90651, 0.00435643)
(90701, 0.00464867)
(90751, 0.00467659)
(90801, 0.00509031)
(90851, 0.00460446)
(90901, 0.00440065)
(90951, 0.00484832)
(91001, 0.00448923)
(91051, 0.00482897)
(91101, 0.00435329)
(91151, 0.00425662)
(91201, 0.00473802)
(91251, 0.00442826)
(91301, 0.00433714)
(91351, 0.00481555)
(91401, 0.00523859)
(91451, 0.00443129)
(91501, 0.00437339)
(91551, 0.00439113)
(91601, 0.00450336)
(91651, 0.00476222)
(91701, 0.00438911)
(91751, 0.00439366)
(91801, 0.00452231)
(91851, 0.00477631)
(91901, 0.00421680)
(91951, 0.00463535)
(92001, 0.00460720)
(92051, 0.00479081)
(92101, 0.00460305)
(92151, 0.00465658)
(92201, 0.00431177)
(92251, 0.00450970)
(92301, 0.00492477)
(92351, 0.00437221)
(92401, 0.00491348)
(92451, 0.00440769)
(92501, 0.00453930)
(92551, 0.00456538)
(92601, 0.00479147)
(92651, 0.00460464)
(92701, 0.00470336)
(92751, 0.00434024)
(92801, 0.00456482)
(92851, 0.00423494)
(92901, 0.00434601)
(92951, 0.00415709)
(93001, 0.00441667)
(93051, 0.00448602)
(93101, 0.00440221)
(93151, 0.00415963)
(93201, 0.00425768)
(93251, 0.00455583)
(93301, 0.00452992)
(93351, 0.00445527)
(93401, 0.00460658)
(93451, 0.00439918)
(93501, 0.00460757)
(93551, 0.00458222)
(93601, 0.00521647)
(93651, 0.00460145)
(93701, 0.00424854)
(93751, 0.00436984)
(93801, 0.00426427)
(93851, 0.00436382)
(93901, 0.00471857)
(93951, 0.00444130)
(94001, 0.00439327)
(94051, 0.00464461)
(94101, 0.00449965)
(94151, 0.00438056)
(94201, 0.00455690)
(94251, 0.00464168)
(94301, 0.00482818)
(94351, 0.00478698)
(94401, 0.00516457)
(94451, 0.00429919)
(94501, 0.00426898)
(94551, 0.00444587)
(94601, 0.00462943)
(94651, 0.00488036)
(94701, 0.00452022)
(94751, 0.00433543)
(94801, 0.00433078)
(94851, 0.00463988)
(94901, 0.00494313)
(94951, 0.00428963)
(95001, 0.00451411)
(95051, 0.00445303)
(95101, 0.00478515)
(95151, 0.00433827)
(95201, 0.00455385)
(95251, 0.00464248)
(95301, 0.00424960)
(95351, 0.00442792)
(95401, 0.00457609)
(95451, 0.00420417)
(95501, 0.00423165)
(95551, 0.00463730)
(95601, 0.00452773)
(95651, 0.00489922)
(95701, 0.00491444)
(95751, 0.00479249)
(95801, 0.00430613)
(95851, 0.00423446)
(95901, 0.00430760)
(95951, 0.00464699)
(96001, 0.00494834)
(96051, 0.00455746)
(96101, 0.00454638)
(96151, 0.00431908)
(96201, 0.00441728)
(96251, 0.00430200)
(96301, 0.00432013)
(96351, 0.00440667)
(96401, 0.00482073)
(96451, 0.00433956)
(96501, 0.00447319)
(96551, 0.00428684)
(96601, 0.00435714)
(96651, 0.00485715)
(96701, 0.00433871)
(96751, 0.00469340)
(96801, 0.00499575)
(96851, 0.00465326)
(96901, 0.00429527)
(96951, 0.00431306)
(97001, 0.00469184)
(97051, 0.00456157)
(97101, 0.00472087)
(97151, 0.00454603)
(97201, 0.00479546)
(97251, 0.00431093)
(97301, 0.00427318)
(97351, 0.00468518)
(97401, 0.00445918)
(97451, 0.00500019)
(97501, 0.00448604)
(97551, 0.00418651)
(97601, 0.00452014)
(97651, 0.00455357)
(97701, 0.00428063)
(97751, 0.00443491)
(97801, 0.00474780)
(97851, 0.00444002)
(97901, 0.00587214)
(97951, 0.00484510)
(98001, 0.00450532)
(98051, 0.00438041)
(98101, 0.00473846)
(98151, 0.00435104)
(98201, 0.00407287)
(98251, 0.00467825)
(98301, 0.00431899)
(98351, 0.00450499)
(98401, 0.00495045)
(98451, 0.00506912)
(98501, 0.00422823)
(98551, 0.00444871)
(98601, 0.00435478)
(98651, 0.00464174)
(98701, 0.00456386)
(98751, 0.00479344)
(98801, 0.00435030)
(98851, 0.00489584)
(98901, 0.00434826)
(98951, 0.00436299)
(99001, 0.00447763)
(99051, 0.00453008)
(99101, 0.00479461)
(99151, 0.00435516)
(99201, 0.00437492)
(99251, 0.00475599)
(99301, 0.00429959)
(99351, 0.00443411)
(99401, 0.00510890)
(99451, 0.00452330)
(99501, 0.00455954)
(99551, 0.00436530)
(99601, 0.00430927)
(99651, 0.00443916)
(99701, 0.00458629)
(99751, 0.00490212)
(99801, 0.00426018)
(99851, 0.00642083)
(99901, 0.00436252)
(99951, 0.00442136)
(100001, 0.00451244)
(100051, 0.00443055)
(100101, 0.00448302)
(100151, 0.00456813)
(100201, 0.00438810)
(100251, 0.00443378)
(100301, 0.00435528)
(100351, 0.00425576)
(100401, 0.00478437)
(100451, 0.00448574)
(100501, 0.00425896)
(100551, 0.00474663)
(100601, 0.00460331)
(100651, 0.00480100)
(100701, 0.00432234)
(100751, 0.00457892)
(100801, 0.00423511)
(100851, 0.00480551)
(100901, 0.00422024)
(100951, 0.00480005)
(101001, 0.00464437)
(101051, 0.00434023)
(101101, 0.00426101)
(101151, 0.00460248)
(101201, 0.00458029)
(101251, 0.00457303)
(101301, 0.00462563)
(101351, 0.00433449)
(101401, 0.00436632)
(101451, 0.00463209)
(101501, 0.00421543)
(101551, 0.00430198)
(101601, 0.00403148)
(101651, 0.00454287)
(101701, 0.00416978)
(101751, 0.00447699)
(101801, 0.00441634)
(101851, 0.00514242)
(101901, 0.00454149)
(101951, 0.00459165)
(102001, 0.00446545)
(102051, 0.00462797)
(102101, 0.00471188)
(102151, 0.00475525)
(102201, 0.00485451)
(102251, 0.00452920)
(102301, 0.00430109)
(102351, 0.00407892)
(102401, 0.00436750)
(102451, 0.00463652)
(102501, 0.00422975)
(102551, 0.00424825)
(102601, 0.00423599)
(102651, 0.00433974)
(102701, 0.00478931)
(102751, 0.00432085)
(102801, 0.00456516)
(102851, 0.00409423)
(102901, 0.00427918)
(102951, 0.00474688)
(103001, 0.00405149)
(103051, 0.00478214)
(103101, 0.00431261)
(103151, 0.00472004)
(103201, 0.00410936)
(103251, 0.00439246)
(103301, 0.00409212)
(103351, 0.00456947)
(103401, 0.00437066)
(103451, 0.00418851)
(103501, 0.00441229)
(103551, 0.00431718)
(103601, 0.00419306)
(103651, 0.00418459)
(103701, 0.00458306)
(103751, 0.00440656)
(103801, 0.00468020)
(103851, 0.00432151)
(103901, 0.00411539)
(103951, 0.00439849)
(104001, 0.00470987)
(104051, 0.00470794)
(104101, 0.00435473)
(104151, 0.00424366)
(104201, 0.00442326)
(104251, 0.00425057)
(104301, 0.00458239)
(104351, 0.00427579)
(104401, 0.00428599)
(104451, 0.00427193)
(104501, 0.00439330)
(104551, 0.00432672)
(104601, 0.00449689)
(104651, 0.00420333)
(104701, 0.00441821)
(104751, 0.00420312)
(104801, 0.00601056)
(104851, 0.00434090)
(104901, 0.00462329)
(104951, 0.00438156)
(105001, 0.00403849)
(105051, 0.00444664)
(105101, 0.00476941)
(105151, 0.00456303)
(105201, 0.00466471)
(105251, 0.00451269)
(105301, 0.00464600)
(105351, 0.00444520)
(105401, 0.00462912)
(105451, 0.00434221)
(105501, 0.00461656)
(105551, 0.00445122)
(105601, 0.00427649)
(105651, 0.00411358)
(105701, 0.00417413)
(105751, 0.00452462)
(105801, 0.00465997)
(105851, 0.00435764)
(105901, 0.00444701)
(105951, 0.00475705)
(106001, 0.00417239)
(106051, 0.00440756)
(106101, 0.00452779)
(106151, 0.00443103)
(106201, 0.00454059)
(106251, 0.00411489)
(106301, 0.00423568)
(106351, 0.00440995)
(106401, 0.00437667)
(106451, 0.00448217)
(106501, 0.00419850)
(106551, 0.00429005)
(106601, 0.00429196)
(106651, 0.00403522)
(106701, 0.00427456)
(106751, 0.00403090)
(106801, 0.00450752)
(106851, 0.00429570)
(106901, 0.00440250)
(106951, 0.00429174)
(107001, 0.00424575)
(107051, 0.00428479)
(107101, 0.00464530)
(107151, 0.00468741)
(107201, 0.00413346)
(107251, 0.00424402)
(107301, 0.00430046)
(107351, 0.00457776)
(107401, 0.00431518)
(107451, 0.00445366)
(107501, 0.00409864)
(107551, 0.00449201)
(107601, 0.00463446)
(107651, 0.00494268)
(107701, 0.00427147)
(107751, 0.00430594)
(107801, 0.00441038)
(107851, 0.00455343)
(107901, 0.00456116)
(107951, 0.00435390)
(108001, 0.00428514)
(108051, 0.00414545)
(108101, 0.00422115)
(108151, 0.00430804)
(108201, 0.00437189)
(108251, 0.00437276)
(108301, 0.00444472)
(108351, 0.00402731)
(108401, 0.00418845)
(108451, 0.00425993)
(108501, 0.00423885)
(108551, 0.00411453)
(108601, 0.00430426)
(108651, 0.00431801)
(108701, 0.00434634)
(108751, 0.00454154)
(108801, 0.00439185)
(108851, 0.00429926)
(108901, 0.00442939)
(108951, 0.00410800)
(109001, 0.00424007)
(109051, 0.00406992)
(109101, 0.00422769)
(109151, 0.00430087)
(109201, 0.00470614)
(109251, 0.00418130)
(109301, 0.00424042)
(109351, 0.00420799)
(109401, 0.00430569)
(109451, 0.00420627)
(109501, 0.00405806)
(109551, 0.00424665)
(109601, 0.00439837)
(109651, 0.00410656)
(109701, 0.00469262)
(109751, 0.00467149)
(109801, 0.00447989)
(109851, 0.00406430)
(109901, 0.00441926)
(109951, 0.00413574)
(110001, 0.00447672)
(110051, 0.00424174)
(110101, 0.00446599)
(110151, 0.00471448)
(110201, 0.00426997)
(110251, 0.00403502)
(110301, 0.00401099)
(110351, 0.00443536)
(110401, 0.00411383)
(110451, 0.00433679)
(110501, 0.00424063)
(110551, 0.00462540)
(110601, 0.00458908)
(110651, 0.00445407)
(110701, 0.00416745)
(110751, 0.00430295)
(110801, 0.00427894)
(110851, 0.00436265)
(110901, 0.00401383)
(110951, 0.00421801)
(111001, 0.00402516)
(111051, 0.00391102)
(111101, 0.00446587)
(111151, 0.00442257)
(111201, 0.00413547)
(111251, 0.00420686)
(111301, 0.00422560)
(111351, 0.00428268)
(111401, 0.00447612)
(111451, 0.00409907)
(111501, 0.00469661)
(111551, 0.00442008)
(111601, 0.00464917)
(111651, 0.00430182)
(111701, 0.00440169)
(111751, 0.00433854)
(111801, 0.00452816)
(111851, 0.00412520)
(111901, 0.00436804)
(111951, 0.00459993)
(112001, 0.00425310)
(112051, 0.00445992)
(112101, 0.00441778)
(112151, 0.00431704)
(112201, 0.00421041)
(112251, 0.00481036)
(112301, 0.00455435)
(112351, 0.00447153)
(112401, 0.00439567)
(112451, 0.00441035)
(112501, 0.00448145)
(112551, 0.00429544)
(112601, 0.00410642)
(112651, 0.00401904)
(112701, 0.00438754)
(112751, 0.00421585)
(112801, 0.00419241)
(112851, 0.00420697)
(112901, 0.00435431)
(112951, 0.00419687)
(113001, 0.00403678)
(113051, 0.00422975)
(113101, 0.00476353)
(113151, 0.00434953)
(113201, 0.00401109)
(113251, 0.00427151)
(113301, 0.00433814)
(113351, 0.00413085)
(113401, 0.00456456)
(113451, 0.00428292)
(113501, 0.00427738)
(113551, 0.00461846)
(113601, 0.00446405)
(113651, 0.00410673)
(113701, 0.00423870)
(113751, 0.00427718)
(113801, 0.00448960)
(113851, 0.00416248)
(113901, 0.00403195)
(113951, 0.00459183)
(114001, 0.00459131)
(114051, 0.00410365)
(114101, 0.00397915)
(114151, 0.00416997)
(114201, 0.00387478)
(114251, 0.00436120)
(114301, 0.00417363)
(114351, 0.00436493)
(114401, 0.00450567)
(114451, 0.00467126)
(114501, 0.00411104)
(114551, 0.00456694)
(114601, 0.00450536)
(114651, 0.00431739)
(114701, 0.00438996)
(114751, 0.00412539)
(114801, 0.00440589)
(114851, 0.00412591)
(114901, 0.00391033)
(114951, 0.00393302)
(115001, 0.00422295)
(115051, 0.00444111)
(115101, 0.00472670)
(115151, 0.00447128)
(115201, 0.00471597)
(115251, 0.00423497)
(115301, 0.00433716)
(115351, 0.00442305)
(115401, 0.00434318)
(115451, 0.00434496)
(115501, 0.00423001)
(115551, 0.00462699)
(115601, 0.00402653)
(115651, 0.00453108)
(115701, 0.00404835)
(115751, 0.00425259)
(115801, 0.00424448)
(115851, 0.00394986)
(115901, 0.00450147)
(115951, 0.00401541)
(116001, 0.00447503)
(116051, 0.00408490)
(116101, 0.00447529)
(116151, 0.00425573)
(116201, 0.00428507)
(116251, 0.00391972)
(116301, 0.00444154)
(116351, 0.00439797)
(116401, 0.00429793)
(116451, 0.00457275)
(116501, 0.00440533)
(116551, 0.00448058)
(116601, 0.00441756)
(116651, 0.00423817)
(116701, 0.00445460)
(116751, 0.00422783)
(116801, 0.00422870)
(116851, 0.00419485)
(116901, 0.00406720)
(116951, 0.00400780)
(117001, 0.00421151)
(117051, 0.00404819)
(117101, 0.00405635)
(117151, 0.00422376)
(117201, 0.00459689)
(117251, 0.00443064)
(117301, 0.00438086)
(117351, 0.00400870)
(117401, 0.00436463)
(117451, 0.00436816)
(117501, 0.00424173)
(117551, 0.00407820)
(117601, 0.00446361)
(117651, 0.00440599)
(117701, 0.00462548)
(117751, 0.00450642)
(117801, 0.00410834)
(117851, 0.00424395)
(117901, 0.00434646)
(117951, 0.00501408)
(118001, 0.00430492)
(118051, 0.00425006)
(118101, 0.00422763)
(118151, 0.00439071)
(118201, 0.00389635)
(118251, 0.00429951)
(118301, 0.00423586)
(118351, 0.00396135)
(118401, 0.00423383)
(118451, 0.00420193)
(118501, 0.00412488)
(118551, 0.00381883)
(118601, 0.00431155)
(118651, 0.00430789)
(118701, 0.00389715)
(118751, 0.00430097)
(118801, 0.00409121)
(118851, 0.00427160)
(118901, 0.00421079)
(118951, 0.00418512)
(119001, 0.00411091)
(119051, 0.00419805)
(119101, 0.00417974)
(119151, 0.00479812)
(119201, 0.00484370)
(119251, 0.00410324)
(119301, 0.00413363)
(119351, 0.00408664)
(119401, 0.00423046)
(119451, 0.00424970)
(119501, 0.00460539)
(119551, 0.00407892)
(119601, 0.00433686)
(119651, 0.00434000)
(119701, 0.00416704)
(119751, 0.00424059)
(119801, 0.00393845)
(119851, 0.00403870)
(119901, 0.00445991)
(119951, 0.00418272)
(120001, 0.00411506)
(120051, 0.00420895)
(120101, 0.00406767)
(120151, 0.00404149)
(120201, 0.00399091)
(120251, 0.00448050)
(120301, 0.00410083)
(120351, 0.00434064)
(120401, 0.00451105)
(120451, 0.00406404)
(120501, 0.00417431)
(120551, 0.00396390)
(120601, 0.00430325)
(120651, 0.00412383)
(120701, 0.00442032)
(120751, 0.00401917)
(120801, 0.00454936)
(120851, 0.00394691)
(120901, 0.00436667)
(120951, 0.00415891)
(121001, 0.00401207)
(121051, 0.00428240)
(121101, 0.00448545)
(121151, 0.00439159)
(121201, 0.00447915)
(121251, 0.00420975)
(121301, 0.00413173)
(121351, 0.00393321)
(121401, 0.00436428)
(121451, 0.00390646)
(121501, 0.00446793)
(121551, 0.00420852)
(121601, 0.00400475)
(121651, 0.00439196)
(121701, 0.00395206)
(121751, 0.00399594)
(121801, 0.00410679)
(121851, 0.00448540)
(121901, 0.00424800)
(121951, 0.00433068)
(122001, 0.00416987)
(122051, 0.00413392)
(122101, 0.00377879)
(122151, 0.00397715)
(122201, 0.00398348)
(122251, 0.00417474)
(122301, 0.00438420)
(122351, 0.00430967)
(122401, 0.00413928)
(122451, 0.00412677)
(122501, 0.00429835)
(122551, 0.00435073)
(122601, 0.00435305)
(122651, 0.00418187)
(122701, 0.00454840)
(122751, 0.00420111)
(122801, 0.00425800)
(122851, 0.00413793)
(122901, 0.00412862)
(122951, 0.00410836)
(123001, 0.00403027)
(123051, 0.00406325)
(123101, 0.00411377)
(123151, 0.00431799)
(123201, 0.00485629)
(123251, 0.00428449)
(123301, 0.00409896)
(123351, 0.00425622)
(123401, 0.00405167)
(123451, 0.00429824)
(123501, 0.00445761)
(123551, 0.00446208)
(123601, 0.00424034)
(123651, 0.00425851)
(123701, 0.00397807)
(123751, 0.00405474)
(123801, 0.00401727)
(123851, 0.00429895)
(123901, 0.00430850)
(123951, 0.00479247)
(124001, 0.00428719)
(124051, 0.00435049)
(124101, 0.00396292)
(124151, 0.00440975)
(124201, 0.00408631)
(124251, 0.00420145)
(124301, 0.00415435)
(124351, 0.00419388)
(124401, 0.00409537)
(124451, 0.00419235)
(124501, 0.00405464)
(124551, 0.00400476)
(124601, 0.00440395)
(124651, 0.00414052)
(124701, 0.00406343)
(124751, 0.00419816)
(124801, 0.00407653)
(124851, 0.00433936)
(124901, 0.00431119)
(124951, 0.00419747)
