(1, 0.00103312)
(51, 0.00157880)
(101, 0.00121747)
(151, 0.00141778)
(201, 0.00175446)
(251, 0.00210011)
(301, 0.00231678)
(351, 0.00247273)
(401, 0.00246782)
(451, 0.00252610)
(501, 0.00268589)
(551, 0.00273638)
(601, 0.00282500)
(651, 0.00288288)
(701, 0.00298175)
(751, 0.00305396)
(801, 0.00293169)
(851, 0.00296720)
(901, 0.00294646)
(951, 0.00299281)
(1001, 0.00311761)
(1051, 0.00311420)
(1101, 0.00319306)
(1151, 0.00321092)
(1201, 0.00318516)
(1251, 0.00319999)
(1301, 0.00314522)
(1351, 0.00317880)
(1401, 0.00319024)
(1451, 0.00306827)
(1501, 0.00304603)
(1551, 0.00317053)
(1601, 0.00323417)
(1651, 0.00326518)
(1701, 0.00327943)
(1751, 0.00311518)
(1801, 0.00325590)
(1851, 0.00316662)
(1901, 0.00321899)
(1951, 0.00325226)
(2001, 0.00325436)
(2051, 0.00332648)
(2101, 0.00323230)
(2151, 0.00330928)
(2201, 0.00322043)
(2251, 0.00319235)
(2301, 0.00331001)
(2351, 0.00320053)
(2401, 0.00313636)
(2451, 0.00315051)
(2501, 0.00319382)
(2551, 0.00318811)
(2601, 0.00322899)
(2651, 0.00329334)
(2701, 0.00318568)
(2751, 0.00323377)
(2801, 0.00340775)
(2851, 0.00315675)
(2901, 0.00322353)
(2951, 0.00338396)
(3001, 0.00319192)
(3051, 0.00337347)
(3101, 0.00336790)
(3151, 0.00320525)
(3201, 0.00326740)
(3251, 0.00328869)
(3301, 0.00324659)
(3351, 0.00329083)
(3401, 0.00320079)
(3451, 0.00324675)
(3501, 0.00325082)
(3551, 0.00330469)
(3601, 0.00321613)
(3651, 0.00319165)
(3701, 0.00320776)
(3751, 0.00328913)
(3801, 0.00330771)
(3851, 0.00317424)
(3901, 0.00320946)
(3951, 0.00321562)
(4001, 0.00333351)
(4051, 0.00317671)
(4101, 0.00317186)
(4151, 0.00320977)
(4201, 0.00323412)
(4251, 0.00326909)
(4301, 0.00327615)
(4351, 0.00322520)
(4401, 0.00325308)
(4451, 0.00334410)
(4501, 0.00326069)
(4551, 0.00325059)
(4601, 0.00327856)
(4651, 0.00332993)
(4701, 0.00327615)
(4751, 0.00321100)
(4801, 0.00320486)
(4851, 0.00316124)
(4901, 0.00320667)
(4951, 0.00319502)
(5001, 0.00317200)
(5051, 0.00324428)
(5101, 0.00326900)
(5151, 0.00318080)
(5201, 0.00330174)
(5251, 0.00325185)
(5301, 0.00326664)
(5351, 0.00322627)
(5401, 0.00317646)
(5451, 0.00322688)
(5501, 0.00322725)
(5551, 0.00319677)
(5601, 0.00321015)
(5651, 0.00320560)
(5701, 0.00316809)
(5751, 0.00315210)
(5801, 0.00325122)
(5851, 0.00322462)
(5901, 0.00319751)
(5951, 0.00328697)
(6001, 0.00328405)
(6051, 0.00326354)
(6101, 0.00325914)
(6151, 0.00319437)
(6201, 0.00323053)
(6251, 0.00326588)
(6301, 0.00322528)
(6351, 0.00323281)
(6401, 0.00318751)
(6451, 0.00329071)
(6501, 0.00323617)
(6551, 0.00323630)
(6601, 0.00319350)
(6651, 0.00325790)
(6701, 0.00321948)
(6751, 0.00326173)
(6801, 0.00322337)
(6851, 0.00325477)
(6901, 0.00328076)
(6951, 0.00318634)
(7001, 0.00321867)
(7051, 0.00326286)
(7101, 0.00331273)
(7151, 0.00313803)
(7201, 0.00319099)
(7251, 0.00319352)
(7301, 0.00320693)
(7351, 0.00314012)
(7401, 0.00313980)
(7451, 0.00315254)
(7501, 0.00314144)
(7551, 0.00310789)
(7601, 0.00325934)
(7651, 0.00321872)
(7701, 0.00324585)
(7751, 0.00318108)
(7801, 0.00316582)
(7851, 0.00321038)
(7901, 0.00321425)
(7951, 0.00321187)
(8001, 0.00313471)
(8051, 0.00322424)
(8101, 0.00322958)
(8151, 0.00318865)
(8201, 0.00321647)
(8251, 0.00314620)
(8301, 0.00318214)
(8351, 0.00327503)
(8401, 0.00308966)
(8451, 0.00323702)
(8501, 0.00323800)
(8551, 0.00326171)
(8601, 0.00318289)
(8651, 0.00320298)
(8701, 0.00315317)
(8751, 0.00318643)
(8801, 0.00317115)
(8851, 0.00314725)
(8901, 0.00317743)
(8951, 0.00312052)
(9001, 0.00315910)
(9051, 0.00312830)
(9101, 0.00308391)
(9151, 0.00318535)
(9201, 0.00329319)
(9251, 0.00313790)
(9301, 0.00316838)
(9351, 0.00319102)
(9401, 0.00322380)
(9451, 0.00314448)
(9501, 0.00312165)
(9551, 0.00319743)
(9601, 0.00315250)
(9651, 0.00323678)
(9701, 0.00314198)
(9751, 0.00318682)
(9801, 0.00319616)
(9851, 0.00317079)
(9901, 0.00320864)
(9951, 0.00315032)
(10001, 0.00316715)
(10051, 0.00326255)
(10101, 0.00318810)
(10151, 0.00326180)
(10201, 0.00319073)
(10251, 0.00326389)
(10301, 0.00320099)
(10351, 0.00321508)
(10401, 0.00315735)
(10451, 0.00318543)
(10501, 0.00336714)
(10551, 0.00315010)
(10601, 0.00317155)
(10651, 0.00314374)
(10701, 0.00314187)
(10751, 0.00319453)
(10801, 0.00325785)
(10851, 0.00318638)
(10901, 0.00319540)
(10951, 0.00327135)
(11001, 0.00316829)
(11051, 0.00325133)
(11101, 0.00312150)
(11151, 0.00315034)
(11201, 0.00321787)
(11251, 0.00317773)
(11301, 0.00317667)
(11351, 0.00317528)
(11401, 0.00311566)
(11451, 0.00313645)
(11501, 0.00312351)
(11551, 0.00306827)
(11601, 0.00311178)
(11651, 0.00313264)
(11701, 0.00320826)
(11751, 0.00318336)
(11801, 0.00315478)
(11851, 0.00319227)
(11901, 0.00312751)
(11951, 0.00314899)
(12001, 0.00323643)
(12051, 0.00315733)
(12101, 0.00313185)
(12151, 0.00321810)
(12201, 0.00318974)
(12251, 0.00320060)
(12301, 0.00315689)
(12351, 0.00310432)
(12401, 0.00316064)
(12451, 0.00316539)
(12501, 0.00324709)
(12551, 0.00309297)
(12601, 0.00314546)
(12651, 0.00313403)
(12701, 0.00316023)
(12751, 0.00312513)
(12801, 0.00312657)
(12851, 0.00313517)
(12901, 0.00321481)
(12951, 0.00323501)
(13001, 0.00319144)
(13051, 0.00321623)
(13101, 0.00324560)
(13151, 0.00315664)
(13201, 0.00314025)
(13251, 0.00315312)
(13301, 0.00311036)
(13351, 0.00313289)
(13401, 0.00312977)
(13451, 0.00316010)
(13501, 0.00314888)
(13551, 0.00308860)
(13601, 0.00317868)
(13651, 0.00310434)
(13701, 0.00310307)
(13751, 0.00321711)
(13801, 0.00314582)
(13851, 0.00319935)
(13901, 0.00313256)
(13951, 0.00316838)
(14001, 0.00316846)
(14051, 0.00316464)
(14101, 0.00312172)
(14151, 0.00311344)
(14201, 0.00318789)
(14251, 0.00318018)
(14301, 0.00316913)
(14351, 0.00311206)
(14401, 0.00313045)
(14451, 0.00313945)
(14501, 0.00311816)
(14551, 0.00319695)
(14601, 0.00319726)
(14651, 0.00317065)
(14701, 0.00317181)
(14751, 0.00309795)
(14801, 0.00317125)
(14851, 0.00313101)
(14901, 0.00316917)
(14951, 0.00315843)
(15001, 0.00315482)
(15051, 0.00322241)
(15101, 0.00315836)
(15151, 0.00316148)
(15201, 0.00318510)
(15251, 0.00318110)
(15301, 0.00313562)
(15351, 0.00315752)
(15401, 0.00320798)
(15451, 0.00313206)
(15501, 0.00313803)
(15551, 0.00314637)
(15601, 0.00318794)
(15651, 0.00307623)
(15701, 0.00319715)
(15751, 0.00320750)
(15801, 0.00312842)
(15851, 0.00310186)
(15901, 0.00314472)
(15951, 0.00313865)
(16001, 0.00316472)
(16051, 0.00320394)
(16101, 0.00315200)
(16151, 0.00314670)
(16201, 0.00310554)
(16251, 0.00316853)
(16301, 0.00311885)
(16351, 0.00312873)
(16401, 0.00316901)
(16451, 0.00311371)
(16501, 0.00317364)
(16551, 0.00314997)
(16601, 0.00315542)
(16651, 0.00314388)
(16701, 0.00317306)
(16751, 0.00322476)
(16801, 0.00310620)
(16851, 0.00313223)
(16901, 0.00319015)
(16951, 0.00315868)
(17001, 0.00321409)
(17051, 0.00317152)
(17101, 0.00317930)
(17151, 0.00321275)
(17201, 0.00318944)
(17251, 0.00307173)
(17301, 0.00317642)
(17351, 0.00314687)
(17401, 0.00310046)
(17451, 0.00312837)
(17501, 0.00308849)
(17551, 0.00313105)
(17601, 0.00325011)
(17651, 0.00316653)
(17701, 0.00313805)
(17751, 0.00319814)
(17801, 0.00313979)
(17851, 0.00308560)
(17901, 0.00320732)
(17951, 0.00315724)
(18001, 0.00304706)
(18051, 0.00312459)
(18101, 0.00309706)
(18151, 0.00313753)
(18201, 0.00313672)
(18251, 0.00317698)
(18301, 0.00311113)
(18351, 0.00311516)
(18401, 0.00320580)
(18451, 0.00313981)
(18501, 0.00313039)
(18551, 0.00310859)
(18601, 0.00308154)
(18651, 0.00313512)
(18701, 0.00313525)
(18751, 0.00310078)
(18801, 0.00309493)
(18851, 0.00312330)
(18901, 0.00312793)
(18951, 0.00311698)
(19001, 0.00311673)
(19051, 0.00313817)
(19101, 0.00309640)
(19151, 0.00311354)
(19201, 0.00319933)
(19251, 0.00310441)
(19301, 0.00309591)
(19351, 0.00315981)
(19401, 0.00320983)
(19451, 0.00310940)
(19501, 0.00309349)
(19551, 0.00314310)
(19601, 0.00314228)
(19651, 0.00312385)
(19701, 0.00315671)
(19751, 0.00319167)
(19801, 0.00313497)
(19851, 0.00313198)
(19901, 0.00316247)
(19951, 0.00314780)
(20001, 0.00309980)
(20051, 0.00316570)
(20101, 0.00312174)
(20151, 0.00313480)
(20201, 0.00309089)
(20251, 0.00314442)
(20301, 0.00316111)
(20351, 0.00317450)
(20401, 0.00307368)
(20451, 0.00310937)
(20501, 0.00314838)
(20551, 0.00305126)
(20601, 0.00307933)
(20651, 0.00307612)
(20701, 0.00309750)
(20751, 0.00316504)
(20801, 0.00310131)
(20851, 0.00310955)
(20901, 0.00310933)
(20951, 0.00310822)
(21001, 0.00309655)
(21051, 0.00311722)
(21101, 0.00311721)
(21151, 0.00311651)
(21201, 0.00313246)
(21251, 0.00312478)
(21301, 0.00313656)
(21351, 0.00308910)
(21401, 0.00312249)
(21451, 0.00311175)
(21501, 0.00311437)
(21551, 0.00310420)
(21601, 0.00308662)
(21651, 0.00306222)
(21701, 0.00304863)
(21751, 0.00308385)
(21801, 0.00308601)
(21851, 0.00307251)
(21901, 0.00310598)
(21951, 0.00312856)
(22001, 0.00313793)
(22051, 0.00309549)
(22101, 0.00315271)
(22151, 0.00311832)
(22201, 0.00312197)
(22251, 0.00316512)
(22301, 0.00308102)
(22351, 0.00310024)
(22401, 0.00311469)
(22451, 0.00313966)
(22501, 0.00313400)
(22551, 0.00311560)
(22601, 0.00313128)
(22651, 0.00310700)
(22701, 0.00313310)
(22751, 0.00311895)
(22801, 0.00318325)
(22851, 0.00309343)
(22901, 0.00313138)
(22951, 0.00308557)
(23001, 0.00317167)
(23051, 0.00310213)
(23101, 0.00307013)
(23151, 0.00309331)
(23201, 0.00311735)
(23251, 0.00311815)
(23301, 0.00308192)
(23351, 0.00312749)
(23401, 0.00311215)
(23451, 0.00309093)
(23501, 0.00310593)
(23551, 0.00318191)
(23601, 0.00314163)
(23651, 0.00314713)
(23701, 0.00310440)
(23751, 0.00309812)
(23801, 0.00310780)
(23851, 0.00313642)
(23901, 0.00307096)
(23951, 0.00309354)
(24001, 0.00317467)
(24051, 0.00308484)
(24101, 0.00312955)
(24151, 0.00314205)
(24201, 0.00311141)
(24251, 0.00315423)
(24301, 0.00308119)
(24351, 0.00310961)
(24401, 0.00314030)
(24451, 0.00310999)
(24501, 0.00309477)
(24551, 0.00305638)
(24601, 0.00314983)
(24651, 0.00313772)
(24701, 0.00308815)
(24751, 0.00310236)
(24801, 0.00308578)
(24851, 0.00310699)
(24901, 0.00308387)
(24951, 0.00309330)
(25001, 0.00310865)
(25051, 0.00310988)
(25101, 0.00316317)
(25151, 0.00312165)
(25201, 0.00308914)
(25251, 0.00307558)
(25301, 0.00317956)
(25351, 0.00314281)
(25401, 0.00311895)
(25451, 0.00310775)
(25501, 0.00311230)
(25551, 0.00306489)
(25601, 0.00312269)
(25651, 0.00312354)
(25701, 0.00312460)
(25751, 0.00306799)
(25801, 0.00311210)
(25851, 0.00307673)
(25901, 0.00299937)
(25951, 0.00307944)
(26001, 0.00316521)
(26051, 0.00316166)
(26101, 0.00309186)
(26151, 0.00306364)
(26201, 0.00312837)
(26251, 0.00312321)
(26301, 0.00311302)
(26351, 0.00313139)
(26401, 0.00306566)
(26451, 0.00304017)
(26501, 0.00311395)
(26551, 0.00311657)
(26601, 0.00308293)
(26651, 0.00311914)
(26701, 0.00305258)
(26751, 0.00314061)
(26801, 0.00309176)
(26851, 0.00312842)
(26901, 0.00311072)
(26951, 0.00309227)
(27001, 0.00309126)
(27051, 0.00312120)
(27101, 0.00312109)
(27151, 0.00313606)
(27201, 0.00312292)
(27251, 0.00310500)
(27301, 0.00310122)
(27351, 0.00307862)
(27401, 0.00314306)
(27451, 0.00310423)
(27501, 0.00315147)
(27551, 0.00313247)
(27601, 0.00309887)
(27651, 0.00311904)
(27701, 0.00312817)
(27751, 0.00309105)
(27801, 0.00310197)
(27851, 0.00315013)
(27901, 0.00309068)
(27951, 0.00308711)
(28001, 0.00310607)
(28051, 0.00306362)
(28101, 0.00309901)
(28151, 0.00312556)
(28201, 0.00309236)
(28251, 0.00305634)
(28301, 0.00312726)
(28351, 0.00312233)
(28401, 0.00315674)
(28451, 0.00308768)
(28501, 0.00305549)
(28551, 0.00314726)
(28601, 0.00307506)
(28651, 0.00306101)
(28701, 0.00310100)
(28751, 0.00311273)
(28801, 0.00312764)
(28851, 0.00310177)
(28901, 0.00315371)
(28951, 0.00308605)
(29001, 0.00309615)
(29051, 0.00311036)
(29101, 0.00303715)
(29151, 0.00304336)
(29201, 0.00313608)
(29251, 0.00309084)
(29301, 0.00314389)
(29351, 0.00314565)
(29401, 0.00311772)
(29451, 0.00314622)
(29501, 0.00309431)
(29551, 0.00311648)
(29601, 0.00303907)
(29651, 0.00313151)
(29701, 0.00313642)
(29751, 0.00306176)
(29801, 0.00308143)
(29851, 0.00312077)
(29901, 0.00314905)
(29951, 0.00306780)
(30001, 0.00310283)
(30051, 0.00311137)
(30101, 0.00311690)
(30151, 0.00311515)
(30201, 0.00310796)
(30251, 0.00309199)
(30301, 0.00309492)
(30351, 0.00308460)
(30401, 0.00310949)
(30451, 0.00314769)
(30501, 0.00310280)
(30551, 0.00312069)
(30601, 0.00308007)
(30651, 0.00308859)
(30701, 0.00311911)
(30751, 0.00311345)
(30801, 0.00312625)
(30851, 0.00308784)
(30901, 0.00313079)
(30951, 0.00310041)
(31001, 0.00314233)
(31051, 0.00313410)
(31101, 0.00308156)
(31151, 0.00310743)
(31201, 0.00311225)
(31251, 0.00305746)
(31301, 0.00312646)
(31351, 0.00309877)
(31401, 0.00305043)
(31451, 0.00306177)
(31501, 0.00309144)
(31551, 0.00304732)
(31601, 0.00304042)
(31651, 0.00311046)
(31701, 0.00310541)
(31751, 0.00314097)
(31801, 0.00308515)
(31851, 0.00313539)
(31901, 0.00308517)
(31951, 0.00309764)
(32001, 0.00307071)
(32051, 0.00306867)
(32101, 0.00309032)
(32151, 0.00308634)
(32201, 0.00311551)
(32251, 0.00312953)
(32301, 0.00311787)
(32351, 0.00310087)
(32401, 0.00313508)
(32451, 0.00310729)
(32501, 0.00311872)
(32551, 0.00310206)
(32601, 0.00311128)
(32651, 0.00307030)
(32701, 0.00310115)
(32751, 0.00310515)
(32801, 0.00307357)
(32851, 0.00313388)
(32901, 0.00312227)
(32951, 0.00309031)
(33001, 0.00309351)
(33051, 0.00310732)
(33101, 0.00313187)
(33151, 0.00308646)
(33201, 0.00302107)
(33251, 0.00310220)
(33301, 0.00310801)
(33351, 0.00308405)
(33401, 0.00311117)
(33451, 0.00314079)
(33501, 0.00310728)
(33551, 0.00311711)
(33601, 0.00308140)
(33651, 0.00308510)
(33701, 0.00310313)
(33751, 0.00310963)
(33801, 0.00308944)
(33851, 0.00314601)
(33901, 0.00305053)
(33951, 0.00307410)
(34001, 0.00304765)
(34051, 0.00313640)
(34101, 0.00306154)
(34151, 0.00313949)
(34201, 0.00309934)
(34251, 0.00311056)
(34301, 0.00312828)
(34351, 0.00307045)
(34401, 0.00303712)
(34451, 0.00308271)
(34501, 0.00309648)
(34551, 0.00310580)
(34601, 0.00309434)
(34651, 0.00306284)
(34701, 0.00311584)
(34751, 0.00311565)
(34801, 0.00310124)
(34851, 0.00309810)
(34901, 0.00309808)
(34951, 0.00302797)
(35001, 0.00313225)
(35051, 0.00306237)
(35101, 0.00310888)
(35151, 0.00308934)
(35201, 0.00309551)
(35251, 0.00310323)
(35301, 0.00309824)
(35351, 0.00307504)
(35401, 0.00310752)
(35451, 0.00308348)
(35501, 0.00307640)
(35551, 0.00305142)
(35601, 0.00307050)
(35651, 0.00307991)
(35701, 0.00304175)
(35751, 0.00310306)
(35801, 0.00309870)
(35851, 0.00310337)
(35901, 0.00307514)
(35951, 0.00311624)
(36001, 0.00310099)
(36051, 0.00307461)
(36101, 0.00308249)
(36151, 0.00307457)
(36201, 0.00312052)
(36251, 0.00311419)
(36301, 0.00306464)
(36351, 0.00304694)
(36401, 0.00315036)
(36451, 0.00315620)
(36501, 0.00305146)
(36551, 0.00310992)
(36601, 0.00312722)
(36651, 0.00310725)
(36701, 0.00307271)
(36751, 0.00308025)
(36801, 0.00311655)
(36851, 0.00305310)
(36901, 0.00313085)
(36951, 0.00307449)
(37001, 0.00301002)
(37051, 0.00307072)
(37101, 0.00308380)
(37151, 0.00314197)
(37201, 0.00307997)
(37251, 0.00310434)
(37301, 0.00312365)
(37351, 0.00307330)
(37401, 0.00316936)
(37451, 0.00309318)
(37501, 0.00312942)
(37551, 0.00311284)
(37601, 0.00309306)
(37651, 0.00312018)
(37701, 0.00309083)
(37751, 0.00311188)
(37801, 0.00315477)
(37851, 0.00307919)
(37901, 0.00313363)
(37951, 0.00307072)
(38001, 0.00311229)
(38051, 0.00307602)
(38101, 0.00311583)
(38151, 0.00309229)
(38201, 0.00310849)
(38251, 0.00311470)
(38301, 0.00310666)
(38351, 0.00315730)
(38401, 0.00313507)
(38451, 0.00309422)
(38501, 0.00308207)
(38551, 0.00307843)
(38601, 0.00306479)
(38651, 0.00314157)
(38701, 0.00313858)
(38751, 0.00308376)
(38801, 0.00315335)
(38851, 0.00308208)
(38901, 0.00310089)
(38951, 0.00307603)
(39001, 0.00307707)
(39051, 0.00310210)
(39101, 0.00310160)
(39151, 0.00311977)
(39201, 0.00311112)
(39251, 0.00309137)
(39301, 0.00308478)
(39351, 0.00314334)
(39401, 0.00307042)
(39451, 0.00308545)
(39501, 0.00309091)
(39551, 0.00309421)
(39601, 0.00310966)
(39651, 0.00310620)
(39701, 0.00311597)
(39751, 0.00310778)
(39801, 0.00310862)
(39851, 0.00312587)
(39901, 0.00306293)
(39951, 0.00313551)
(40001, 0.00308031)
(40051, 0.00309562)
(40101, 0.00310937)
(40151, 0.00311203)
(40201, 0.00312828)
(40251, 0.00306240)
(40301, 0.00312067)
(40351, 0.00311443)
(40401, 0.00312116)
(40451, 0.00307784)
(40501, 0.00304003)
(40551, 0.00310729)
(40601, 0.00309446)
(40651, 0.00308658)
(40701, 0.00307197)
(40751, 0.00310133)
(40801, 0.00312089)
(40851, 0.00306725)
(40901, 0.00312395)
(40951, 0.00309019)
(41001, 0.00314170)
(41051, 0.00311648)
(41101, 0.00304127)
(41151, 0.00310597)
(41201, 0.00311589)
(41251, 0.00311223)
(41301, 0.00310991)
(41351, 0.00309555)
(41401, 0.00311491)
(41451, 0.00310358)
(41501, 0.00311563)
(41551, 0.00306157)
(41601, 0.00310578)
(41651, 0.00307116)
(41701, 0.00309685)
(41751, 0.00309751)
(41801, 0.00312225)
(41851, 0.00310972)
(41901, 0.00315077)
(41951, 0.00309806)
(42001, 0.00311136)
(42051, 0.00311581)
(42101, 0.00312840)
(42151, 0.00305776)
(42201, 0.00314010)
(42251, 0.00306901)
(42301, 0.00309122)
(42351, 0.00314222)
(42401, 0.00309360)
(42451, 0.00313599)
(42501, 0.00309450)
(42551, 0.00312886)
(42601, 0.00311733)
(42651, 0.00311236)
(42701, 0.00308561)
(42751, 0.00309476)
(42801, 0.00315503)
(42851, 0.00309399)
(42901, 0.00307404)
(42951, 0.00313384)
(43001, 0.00304720)
(43051, 0.00308125)
(43101, 0.00311485)
(43151, 0.00307802)
(43201, 0.00313581)
(43251, 0.00312834)
(43301, 0.00308573)
(43351, 0.00305520)
(43401, 0.00310034)
(43451, 0.00306433)
(43501, 0.00309647)
(43551, 0.00308617)
(43601, 0.00309210)
(43651, 0.00311491)
(43701, 0.00315101)
(43751, 0.00308853)
(43801, 0.00311420)
(43851, 0.00310234)
(43901, 0.00311785)
(43951, 0.00314824)
(44001, 0.00308755)
(44051, 0.00306494)
(44101, 0.00308017)
(44151, 0.00311646)
(44201, 0.00315039)
(44251, 0.00312158)
(44301, 0.00309193)
(44351, 0.00307873)
(44401, 0.00308120)
(44451, 0.00312552)
(44501, 0.00308457)
(44551, 0.00309548)
(44601, 0.00308672)
(44651, 0.00312032)
(44701, 0.00309576)
(44751, 0.00305384)
(44801, 0.00308041)
(44851, 0.00311956)
(44901, 0.00315719)
(44951, 0.00316432)
(45001, 0.00307257)
(45051, 0.00310662)
(45101, 0.00310758)
(45151, 0.00312782)
(45201, 0.00314095)
(45251, 0.00310128)
(45301, 0.00308472)
(45351, 0.00309007)
(45401, 0.00311176)
(45451, 0.00315176)
(45501, 0.00311874)
(45551, 0.00312980)
(45601, 0.00310860)
(45651, 0.00310360)
(45701, 0.00314881)
(45751, 0.00311621)
(45801, 0.00304874)
(45851, 0.00312044)
(45901, 0.00314109)
(45951, 0.00312501)
(46001, 0.00310294)
(46051, 0.00309214)
(46101, 0.00309915)
(46151, 0.00311423)
(46201, 0.00313610)
(46251, 0.00313279)
(46301, 0.00312267)
(46351, 0.00312475)
(46401, 0.00310520)
(46451, 0.00314125)
(46501, 0.00314858)
(46551, 0.00306856)
(46601, 0.00309994)
(46651, 0.00309874)
(46701, 0.00311221)
(46751, 0.00311488)
(46801, 0.00315874)
(46851, 0.00307264)
(46901, 0.00306991)
(46951, 0.00307804)
(47001, 0.00311819)
(47051, 0.00308889)
(47101, 0.00308157)
(47151, 0.00309774)
(47201, 0.00312333)
(47251, 0.00308468)
(47301, 0.00312734)
(47351, 0.00310828)
(47401, 0.00308663)
(47451, 0.00309588)
(47501, 0.00310188)
(47551, 0.00312056)
(47601, 0.00312441)
(47651, 0.00306535)
(47701, 0.00311276)
(47751, 0.00313735)
(47801, 0.00312610)
(47851, 0.00309061)
(47901, 0.00307071)
(47951, 0.00308008)
(48001, 0.00308951)
(48051, 0.00312182)
(48101, 0.00306432)
(48151, 0.00306381)
(48201, 0.00312439)
(48251, 0.00306622)
(48301, 0.00312777)
(48351, 0.00312044)
(48401, 0.00310354)
(48451, 0.00310498)
(48501, 0.00317401)
(48551, 0.00313235)
(48601, 0.00307422)
(48651, 0.00309599)
(48701, 0.00307549)
(48751, 0.00310839)
(48801, 0.00316700)
(48851, 0.00311201)
(48901, 0.00311229)
(48951, 0.00314097)
(49001, 0.00307509)
(49051, 0.00307750)
(49101, 0.00311766)
(49151, 0.00312701)
(49201, 0.00310826)
(49251, 0.00312058)
(49301, 0.00312821)
(49351, 0.00311583)
(49401, 0.00309616)
(49451, 0.00313475)
(49501, 0.00310776)
(49551, 0.00311551)
(49601, 0.00314208)
(49651, 0.00308808)
(49701, 0.00309057)
(49751, 0.00314011)
(49801, 0.00313033)
(49851, 0.00308602)
(49901, 0.00310434)
(49951, 0.00312975)
(50001, 0.00309011)
(50051, 0.00313426)
(50101, 0.00310711)
(50151, 0.00309320)
(50201, 0.00311842)
(50251, 0.00309875)
(50301, 0.00313632)
(50351, 0.00311793)
(50401, 0.00314801)
(50451, 0.00313117)
(50501, 0.00311596)
(50551, 0.00305927)
(50601, 0.00309537)
(50651, 0.00311812)
(50701, 0.00310473)
(50751, 0.00309147)
(50801, 0.00314575)
(50851, 0.00311772)
(50901, 0.00316943)
(50951, 0.00311868)
(51001, 0.00312268)
(51051, 0.00313505)
(51101, 0.00308343)
(51151, 0.00311317)
(51201, 0.00311125)
(51251, 0.00310214)
(51301, 0.00311194)
(51351, 0.00316752)
(51401, 0.00310457)
(51451, 0.00308645)
(51501, 0.00316196)
(51551, 0.00308361)
(51601, 0.00313189)
(51651, 0.00308993)
(51701, 0.00312144)
(51751, 0.00313631)
(51801, 0.00309211)
(51851, 0.00317452)
(51901, 0.00314701)
(51951, 0.00307391)
(52001, 0.00312332)
(52051, 0.00313794)
(52101, 0.00313379)
(52151, 0.00311885)
(52201, 0.00315942)
(52251, 0.00315304)
(52301, 0.00308545)
(52351, 0.00314563)
(52401, 0.00312263)
(52451, 0.00311492)
(52501, 0.00312264)
(52551, 0.00307659)
(52601, 0.00314439)
(52651, 0.00307970)
(52701, 0.00312605)
(52751, 0.00311050)
(52801, 0.00312123)
(52851, 0.00312254)
(52901, 0.00311516)
(52951, 0.00315251)
(53001, 0.00308174)
(53051, 0.00309694)
(53101, 0.00314406)
(53151, 0.00314849)
(53201, 0.00308067)
(53251, 0.00313508)
(53301, 0.00312921)
(53351, 0.00312420)
(53401, 0.00314478)
(53451, 0.00309028)
(53501, 0.00312856)
(53551, 0.00309178)
(53601, 0.00314032)
(53651, 0.00311139)
(53701, 0.00321248)
(53751, 0.00310181)
(53801, 0.00311724)
(53851, 0.00316292)
(53901, 0.00310254)
(53951, 0.00309084)
(54001, 0.00308862)
(54051, 0.00312407)
(54101, 0.00313155)
(54151, 0.00310578)
(54201, 0.00312271)
(54251, 0.00309851)
(54301, 0.00318531)
(54351, 0.00308069)
(54401, 0.00311084)
(54451, 0.00311473)
(54501, 0.00312259)
(54551, 0.00311908)
(54601, 0.00311801)
(54651, 0.00310232)
(54701, 0.00315841)
(54751, 0.00317254)
(54801, 0.00314144)
(54851, 0.00311240)
(54901, 0.00304496)
(54951, 0.00311691)
(55001, 0.00308693)
(55051, 0.00311741)
(55101, 0.00312363)
(55151, 0.00308879)
(55201, 0.00307782)
(55251, 0.00307856)
(55301, 0.00317240)
(55351, 0.00310069)
(55401, 0.00314405)
(55451, 0.00314145)
(55501, 0.00308981)
(55551, 0.00312516)
(55601, 0.00310823)
(55651, 0.00311628)
(55701, 0.00309507)
(55751, 0.00313747)
(55801, 0.00311883)
(55851, 0.00312447)
(55901, 0.00313619)
(55951, 0.00310326)
(56001, 0.00311338)
(56051, 0.00312409)
(56101, 0.00310704)
(56151, 0.00311170)
(56201, 0.00310427)
(56251, 0.00315129)
(56301, 0.00314867)
(56351, 0.00312228)
(56401, 0.00314927)
(56451, 0.00312138)
(56501, 0.00311342)
(56551, 0.00307766)
(56601, 0.00312430)
(56651, 0.00310755)
(56701, 0.00308766)
(56751, 0.00311377)
(56801, 0.00312726)
(56851, 0.00315127)
(56901, 0.00310086)
(56951, 0.00317268)
(57001, 0.00308585)
(57051, 0.00309273)
(57101, 0.00310116)
(57151, 0.00311592)
(57201, 0.00305921)
(57251, 0.00308592)
(57301, 0.00310235)
(57351, 0.00309614)
(57401, 0.00310497)
(57451, 0.00312621)
(57501, 0.00309468)
(57551, 0.00311625)
(57601, 0.00316283)
(57651, 0.00317558)
(57701, 0.00310583)
(57751, 0.00315268)
(57801, 0.00313924)
(57851, 0.00312858)
(57901, 0.00309057)
(57951, 0.00309073)
(58001, 0.00312572)
(58051, 0.00309187)
(58101, 0.00310116)
(58151, 0.00309668)
(58201, 0.00310762)
(58251, 0.00311141)
(58301, 0.00313997)
(58351, 0.00313780)
(58401, 0.00310099)
(58451, 0.00307369)
(58501, 0.00311830)
(58551, 0.00314895)
(58601, 0.00311710)
(58651, 0.00311857)
(58701, 0.00314355)
(58751, 0.00311032)
(58801, 0.00310013)
(58851, 0.00311224)
(58901, 0.00312473)
(58951, 0.00311448)
(59001, 0.00312433)
(59051, 0.00312258)
(59101, 0.00313088)
(59151, 0.00314039)
(59201, 0.00309612)
(59251, 0.00306175)
(59301, 0.00311145)
(59351, 0.00309478)
(59401, 0.00312357)
(59451, 0.00312219)
(59501, 0.00309326)
(59551, 0.00311466)
(59601, 0.00311393)
(59651, 0.00311409)
(59701, 0.00312428)
(59751, 0.00307132)
(59801, 0.00313296)
(59851, 0.00313133)
(59901, 0.00311354)
(59951, 0.00312354)
(60001, 0.00308812)
(60051, 0.00311603)
(60101, 0.00314964)
(60151, 0.00316420)
(60201, 0.00310484)
(60251, 0.00309686)
(60301, 0.00316579)
(60351, 0.00310825)
(60401, 0.00313702)
(60451, 0.00306982)
(60501, 0.00314506)
(60551, 0.00310518)
(60601, 0.00310339)
(60651, 0.00311017)
(60701, 0.00311406)
(60751, 0.00311338)
(60801, 0.00313653)
(60851, 0.00311094)
(60901, 0.00313632)
(60951, 0.00308154)
(61001, 0.00313152)
(61051, 0.00310069)
(61101, 0.00313067)
(61151, 0.00311776)
(61201, 0.00309420)
(61251, 0.00313109)
(61301, 0.00307227)
(61351, 0.00314201)
(61401, 0.00314385)
(61451, 0.00310115)
(61501, 0.00308256)
(61551, 0.00313633)
(61601, 0.00310334)
(61651, 0.00310150)
(61701, 0.00307698)
(61751, 0.00307884)
(61801, 0.00308435)
(61851, 0.00313390)
(61901, 0.00312967)
(61951, 0.00306427)
(62001, 0.00311515)
(62051, 0.00310565)
(62101, 0.00307541)
(62151, 0.00311778)
(62201, 0.00313275)
(62251, 0.00309537)
(62301, 0.00312585)
(62351, 0.00314409)
(62401, 0.00310114)
(62451, 0.00309727)
(62501, 0.00308235)
(62551, 0.00313540)
(62601, 0.00308965)
(62651, 0.00311872)
(62701, 0.00312354)
(62751, 0.00312938)
(62801, 0.00313426)
(62851, 0.00319497)
(62901, 0.00313370)
(62951, 0.00313804)
(63001, 0.00311688)
(63051, 0.00311073)
(63101, 0.00310421)
(63151, 0.00311973)
(63201, 0.00309251)
(63251, 0.00311849)
(63301, 0.00311074)
(63351, 0.00309243)
(63401, 0.00309619)
(63451, 0.00308612)
(63501, 0.00309325)
(63551, 0.00310225)
(63601, 0.00313246)
(63651, 0.00315003)
(63701, 0.00318161)
(63751, 0.00312087)
(63801, 0.00307542)
(63851, 0.00307510)
(63901, 0.00308926)
(63951, 0.00313431)
(64001, 0.00308746)
(64051, 0.00308307)
(64101, 0.00315039)
(64151, 0.00313341)
(64201, 0.00311377)
(64251, 0.00309830)
(64301, 0.00314416)
(64351, 0.00308667)
(64401, 0.00312665)
(64451, 0.00312832)
(64501, 0.00310329)
(64551, 0.00312260)
(64601, 0.00315071)
(64651, 0.00310085)
(64701, 0.00309498)
(64751, 0.00311893)
(64801, 0.00308424)
(64851, 0.00316349)
(64901, 0.00309452)
(64951, 0.00308903)
(65001, 0.00318055)
(65051, 0.00313696)
(65101, 0.00312485)
(65151, 0.00315921)
(65201, 0.00313838)
(65251, 0.00308232)
(65301, 0.00318222)
(65351, 0.00315045)
(65401, 0.00309930)
(65451, 0.00314679)
(65501, 0.00311641)
(65551, 0.00308994)
(65601, 0.00307337)
(65651, 0.00308263)
(65701, 0.00310491)
(65751, 0.00304974)
(65801, 0.00312652)
(65851, 0.00308950)
(65901, 0.00309488)
(65951, 0.00309207)
(66001, 0.00315357)
(66051, 0.00313360)
(66101, 0.00307483)
(66151, 0.00313593)
(66201, 0.00314452)
(66251, 0.00314475)
(66301, 0.00312363)
(66351, 0.00310727)
(66401, 0.00314643)
(66451, 0.00313041)
(66501, 0.00318217)
(66551, 0.00313811)
(66601, 0.00316030)
(66651, 0.00314458)
(66701, 0.00316383)
(66751, 0.00306155)
(66801, 0.00308142)
(66851, 0.00308416)
(66901, 0.00310115)
(66951, 0.00311743)
(67001, 0.00308619)
(67051, 0.00309635)
(67101, 0.00312592)
(67151, 0.00313320)
(67201, 0.00311828)
(67251, 0.00317646)
(67301, 0.00309473)
(67351, 0.00313922)
(67401, 0.00309622)
(67451, 0.00315565)
(67501, 0.00307599)
(67551, 0.00312269)
(67601, 0.00311067)
(67651, 0.00306680)
(67701, 0.00312716)
(67751, 0.00313367)
(67801, 0.00309826)
(67851, 0.00312438)
(67901, 0.00307774)
(67951, 0.00313295)
(68001, 0.00313050)
(68051, 0.00315827)
(68101, 0.00311398)
(68151, 0.00313545)
(68201, 0.00308445)
(68251, 0.00312894)
(68301, 0.00319664)
(68351, 0.00312688)
(68401, 0.00312298)
(68451, 0.00310994)
(68501, 0.00311341)
(68551, 0.00312220)
(68601, 0.00315030)
(68651, 0.00309973)
(68701, 0.00309984)
(68751, 0.00312099)
(68801, 0.00307688)
(68851, 0.00314523)
(68901, 0.00312436)
(68951, 0.00306660)
(69001, 0.00313109)
(69051, 0.00308340)
(69101, 0.00309765)
(69151, 0.00308565)
(69201, 0.00314282)
(69251, 0.00313530)
(69301, 0.00309649)
(69351, 0.00317843)
(69401, 0.00312766)
(69451, 0.00312380)
(69501, 0.00310836)
(69551, 0.00311127)
(69601, 0.00314239)
(69651, 0.00311564)
(69701, 0.00313888)
(69751, 0.00313991)
(69801, 0.00314205)
(69851, 0.00315424)
(69901, 0.00309355)
(69951, 0.00313072)
(70001, 0.00312988)
(70051, 0.00315399)
(70101, 0.00309664)
(70151, 0.00313368)
(70201, 0.00316590)
(70251, 0.00307356)
(70301, 0.00308853)
(70351, 0.00305308)
(70401, 0.00317404)
(70451, 0.00310144)
(70501, 0.00316794)
(70551, 0.00310907)
(70601, 0.00310119)
(70651, 0.00316090)
(70701, 0.00310847)
(70751, 0.00305994)
(70801, 0.00307953)
(70851, 0.00312390)
(70901, 0.00313750)
(70951, 0.00313930)
(71001, 0.00313563)
(71051, 0.00314929)
(71101, 0.00314302)
(71151, 0.00309607)
(71201, 0.00307296)
(71251, 0.00311739)
(71301, 0.00306704)
(71351, 0.00307873)
(71401, 0.00306371)
(71451, 0.00311122)
(71501, 0.00309879)
(71551, 0.00310086)
(71601, 0.00311883)
(71651, 0.00311522)
(71701, 0.00311691)
(71751, 0.00313851)
(71801, 0.00309886)
(71851, 0.00308784)
(71901, 0.00308983)
(71951, 0.00316101)
(72001, 0.00309162)
(72051, 0.00311264)
(72101, 0.00316918)
(72151, 0.00314660)
(72201, 0.00309854)
(72251, 0.00311471)
(72301, 0.00311833)
(72351, 0.00308012)
(72401, 0.00311446)
(72451, 0.00317830)
(72501, 0.00308555)
(72551, 0.00313053)
(72601, 0.00311276)
(72651, 0.00311953)
(72701, 0.00317127)
(72751, 0.00309151)
(72801, 0.00311687)
(72851, 0.00313252)
(72901, 0.00311643)
(72951, 0.00313321)
(73001, 0.00310814)
(73051, 0.00311158)
(73101, 0.00309876)
(73151, 0.00308328)
(73201, 0.00316398)
(73251, 0.00317459)
(73301, 0.00315384)
(73351, 0.00310951)
(73401, 0.00310930)
(73451, 0.00310995)
(73501, 0.00311851)
(73551, 0.00312305)
(73601, 0.00311512)
(73651, 0.00313559)
(73701, 0.00310276)
(73751, 0.00313123)
(73801, 0.00312673)
(73851, 0.00311211)
(73901, 0.00309558)
(73951, 0.00310810)
(74001, 0.00309033)
(74051, 0.00311497)
(74101, 0.00314068)
(74151, 0.00308113)
(74201, 0.00317287)
(74251, 0.00311692)
(74301, 0.00311231)
(74351, 0.00317922)
(74401, 0.00308938)
(74451, 0.00313205)
(74501, 0.00314971)
(74551, 0.00311094)
(74601, 0.00311232)
(74651, 0.00313607)
(74701, 0.00313033)
(74751, 0.00313695)
(74801, 0.00306485)
(74851, 0.00314287)
(74901, 0.00313787)
(74951, 0.00313322)
(75001, 0.00314339)
(75051, 0.00306937)
(75101, 0.00318342)
(75151, 0.00306717)
(75201, 0.00314633)
(75251, 0.00315074)
(75301, 0.00313214)
(75351, 0.00316618)
(75401, 0.00313737)
(75451, 0.00310344)
(75501, 0.00308937)
(75551, 0.00307840)
(75601, 0.00311082)
(75651, 0.00313217)
(75701, 0.00308268)
(75751, 0.00309281)
(75801, 0.00310392)
(75851, 0.00314509)
(75901, 0.00310293)
(75951, 0.00314042)
(76001, 0.00309635)
(76051, 0.00310047)
(76101, 0.00313799)
(76151, 0.00314065)
(76201, 0.00309802)
(76251, 0.00311839)
(76301, 0.00310820)
(76351, 0.00308213)
(76401, 0.00315098)
(76451, 0.00313941)
(76501, 0.00309644)
(76551, 0.00309525)
(76601, 0.00305686)
(76651, 0.00314774)
(76701, 0.00308449)
(76751, 0.00311110)
(76801, 0.00315516)
(76851, 0.00311470)
(76901, 0.00311200)
(76951, 0.00314923)
(77001, 0.00313170)
(77051, 0.00312534)
(77101, 0.00316575)
(77151, 0.00307791)
(77201, 0.00311905)
(77251, 0.00310505)
(77301, 0.00304779)
(77351, 0.00307898)
(77401, 0.00307760)
(77451, 0.00311629)
(77501, 0.00308834)
(77551, 0.00312300)
(77601, 0.00308472)
(77651, 0.00309403)
(77701, 0.00307612)
(77751, 0.00311406)
(77801, 0.00309315)
(77851, 0.00312702)
(77901, 0.00308713)
(77951, 0.00310931)
(78001, 0.00312203)
(78051, 0.00308500)
(78101, 0.00309820)
(78151, 0.00314911)
(78201, 0.00314618)
(78251, 0.00307502)
(78301, 0.00311602)
(78351, 0.00311339)
(78401, 0.00309640)
(78451, 0.00315120)
(78501, 0.00312144)
(78551, 0.00312611)
(78601, 0.00317181)
(78651, 0.00313368)
(78701, 0.00307138)
(78751, 0.00308764)
(78801, 0.00313572)
(78851, 0.00310470)
(78901, 0.00309267)
(78951, 0.00311346)
(79001, 0.00309129)
(79051, 0.00306572)
(79101, 0.00313347)
(79151, 0.00309874)
(79201, 0.00311665)
(79251, 0.00309616)
(79301, 0.00309615)
(79351, 0.00312056)
(79401, 0.00313694)
(79451, 0.00307917)
(79501, 0.00308328)
(79551, 0.00311847)
(79601, 0.00309280)
(79651, 0.00307269)
(79701, 0.00307489)
(79751, 0.00316792)
(79801, 0.00309261)
(79851, 0.00311340)
(79901, 0.00310467)
(79951, 0.00312703)
(80001, 0.00308146)
(80051, 0.00310185)
(80101, 0.00311681)
(80151, 0.00311922)
(80201, 0.00315709)
(80251, 0.00313121)
(80301, 0.00308235)
(80351, 0.00314043)
(80401, 0.00315149)
(80451, 0.00315176)
(80501, 0.00316381)
(80551, 0.00312974)
(80601, 0.00310142)
(80651, 0.00312498)
(80701, 0.00315378)
(80751, 0.00313120)
(80801, 0.00310363)
(80851, 0.00312920)
(80901, 0.00313018)
(80951, 0.00308605)
(81001, 0.00313344)
(81051, 0.00310559)
(81101, 0.00312900)
(81151, 0.00314718)
(81201, 0.00312024)
(81251, 0.00312822)
(81301, 0.00316135)
(81351, 0.00310570)
(81401, 0.00311051)
(81451, 0.00307216)
(81501, 0.00312035)
(81551, 0.00315989)
(81601, 0.00308242)
(81651, 0.00319323)
(81701, 0.00311047)
(81751, 0.00312001)
(81801, 0.00313383)
(81851, 0.00307787)
(81901, 0.00311358)
(81951, 0.00309354)
(82001, 0.00310891)
(82051, 0.00314633)
(82101, 0.00311094)
(82151, 0.00309129)
(82201, 0.00311096)
(82251, 0.00308758)
(82301, 0.00311830)
(82351, 0.00311706)
(82401, 0.00308678)
(82451, 0.00313328)
(82501, 0.00311397)
(82551, 0.00308609)
(82601, 0.00312265)
(82651, 0.00307613)
(82701, 0.00312923)
(82751, 0.00312886)
(82801, 0.00311583)
(82851, 0.00311081)
(82901, 0.00312548)
(82951, 0.00311694)
(83001, 0.00312250)
(83051, 0.00309110)
(83101, 0.00307444)
(83151, 0.00315989)
(83201, 0.00315790)
(83251, 0.00311016)
(83301, 0.00310745)
(83351, 0.00314111)
(83401, 0.00307610)
(83451, 0.00309265)
(83501, 0.00311723)
(83551, 0.00308091)
(83601, 0.00312687)
(83651, 0.00309492)
(83701, 0.00309797)
(83751, 0.00310319)
(83801, 0.00313167)
(83851, 0.00311041)
(83901, 0.00310376)
(83951, 0.00308607)
(84001, 0.00315334)
(84051, 0.00315501)
(84101, 0.00306191)
(84151, 0.00313670)
(84201, 0.00308650)
(84251, 0.00313172)
(84301, 0.00310083)
(84351, 0.00311906)
(84401, 0.00309865)
(84451, 0.00313115)
(84501, 0.00308030)
(84551, 0.00309052)
(84601, 0.00307996)
(84651, 0.00312369)
(84701, 0.00305275)
(84751, 0.00317899)
(84801, 0.00314180)
(84851, 0.00310617)
(84901, 0.00313227)
(84951, 0.00307133)
(85001, 0.00313520)
(85051, 0.00307778)
(85101, 0.00313535)
(85151, 0.00310830)
(85201, 0.00307551)
(85251, 0.00309085)
(85301, 0.00311442)
(85351, 0.00306753)
(85401, 0.00308727)
(85451, 0.00310011)
(85501, 0.00308404)
(85551, 0.00312364)
(85601, 0.00313139)
(85651, 0.00312920)
(85701, 0.00311392)
(85751, 0.00312472)
(85801, 0.00310011)
(85851, 0.00311363)
(85901, 0.00310077)
(85951, 0.00320452)
(86001, 0.00312548)
(86051, 0.00304750)
(86101, 0.00314399)
(86151, 0.00310735)
(86201, 0.00309381)
(86251, 0.00310357)
(86301, 0.00310676)
(86351, 0.00312005)
(86401, 0.00311629)
(86451, 0.00311028)
(86501, 0.00314338)
(86551, 0.00310510)
(86601, 0.00307274)
(86651, 0.00309792)
(86701, 0.00311098)
(86751, 0.00308993)
(86801, 0.00311124)
(86851, 0.00313516)
(86901, 0.00312935)
(86951, 0.00313448)
(87001, 0.00307726)
(87051, 0.00313779)
(87101, 0.00306665)
(87151, 0.00310492)
(87201, 0.00308610)
(87251, 0.00312324)
(87301, 0.00311533)
(87351, 0.00305788)
(87401, 0.00306737)
(87451, 0.00314630)
(87501, 0.00310422)
(87551, 0.00312111)
(87601, 0.00310104)
(87651, 0.00309654)
(87701, 0.00307599)
(87751, 0.00311216)
(87801, 0.00311328)
(87851, 0.00307916)
(87901, 0.00311508)
(87951, 0.00309741)
(88001, 0.00307486)
(88051, 0.00310932)
(88101, 0.00312397)
(88151, 0.00315169)
(88201, 0.00305470)
(88251, 0.00306999)
(88301, 0.00308722)
(88351, 0.00312651)
(88401, 0.00311685)
(88451, 0.00309870)
(88501, 0.00316592)
(88551, 0.00310492)
(88601, 0.00316699)
(88651, 0.00312871)
(88701, 0.00310406)
(88751, 0.00310479)
(88801, 0.00313435)
(88851, 0.00310010)
(88901, 0.00310225)
(88951, 0.00310444)
(89001, 0.00311507)
(89051, 0.00309931)
(89101, 0.00309153)
(89151, 0.00307543)
(89201, 0.00308882)
(89251, 0.00313921)
(89301, 0.00310198)
(89351, 0.00312972)
(89401, 0.00311721)
(89451, 0.00306674)
(89501, 0.00315612)
(89551, 0.00305862)
(89601, 0.00314758)
(89651, 0.00308241)
(89701, 0.00306901)
(89751, 0.00309513)
(89801, 0.00316461)
(89851, 0.00313669)
(89901, 0.00307653)
(89951, 0.00315014)
(90001, 0.00306725)
(90051, 0.00311247)
(90101, 0.00309711)
(90151, 0.00307602)
(90201, 0.00311270)
(90251, 0.00308087)
(90301, 0.00312591)
(90351, 0.00312046)
(90401, 0.00314858)
(90451, 0.00311099)
(90501, 0.00311741)
(90551, 0.00306685)
(90601, 0.00306572)
(90651, 0.00312415)
(90701, 0.00312108)
(90751, 0.00313012)
(90801, 0.00310146)
(90851, 0.00311379)
(90901, 0.00307961)
(90951, 0.00312925)
(91001, 0.00309793)
(91051, 0.00314555)
(91101, 0.00309398)
(91151, 0.00308726)
(91201, 0.00313481)
(91251, 0.00313776)
(91301, 0.00309354)
(91351, 0.00313050)
(91401, 0.00314678)
(91451, 0.00306261)
(91501, 0.00313442)
(91551, 0.00304787)
(91601, 0.00308157)
(91651, 0.00305128)
(91701, 0.00310491)
(91751, 0.00308668)
(91801, 0.00312317)
(91851, 0.00313175)
(91901, 0.00306818)
(91951, 0.00311393)
(92001, 0.00308658)
(92051, 0.00310204)
(92101, 0.00309434)
(92151, 0.00310454)
(92201, 0.00313988)
(92251, 0.00308734)
(92301, 0.00312518)
(92351, 0.00309715)
(92401, 0.00313908)
(92451, 0.00308681)
(92501, 0.00310012)
(92551, 0.00311931)
(92601, 0.00311670)
(92651, 0.00309632)
(92701, 0.00310040)
(92751, 0.00308775)
(92801, 0.00312829)
(92851, 0.00304933)
(92901, 0.00309618)
(92951, 0.00309088)
(93001, 0.00309504)
(93051, 0.00309139)
(93101, 0.00307775)
(93151, 0.00305707)
(93201, 0.00311063)
(93251, 0.00309993)
(93301, 0.00309262)
(93351, 0.00308401)
(93401, 0.00313657)
(93451, 0.00307853)
(93501, 0.00307529)
(93551, 0.00308576)
(93601, 0.00314003)
(93651, 0.00312912)
(93701, 0.00307030)
(93751, 0.00306138)
(93801, 0.00307649)
(93851, 0.00307247)
(93901, 0.00312157)
(93951, 0.00307847)
(94001, 0.00308297)
(94051, 0.00308365)
(94101, 0.00303865)
(94151, 0.00309318)
(94201, 0.00311166)
(94251, 0.00312127)
(94301, 0.00312604)
(94351, 0.00312644)
(94401, 0.00316393)
(94451, 0.00310966)
(94501, 0.00309596)
(94551, 0.00310918)
(94601, 0.00312319)
(94651, 0.00312649)
(94701, 0.00311626)
(94751, 0.00312223)
(94801, 0.00307772)
(94851, 0.00309115)
(94901, 0.00310874)
(94951, 0.00309355)
(95001, 0.00308772)
(95051, 0.00307310)
(95101, 0.00311556)
(95151, 0.00306937)
(95201, 0.00309654)
(95251, 0.00306807)
(95301, 0.00308630)
(95351, 0.00308479)
(95401, 0.00310438)
(95451, 0.00309792)
(95501, 0.00308157)
(95551, 0.00309200)
(95601, 0.00305999)
(95651, 0.00310247)
(95701, 0.00314064)
(95751, 0.00313537)
(95801, 0.00305272)
(95851, 0.00309167)
(95901, 0.00306052)
(95951, 0.00311946)
(96001, 0.00311312)
(96051, 0.00310472)
(96101, 0.00312775)
(96151, 0.00311006)
(96201, 0.00310503)
(96251, 0.00310123)
(96301, 0.00312002)
(96351, 0.00306679)
(96401, 0.00310772)
(96451, 0.00305195)
(96501, 0.00310383)
(96551, 0.00312539)
(96601, 0.00310692)
(96651, 0.00313980)
(96701, 0.00307750)
(96751, 0.00310449)
(96801, 0.00321044)
(96851, 0.00309104)
(96901, 0.00309691)
(96951, 0.00308283)
(97001, 0.00311737)
(97051, 0.00310378)
(97101, 0.00303987)
(97151, 0.00309762)
(97201, 0.00309893)
(97251, 0.00309248)
(97301, 0.00312590)
(97351, 0.00308808)
(97401, 0.00308851)
(97451, 0.00312139)
(97501, 0.00307361)
(97551, 0.00309014)
(97601, 0.00309687)
(97651, 0.00312333)
(97701, 0.00309266)
(97751, 0.00311842)
(97801, 0.00312147)
(97851, 0.00310086)
(97901, 0.00309184)
(97951, 0.00314655)
(98001, 0.00309031)
(98051, 0.00312406)
(98101, 0.00309550)
(98151, 0.00313905)
(98201, 0.00308853)
(98251, 0.00307461)
(98301, 0.00309917)
(98351, 0.00314589)
(98401, 0.00316532)
(98451, 0.00310247)
(98501, 0.00307214)
(98551, 0.00307214)
(98601, 0.00307349)
(98651, 0.00309988)
(98701, 0.00307124)
(98751, 0.00313889)
(98801, 0.00311567)
(98851, 0.00313069)
(98901, 0.00310691)
(98951, 0.00311682)
(99001, 0.00309105)
(99051, 0.00312360)
(99101, 0.00313458)
(99151, 0.00312621)
(99201, 0.00310391)
(99251, 0.00314266)
(99301, 0.00309603)
(99351, 0.00306479)
(99401, 0.00312627)
(99451, 0.00313561)
(99501, 0.00309071)
(99551, 0.00304451)
(99601, 0.00306884)
(99651, 0.00305008)
(99701, 0.00307450)
(99751, 0.00306776)
(99801, 0.00307034)
(99851, 0.00308621)
(99901, 0.00311049)
(99951, 0.00307021)
(100001, 0.00309786)
(100051, 0.00309561)
(100101, 0.00310036)
(100151, 0.00310541)
(100201, 0.00310641)
(100251, 0.00315262)
(100301, 0.00309139)
(100351, 0.00310766)
(100401, 0.00307935)
(100451, 0.00312768)
(100501, 0.00305789)
(100551, 0.00312351)
(100601, 0.00312868)
(100651, 0.00309271)
(100701, 0.00306941)
(100751, 0.00310837)
(100801, 0.00310616)
(100851, 0.00306187)
(100901, 0.00309300)
(100951, 0.00310365)
(101001, 0.00310027)
(101051, 0.00303273)
(101101, 0.00306207)
(101151, 0.00306513)
(101201, 0.00310769)
(101251, 0.00308844)
(101301, 0.00310958)
(101351, 0.00305441)
(101401, 0.00305402)
(101451, 0.00316728)
(101501, 0.00307718)
(101551, 0.00308080)
(101601, 0.00312467)
(101651, 0.00308342)
(101701, 0.00308715)
(101751, 0.00311660)
(101801, 0.00307978)
(101851, 0.00309422)
(101901, 0.00310007)
(101951, 0.00309492)
(102001, 0.00308630)
(102051, 0.00304720)
(102101, 0.00310831)
(102151, 0.00312074)
(102201, 0.00310369)
(102251, 0.00307132)
(102301, 0.00304884)
(102351, 0.00305325)
(102401, 0.00311112)
(102451, 0.00309112)
(102501, 0.00312423)
(102551, 0.00312646)
(102601, 0.00307433)
(102651, 0.00308171)
(102701, 0.00308449)
(102751, 0.00311229)
(102801, 0.00310831)
(102851, 0.00305759)
(102901, 0.00306390)
(102951, 0.00310583)
(103001, 0.00304865)
(103051, 0.00313334)
(103101, 0.00308271)
(103151, 0.00310040)
(103201, 0.00305851)
(103251, 0.00310496)
(103301, 0.00305628)
(103351, 0.00311756)
(103401, 0.00310827)
(103451, 0.00307764)
(103501, 0.00310331)
(103551, 0.00311874)
(103601, 0.00308717)
(103651, 0.00309277)
(103701, 0.00310081)
(103751, 0.00309355)
(103801, 0.00313647)
(103851, 0.00303207)
(103901, 0.00309260)
(103951, 0.00314811)
(104001, 0.00315958)
(104051, 0.00312385)
(104101, 0.00312151)
(104151, 0.00309234)
(104201, 0.00310974)
(104251, 0.00311969)
(104301, 0.00308957)
(104351, 0.00309043)
(104401, 0.00308274)
(104451, 0.00308336)
(104501, 0.00308229)
(104551, 0.00307876)
(104601, 0.00311333)
(104651, 0.00307740)
(104701, 0.00309858)
(104751, 0.00312356)
(104801, 0.00309414)
(104851, 0.00305567)
(104901, 0.00312906)
(104951, 0.00310430)
(105001, 0.00306431)
(105051, 0.00310089)
(105101, 0.00308291)
(105151, 0.00309589)
(105201, 0.00310103)
(105251, 0.00308183)
(105301, 0.00312589)
(105351, 0.00305904)
(105401, 0.00309679)
(105451, 0.00313176)
(105501, 0.00307438)
(105551, 0.00307876)
(105601, 0.00308960)
(105651, 0.00312022)
(105701, 0.00310128)
(105751, 0.00308502)
(105801, 0.00309860)
(105851, 0.00308783)
(105901, 0.00308339)
(105951, 0.00310188)
(106001, 0.00307256)
(106051, 0.00310019)
(106101, 0.00310950)
(106151, 0.00308888)
(106201, 0.00307189)
(106251, 0.00310513)
(106301, 0.00307619)
(106351, 0.00308078)
(106401, 0.00311112)
(106451, 0.00309062)
(106501, 0.00311617)
(106551, 0.00311504)
(106601, 0.00306818)
(106651, 0.00309465)
(106701, 0.00310985)
(106751, 0.00309352)
(106801, 0.00311420)
(106851, 0.00305383)
(106901, 0.00310439)
(106951, 0.00312081)
(107001, 0.00309494)
(107051, 0.00304630)
(107101, 0.00314176)
(107151, 0.00313061)
(107201, 0.00310000)
(107251, 0.00307200)
(107301, 0.00308723)
(107351, 0.00309758)
(107401, 0.00306349)
(107451, 0.00312098)
(107501, 0.00308549)
(107551, 0.00309373)
(107601, 0.00312222)
(107651, 0.00306251)
(107701, 0.00311553)
(107751, 0.00309449)
(107801, 0.00307801)
(107851, 0.00308289)
(107901, 0.00313412)
(107951, 0.00312154)
(108001, 0.00309990)
(108051, 0.00308801)
(108101, 0.00305858)
(108151, 0.00309841)
(108201, 0.00308041)
(108251, 0.00308226)
(108301, 0.00311917)
(108351, 0.00306766)
(108401, 0.00312644)
(108451, 0.00307920)
(108501, 0.00311139)
(108551, 0.00310700)
(108601, 0.00307073)
(108651, 0.00310880)
(108701, 0.00310563)
(108751, 0.00311608)
(108801, 0.00307942)
(108851, 0.00306445)
(108901, 0.00310005)
(108951, 0.00309046)
(109001, 0.00312690)
(109051, 0.00309578)
(109101, 0.00310494)
(109151, 0.00307625)
(109201, 0.00312377)
(109251, 0.00307973)
(109301, 0.00307222)
(109351, 0.00311493)
(109401, 0.00307156)
(109451, 0.00307691)
(109501, 0.00312473)
(109551, 0.00309892)
(109601, 0.00306192)
(109651, 0.00307510)
(109701, 0.00316064)
(109751, 0.00314717)
(109801, 0.00309555)
(109851, 0.00309255)
(109901, 0.00308440)
(109951, 0.00307282)
(110001, 0.00308613)
(110051, 0.00310377)
(110101, 0.00311116)
(110151, 0.00311871)
(110201, 0.00308386)
(110251, 0.00308143)
(110301, 0.00309439)
(110351, 0.00309284)
(110401, 0.00308971)
(110451, 0.00315258)
(110501, 0.00309084)
(110551, 0.00307822)
(110601, 0.00307251)
(110651, 0.00312258)
(110701, 0.00312077)
(110751, 0.00310884)
(110801, 0.00305104)
(110851, 0.00309385)
(110901, 0.00306982)
(110951, 0.00309315)
(111001, 0.00309581)
(111051, 0.00306119)
(111101, 0.00314943)
(111151, 0.00311652)
(111201, 0.00306365)
(111251, 0.00309650)
(111301, 0.00309366)
(111351, 0.00305988)
(111401, 0.00314739)
(111451, 0.00310038)
(111501, 0.00307219)
(111551, 0.00309063)
(111601, 0.00307267)
(111651, 0.00310405)
(111701, 0.00309239)
(111751, 0.00312149)
(111801, 0.00310400)
(111851, 0.00312277)
(111901, 0.00310722)
(111951, 0.00310045)
(112001, 0.00308056)
(112051, 0.00306304)
(112101, 0.00310912)
(112151, 0.00312735)
(112201, 0.00306945)
(112251, 0.00309056)
(112301, 0.00308968)
(112351, 0.00311432)
(112401, 0.00305971)
(112451, 0.00306314)
(112501, 0.00310098)
(112551, 0.00306485)
(112601, 0.00304509)
(112651, 0.00306130)
(112701, 0.00312351)
(112751, 0.00307641)
(112801, 0.00307005)
(112851, 0.00310643)
(112901, 0.00313972)
(112951, 0.00310776)
(113001, 0.00307385)
(113051, 0.00305097)
(113101, 0.00312273)
(113151, 0.00308743)
(113201, 0.00309907)
(113251, 0.00311968)
(113301, 0.00309754)
(113351, 0.00308973)
(113401, 0.00308771)
(113451, 0.00308283)
(113501, 0.00313285)
(113551, 0.00312046)
(113601, 0.00312344)
(113651, 0.00308910)
(113701, 0.00307106)
(113751, 0.00309610)
(113801, 0.00311777)
(113851, 0.00307734)
(113901, 0.00309373)
(113951, 0.00309844)
(114001, 0.00314282)
(114051, 0.00308342)
(114101, 0.00309008)
(114151, 0.00306595)
(114201, 0.00309530)
(114251, 0.00307973)
(114301, 0.00310278)
(114351, 0.00311522)
(114401, 0.00310481)
(114451, 0.00309700)
(114501, 0.00310646)
(114551, 0.00310709)
(114601, 0.00308759)
(114651, 0.00307986)
(114701, 0.00308677)
(114751, 0.00310476)
(114801, 0.00308746)
(114851, 0.00310722)
(114901, 0.00309218)
(114951, 0.00312942)
(115001, 0.00308992)
(115051, 0.00310482)
(115101, 0.00315691)
(115151, 0.00309574)
(115201, 0.00313663)
(115251, 0.00309672)
(115301, 0.00307975)
(115351, 0.00312071)
(115401, 0.00309142)
(115451, 0.00307693)
(115501, 0.00307005)
(115551, 0.00307813)
(115601, 0.00308872)
(115651, 0.00313184)
(115701, 0.00307423)
(115751, 0.00310200)
(115801, 0.00306909)
(115851, 0.00308290)
(115901, 0.00305995)
(115951, 0.00303608)
(116001, 0.00309808)
(116051, 0.00311189)
(116101, 0.00313434)
(116151, 0.00307414)
(116201, 0.00306629)
(116251, 0.00306704)
(116301, 0.00310169)
(116351, 0.00309503)
(116401, 0.00315978)
(116451, 0.00313162)
(116501, 0.00307343)
(116551, 0.00311352)
(116601, 0.00312670)
(116651, 0.00310780)
(116701, 0.00306854)
(116751, 0.00309484)
(116801, 0.00309572)
(116851, 0.00309279)
(116901, 0.00307388)
(116951, 0.00311456)
(117001, 0.00312791)
(117051, 0.00304455)
(117101, 0.00304845)
(117151, 0.00309731)
(117201, 0.00308607)
(117251, 0.00314340)
(117301, 0.00307295)
(117351, 0.00307399)
(117401, 0.00306499)
(117451, 0.00311973)
(117501, 0.00309720)
(117551, 0.00306369)
(117601, 0.00312339)
(117651, 0.00310018)
(117701, 0.00308595)
(117751, 0.00315056)
(117801, 0.00309214)
(117851, 0.00310269)
(117901, 0.00309450)
(117951, 0.00312314)
(118001, 0.00314890)
(118051, 0.00307263)
(118101, 0.00309758)
(118151, 0.00309730)
(118201, 0.00304976)
(118251, 0.00310270)
(118301, 0.00308075)
(118351, 0.00308559)
(118401, 0.00310149)
(118451, 0.00313362)
(118501, 0.00310205)
(118551, 0.00307363)
(118601, 0.00309169)
(118651, 0.00311053)
(118701, 0.00307125)
(118751, 0.00306829)
(118801, 0.00306030)
(118851, 0.00308657)
(118901, 0.00306707)
(118951, 0.00310454)
(119001, 0.00306764)
(119051, 0.00311742)
(119101, 0.00307250)
(119151, 0.00313025)
(119201, 0.00314422)
(119251, 0.00309146)
(119301, 0.00310507)
(119351, 0.00308389)
(119401, 0.00309190)
(119451, 0.00311846)
(119501, 0.00306588)
(119551, 0.00305491)
(119601, 0.00309606)
(119651, 0.00311657)
(119701, 0.00308889)
(119751, 0.00310343)
(119801, 0.00305432)
(119851, 0.00304396)
(119901, 0.00309569)
(119951, 0.00310266)
(120001, 0.00313748)
(120051, 0.00307148)
(120101, 0.00306164)
(120151, 0.00303384)
(120201, 0.00310007)
(120251, 0.00310748)
(120301, 0.00309467)
(120351, 0.00310328)
(120401, 0.00309953)
(120451, 0.00308077)
(120501, 0.00311649)
(120551, 0.00305585)
(120601, 0.00307247)
(120651, 0.00307501)
(120701, 0.00311468)
(120751, 0.00309220)
(120801, 0.00309100)
(120851, 0.00306428)
(120901, 0.00307518)
(120951, 0.00313656)
(121001, 0.00310960)
(121051, 0.00306168)
(121101, 0.00312212)
(121151, 0.00312258)
(121201, 0.00313727)
(121251, 0.00309432)
(121301, 0.00311504)
(121351, 0.00309270)
(121401, 0.00312453)
(121451, 0.00308049)
(121501, 0.00308432)
(121551, 0.00308741)
(121601, 0.00308571)
(121651, 0.00309399)
(121701, 0.00312759)
(121751, 0.00309453)
(121801, 0.00305926)
(121851, 0.00312744)
(121901, 0.00308403)
(121951, 0.00311103)
(122001, 0.00305133)
(122051, 0.00309690)
(122101, 0.00310359)
(122151, 0.00310275)
(122201, 0.00309238)
(122251, 0.00311992)
(122301, 0.00307625)
(122351, 0.00310112)
(122401, 0.00308659)
(122451, 0.00310893)
(122501, 0.00309527)
(122551, 0.00308883)
(122601, 0.00312471)
(122651, 0.00305742)
(122701, 0.00313878)
(122751, 0.00310823)
(122801, 0.00310318)
(122851, 0.00305114)
(122901, 0.00309748)
(122951, 0.00307733)
(123001, 0.00308651)
(123051, 0.00307760)
(123101, 0.00312570)
(123151, 0.00313017)
(123201, 0.00308397)
(123251, 0.00305587)
(123301, 0.00307888)
(123351, 0.00310584)
(123401, 0.00303943)
(123451, 0.00310246)
(123501, 0.00308898)
(123551, 0.00313257)
(123601, 0.00308484)
(123651, 0.00312147)
(123701, 0.00307962)
(123751, 0.00310805)
(123801, 0.00309170)
(123851, 0.00310561)
(123901, 0.00311719)
(123951, 0.00315700)
(124001, 0.00311649)
(124051, 0.00311449)
(124101, 0.00308484)
(124151, 0.00308502)
(124201, 0.00306704)
(124251, 0.00314635)
(124301, 0.00306955)
(124351, 0.00310395)
(124401, 0.00310559)
(124451, 0.00309598)
(124501, 0.00311801)
(124551, 0.00307922)
(124601, 0.00315051)
(124651, 0.00309774)
(124701, 0.00310036)
(124751, 0.00312772)
(124801, 0.00309544)
(124851, 0.00311490)
(124901, 0.00305119)
(124951, 0.00312136)
