(1, 0.68906444)
(51, 0.15498511)
(101, 0.13833106)
(151, 0.11217217)
(201, 0.10533978)
(251, 0.11082032)
(301, 0.08009354)
(351, 0.07185788)
(401, 0.06286395)
(451, 0.06034771)
(501, 0.05239813)
(551, 0.06338465)
(601, 0.05529905)
(651, 0.04742488)
(701, 0.04907369)
(751, 0.04766532)
(801, 0.03968114)
(851, 0.04362724)
(901, 0.03908830)
(951, 0.04336315)
(1001, 0.04289547)
(1051, 0.04259444)
(1101, 0.04601994)
(1151, 0.03733933)
(1201, 0.03725556)
(1251, 0.03696254)
(1301, 0.03684157)
(1351, 0.03518779)
(1401, 0.03511148)
(1451, 0.03852006)
(1501, 0.03584336)
(1551, 0.03895554)
(1601, 0.03130750)
(1651, 0.03755866)
(1701, 0.03439566)
(1751, 0.03343422)
(1801, 0.03755100)
(1851, 0.03602647)
(1901, 0.02998327)
(1951, 0.03311113)
(2001, 0.02912226)
(2051, 0.03430628)
(2101, 0.03138222)
(2151, 0.02971486)
(2201, 0.03192995)
(2251, 0.02676367)
(2301, 0.02652736)
(2351, 0.03147351)
(2401, 0.03189344)
(2451, 0.03104089)
(2501, 0.02951195)
(2551, 0.03110182)
(2601, 0.02749682)
(2651, 0.02792821)
(2701, 0.02744250)
(2751, 0.02490964)
(2801, 0.03014796)
(2851, 0.03284545)
(2901, 0.02508098)
(2951, 0.02473085)
(3001, 0.02459107)
(3051, 0.02591208)
(3101, 0.02543461)
(3151, 0.02300204)
(3201, 0.02538081)
(3251, 0.02572368)
(3301, 0.02529923)
(3351, 0.02556099)
(3401, 0.02948654)
(3451, 0.03088052)
(3501, 0.02557506)
(3551, 0.02581119)
(3601, 0.02290641)
(3651, 0.02394094)
(3701, 0.02859759)
(3751, 0.02568630)
(3801, 0.02960478)
(3851, 0.02402079)
(3901, 0.02239422)
(3951, 0.02232167)
(4001, 0.02651118)
(4051, 0.02192509)
(4101, 0.02190181)
(4151, 0.02120109)
(4201, 0.02218668)
(4251, 0.02607245)
(4301, 0.01990541)
(4351, 0.02032105)
(4401, 0.02652794)
(4451, 0.02275999)
(4501, 0.02480395)
(4551, 0.02147502)
(4601, 0.02338289)
(4651, 0.02515576)
(4701, 0.02411379)
(4751, 0.02333374)
(4801, 0.02135850)
(4851, 0.02414609)
(4901, 0.01892036)
(4951, 0.02091217)
(5001, 0.02127472)
(5051, 0.02371263)
(5101, 0.02271276)
(5151, 0.02142119)
(5201, 0.02116585)
(5251, 0.02380981)
(5301, 0.01966427)
(5351, 0.02169288)
(5401, 0.02037249)
(5451, 0.02138379)
(5501, 0.01982466)
(5551, 0.02126048)
(5601, 0.01808950)
(5651, 0.01892056)
(5701, 0.01808259)
(5751, 0.01920892)
(5801, 0.02094499)
(5851, 0.01777138)
(5901, 0.02236219)
(5951, 0.01821739)
(6001, 0.02764023)
(6051, 0.01994688)
(6101, 0.01894502)
(6151, 0.02125922)
(6201, 0.01858083)
(6251, 0.01899472)
(6301, 0.01966640)
(6351, 0.01796639)
(6401, 0.01885963)
(6451, 0.02203123)
(6501, 0.02018067)
(6551, 0.01806592)
(6601, 0.01691672)
(6651, 0.01899668)
(6701, 0.02081418)
(6751, 0.01941630)
(6801, 0.01897066)
(6851, 0.01951835)
(6901, 0.02269927)
(6951, 0.01680781)
(7001, 0.01664738)
(7051, 0.02081504)
(7101, 0.01850944)
(7151, 0.01685720)
(7201, 0.02329487)
(7251, 0.02039529)
(7301, 0.02009311)
(7351, 0.01773605)
(7401, 0.01656856)
(7451, 0.01725012)
(7501, 0.01792525)
(7551, 0.01907026)
(7601, 0.01942532)
(7651, 0.01696611)
(7701, 0.01844092)
(7751, 0.01834057)
(7801, 0.01902542)
(7851, 0.01802843)
(7901, 0.01697352)
(7951, 0.02132144)
(8001, 0.01822517)
(8051, 0.01971405)
(8101, 0.02085300)
(8151, 0.01721469)
(8201, 0.01914868)
(8251, 0.01626218)
(8301, 0.01653221)
(8351, 0.01716063)
(8401, 0.01866576)
(8451, 0.01756958)
(8501, 0.02171651)
(8551, 0.01735085)
(8601, 0.01660416)
(8651, 0.01657105)
(8701, 0.01598875)
(8751, 0.01761170)
(8801, 0.01703052)
(8851, 0.01525663)
(8901, 0.01688712)
(8951, 0.01638644)
(9001, 0.01787568)
(9051, 0.01438588)
(9101, 0.01592577)
(9151, 0.01469651)
(9201, 0.01916293)
(9251, 0.01666834)
(9301, 0.01873482)
(9351, 0.01510784)
(9401, 0.01558220)
(9451, 0.01561151)
(9501, 0.01622952)
(9551, 0.01726591)
(9601, 0.01562922)
(9651, 0.01837630)
(9701, 0.02007861)
(9751, 0.01750926)
(9801, 0.01722232)
(9851, 0.01761824)
(9901, 0.01662998)
(9951, 0.01630486)
(10001, 0.01577535)
(10051, 0.01723835)
(10101, 0.01513466)
(10151, 0.01643568)
(10201, 0.01649250)
(10251, 0.01498996)
(10301, 0.01578672)
(10351, 0.01595081)
(10401, 0.01434958)
(10451, 0.01698801)
(10501, 0.01795390)
(10551, 0.01641587)
(10601, 0.01553596)
(10651, 0.01483875)
(10701, 0.01585157)
(10751, 0.01714508)
(10801, 0.01672112)
(10851, 0.01585680)
(10901, 0.01605638)
(10951, 0.01864938)
(11001, 0.01559472)
(11051, 0.01939555)
(11101, 0.01518730)
(11151, 0.01533907)
(11201, 0.02052640)
(11251, 0.01692735)
(11301, 0.01295048)
(11351, 0.01761871)
(11401, 0.01404071)
(11451, 0.01544882)
(11501, 0.01544579)
(11551, 0.01400997)
(11601, 0.01320727)
(11651, 0.01467991)
(11701, 0.01505185)
(11751, 0.01391870)
(11801, 0.01372145)
(11851, 0.01799817)
(11901, 0.01638048)
(11951, 0.01591670)
(12001, 0.01463268)
(12051, 0.01525611)
(12101, 0.01573122)
(12151, 0.01580402)
(12201, 0.01379563)
(12251, 0.01382874)
(12301, 0.01495400)
(12351, 0.01343480)
(12401, 0.01310138)
(12451, 0.01376022)
(12501, 0.01618005)
(12551, 0.01376690)
(12601, 0.01450335)
(12651, 0.01461916)
(12701, 0.01340734)
(12751, 0.01443146)
(12801, 0.01402200)
(12851, 0.01430925)
(12901, 0.01484764)
(12951, 0.01363756)
(13001, 0.01480162)
(13051, 0.01500442)
(13101, 0.01547312)
(13151, 0.01436348)
(13201, 0.01217596)
(13251, 0.01425825)
(13301, 0.01381637)
(13351, 0.01317130)
(13401, 0.01380986)
(13451, 0.01240114)
(13501, 0.01386005)
(13551, 0.01307486)
(13601, 0.01419093)
(13651, 0.01178048)
(13701, 0.01365024)
(13751, 0.01465647)
(13801, 0.01184711)
(13851, 0.01643489)
(13901, 0.01423624)
(13951, 0.01264393)
(14001, 0.01540701)
(14051, 0.01394062)
(14101, 0.01713516)
(14151, 0.01136483)
(14201, 0.01344959)
(14251, 0.01595288)
(14301, 0.01279359)
(14351, 0.01368579)
(14401, 0.01446677)
(14451, 0.01375869)
(14501, 0.01559954)
(14551, 0.01364139)
(14601, 0.01280493)
(14651, 0.01277663)
(14701, 0.01290845)
(14751, 0.01426266)
(14801, 0.01461561)
(14851, 0.01168655)
(14901, 0.01471414)
(14951, 0.01270435)
(15001, 0.01279104)
(15051, 0.01473623)
(15101, 0.01438986)
(15151, 0.01412731)
(15201, 0.01301747)
(15251, 0.01325973)
(15301, 0.01138040)
(15351, 0.01336478)
(15401, 0.01264262)
(15451, 0.01203004)
(15501, 0.01328945)
(15551, 0.01307561)
(15601, 0.01221010)
(15651, 0.01205684)
(15701, 0.01308742)
(15751, 0.01391154)
(15801, 0.01174965)
(15851, 0.01234905)
(15901, 0.01339693)
(15951, 0.01503494)
(16001, 0.01194059)
(16051, 0.01368213)
(16101, 0.01255453)
(16151, 0.01259343)
(16201, 0.01339982)
(16251, 0.01292856)
(16301, 0.01621184)
(16351, 0.01390661)
(16401, 0.01308578)
(16451, 0.01253478)
(16501, 0.01163506)
(16551, 0.01215566)
(16601, 0.01094097)
(16651, 0.01345729)
(16701, 0.01259572)
(16751, 0.01397870)
(16801, 0.01339305)
(16851, 0.01175037)
(16901, 0.01288901)
(16951, 0.01327013)
(17001, 0.01364988)
(17051, 0.01198897)
(17101, 0.01800235)
(17151, 0.01854664)
(17201, 0.01474033)
(17251, 0.01128489)
(17301, 0.01327062)
(17351, 0.01219533)
(17401, 0.01228524)
(17451, 0.01250144)
(17501, 0.01253164)
(17551, 0.01210329)
(17601, 0.01369984)
(17651, 0.01257767)
(17701, 0.01254064)
(17751, 0.01385762)
(17801, 0.01602010)
(17851, 0.01153178)
(17901, 0.01346024)
(17951, 0.01517203)
(18001, 0.01118204)
(18051, 0.01348944)
(18101, 0.01208375)
(18151, 0.01161034)
(18201, 0.01256238)
(18251, 0.01199136)
(18301, 0.01170685)
(18351, 0.01266248)
(18401, 0.01409835)
(18451, 0.01250956)
(18501, 0.01519686)
(18551, 0.01156920)
(18601, 0.01312272)
(18651, 0.01155932)
(18701, 0.01221817)
(18751, 0.01325363)
(18801, 0.01328779)
(18851, 0.01044461)
(18901, 0.01138481)
(18951, 0.01126475)
(19001, 0.01285686)
(19051, 0.01149515)
(19101, 0.01269709)
(19151, 0.01281825)
(19201, 0.01256419)
(19251, 0.01100433)
(19301, 0.01163769)
(19351, 0.01369178)
(19401, 0.01231134)
(19451, 0.01196221)
(19501, 0.01125131)
(19551, 0.01298749)
(19601, 0.01200732)
(19651, 0.01486702)
(19701, 0.01258758)
(19751, 0.01585931)
(19801, 0.01131970)
(19851, 0.01710053)
(19901, 0.01224042)
(19951, 0.01068321)
(20001, 0.01286446)
(20051, 0.01368765)
(20101, 0.01194132)
(20151, 0.01153483)
(20201, 0.01239401)
(20251, 0.01135825)
(20301, 0.01242189)
(20351, 0.01212452)
(20401, 0.01152321)
(20451, 0.01151391)
(20501, 0.01265449)
(20551, 0.01105759)
(20601, 0.01144195)
(20651, 0.01143570)
(20701, 0.01196976)
(20751, 0.01391516)
(20801, 0.01118320)
(20851, 0.01060240)
(20901, 0.01264548)
(20951, 0.01104780)
(21001, 0.01135369)
(21051, 0.01215964)
(21101, 0.01346627)
(21151, 0.01058044)
(21201, 0.01123096)
(21251, 0.01209650)
(21301, 0.01085068)
(21351, 0.01257338)
(21401, 0.01073334)
(21451, 0.01039027)
(21501, 0.01452725)
(21551, 0.01088678)
(21601, 0.01146699)
(21651, 0.01062993)
(21701, 0.01038367)
(21751, 0.01356644)
(21801, 0.01138522)
(21851, 0.01160509)
(21901, 0.01251894)
(21951, 0.01463598)
(22001, 0.01086125)
(22051, 0.01100323)
(22101, 0.01032580)
(22151, 0.01129698)
(22201, 0.01165392)
(22251, 0.01145237)
(22301, 0.01144826)
(22351, 0.01132553)
(22401, 0.01296336)
(22451, 0.01061064)
(22501, 0.01279262)
(22551, 0.01074469)
(22601, 0.01179442)
(22651, 0.01163612)
(22701, 0.01076792)
(22751, 0.01047643)
(22801, 0.01275240)
(22851, 0.01002907)
(22901, 0.01094939)
(22951, 0.01111960)
(23001, 0.01214396)
(23051, 0.01174488)
(23101, 0.01176313)
(23151, 0.01224816)
(23201, 0.01172353)
(23251, 0.01100350)
(23301, 0.01103951)
(23351, 0.01251925)
(23401, 0.01026392)
(23451, 0.00979686)
(23501, 0.01123514)
(23551, 0.01149553)
(23601, 0.01000861)
(23651, 0.01072358)
(23701, 0.01200798)
(23751, 0.01038504)
(23801, 0.01267897)
(23851, 0.01070241)
(23901, 0.00985472)
(23951, 0.01166917)
(24001, 0.01176273)
(24051, 0.01099881)
(24101, 0.01150133)
(24151, 0.01068993)
(24201, 0.01144176)
(24251, 0.01203712)
(24301, 0.01276340)
(24351, 0.01115737)
(24401, 0.01027022)
(24451, 0.01066257)
(24501, 0.01037584)
(24551, 0.01177190)
(24601, 0.01189607)
(24651, 0.01127662)
(24701, 0.01134160)
(24751, 0.01035273)
(24801, 0.01075417)
(24851, 0.01356180)
(24901, 0.01086640)
(24951, 0.01055893)
(25001, 0.00988342)
(25051, 0.01025701)
(25101, 0.01021516)
(25151, 0.01042409)
(25201, 0.00968425)
(25251, 0.01098743)
(25301, 0.01123244)
(25351, 0.01112789)
(25401, 0.00950765)
(25451, 0.01095201)
(25501, 0.01096052)
(25551, 0.01102651)
(25601, 0.01037755)
(25651, 0.01062414)
(25701, 0.01241261)
(25751, 0.01018388)
(25801, 0.01067917)
(25851, 0.00964175)
(25901, 0.01071246)
(25951, 0.01148734)
(26001, 0.01173445)
(26051, 0.01120253)
(26101, 0.01156011)
(26151, 0.01087068)
(26201, 0.01004859)
(26251, 0.01244699)
(26301, 0.01008673)
(26351, 0.01027900)
(26401, 0.01046502)
(26451, 0.01194987)
(26501, 0.01110917)
(26551, 0.01232606)
(26601, 0.01074244)
(26651, 0.01083661)
(26701, 0.00967294)
(26751, 0.00972865)
(26801, 0.00931451)
(26851, 0.01123390)
(26901, 0.01026788)
(26951, 0.00978754)
(27001, 0.01102186)
(27051, 0.01108848)
(27101, 0.01093309)
(27151, 0.01244609)
(27201, 0.01229448)
(27251, 0.01115532)
(27301, 0.01156351)
(27351, 0.01023082)
(27401, 0.01159376)
(27451, 0.01049197)
(27501, 0.01032709)
(27551, 0.00966499)
(27601, 0.00952343)
(27651, 0.01006396)
(27701, 0.01053334)
(27751, 0.01053881)
(27801, 0.01009580)
(27851, 0.01068798)
(27901, 0.01010203)
(27951, 0.01090844)
(28001, 0.01057226)
(28051, 0.01071548)
(28101, 0.01092800)
(28151, 0.00975938)
(28201, 0.00951508)
(28251, 0.01113377)
(28301, 0.01006243)
(28351, 0.01160229)
(28401, 0.00995363)
(28451, 0.01015862)
(28501, 0.01181259)
(28551, 0.01038570)
(28601, 0.01028056)
(28651, 0.01057728)
(28701, 0.00943583)
(28751, 0.01086363)
(28801, 0.00977272)
(28851, 0.01017847)
(28901, 0.01129350)
(28951, 0.00979793)
(29001, 0.01071841)
(29051, 0.01191545)
(29101, 0.00936408)
(29151, 0.00915580)
(29201, 0.01058339)
(29251, 0.01026881)
(29301, 0.01087364)
(29351, 0.01071878)
(29401, 0.00918774)
(29451, 0.01044479)
(29501, 0.01019836)
(29551, 0.01159630)
(29601, 0.00965307)
(29651, 0.01046996)
(29701, 0.01017344)
(29751, 0.01122572)
(29801, 0.01133850)
(29851, 0.01022530)
(29901, 0.01146290)
(29951, 0.00982055)
(30001, 0.00999524)
(30051, 0.01156362)
(30101, 0.00908188)
(30151, 0.01084554)
(30201, 0.00990157)
(30251, 0.01273451)
(30301, 0.00967749)
(30351, 0.00956076)
(30401, 0.01003643)
(30451, 0.00984219)
(30501, 0.01034530)
(30551, 0.01101276)
(30601, 0.00997879)
(30651, 0.01152148)
(30701, 0.00946002)
(30751, 0.01076145)
(30801, 0.01028195)
(30851, 0.01175950)
(30901, 0.00939128)
(30951, 0.00988874)
(31001, 0.00989520)
(31051, 0.00985271)
(31101, 0.00939081)
(31151, 0.01003979)
(31201, 0.01037582)
(31251, 0.00930021)
(31301, 0.01032435)
(31351, 0.01023848)
(31401, 0.00967409)
(31451, 0.01139727)
(31501, 0.00944422)
(31551, 0.01055659)
(31601, 0.00928169)
(31651, 0.01252471)
(31701, 0.01132183)
(31751, 0.01081615)
(31801, 0.01009514)
(31851, 0.00944956)
(31901, 0.00931472)
(31951, 0.01009778)
(32001, 0.00883674)
(32051, 0.00935487)
(32101, 0.00988485)
(32151, 0.00970005)
(32201, 0.01151560)
(32251, 0.01132993)
(32301, 0.00945756)
(32351, 0.01079112)
(32401, 0.00992635)
(32451, 0.01116346)
(32501, 0.00895234)
(32551, 0.00942044)
(32601, 0.01004585)
(32651, 0.00904398)
(32701, 0.01060832)
(32751, 0.01052532)
(32801, 0.00923028)
(32851, 0.01006520)
(32901, 0.01009238)
(32951, 0.01037893)
(33001, 0.01016117)
(33051, 0.00942531)
(33101, 0.01137336)
(33151, 0.00924491)
(33201, 0.01004748)
(33251, 0.01062163)
(33301, 0.00940125)
(33351, 0.00964692)
(33401, 0.00973573)
(33451, 0.01045251)
(33501, 0.00910351)
(33551, 0.00998694)
(33601, 0.00953964)
(33651, 0.01022984)
(33701, 0.00967405)
(33751, 0.01034895)
(33801, 0.00895878)
(33851, 0.00965562)
(33901, 0.00997859)
(33951, 0.01065784)
(34001, 0.01043489)
(34051, 0.01027126)
(34101, 0.00904443)
(34151, 0.01007824)
(34201, 0.00964933)
(34251, 0.00941128)
(34301, 0.01173469)
(34351, 0.00980271)
(34401, 0.00856996)
(34451, 0.01065084)
(34501, 0.00927576)
(34551, 0.00959635)
(34601, 0.00906143)
(34651, 0.00994656)
(34701, 0.00901051)
(34751, 0.01067100)
(34801, 0.00917328)
(34851, 0.00908316)
(34901, 0.00905306)
(34951, 0.01078476)
(35001, 0.00978730)
(35051, 0.00975725)
(35101, 0.00895671)
(35151, 0.00921850)
(35201, 0.00859455)
(35251, 0.00907014)
(35301, 0.00951353)
(35351, 0.01062436)
(35401, 0.00920340)
(35451, 0.00973454)
(35501, 0.00935559)
(35551, 0.01022834)
(35601, 0.00997884)
(35651, 0.00996601)
(35701, 0.00859256)
(35751, 0.01011297)
(35801, 0.00923913)
(35851, 0.00979005)
(35901, 0.01042845)
(35951, 0.00893961)
(36001, 0.00900463)
(36051, 0.01019322)
(36101, 0.00966718)
(36151, 0.00851485)
(36201, 0.00976080)
(36251, 0.00939990)
(36301, 0.00893760)
(36351, 0.00851380)
(36401, 0.00986607)
(36451, 0.01127510)
(36501, 0.00925840)
(36551, 0.00934848)
(36601, 0.00988668)
(36651, 0.00974446)
(36701, 0.01007637)
(36751, 0.00856519)
(36801, 0.00938452)
(36851, 0.00877058)
(36901, 0.00994678)
(36951, 0.00968523)
(37001, 0.00886263)
(37051, 0.00840312)
(37101, 0.00987642)
(37151, 0.00979916)
(37201, 0.00910097)
(37251, 0.01211518)
(37301, 0.00984803)
(37351, 0.01021755)
(37401, 0.00998248)
(37451, 0.00884703)
(37501, 0.00976950)
(37551, 0.01006645)
(37601, 0.00944835)
(37651, 0.00985937)
(37701, 0.00832040)
(37751, 0.00899474)
(37801, 0.00942840)
(37851, 0.00942719)
(37901, 0.01020400)
(37951, 0.00830500)
(38001, 0.00909650)
(38051, 0.00905790)
(38101, 0.00982855)
(38151, 0.01036318)
(38201, 0.00831398)
(38251, 0.00918198)
(38301, 0.00995619)
(38351, 0.01115293)
(38401, 0.00925745)
(38451, 0.00932582)
(38501, 0.00807432)
(38551, 0.00876408)
(38601, 0.00983834)
(38651, 0.01261877)
(38701, 0.00947763)
(38751, 0.00906549)
(38801, 0.00957912)
(38851, 0.00906798)
(38901, 0.01048509)
(38951, 0.00929169)
(39001, 0.01000525)
(39051, 0.00952021)
(39101, 0.00902030)
(39151, 0.00844819)
(39201, 0.01023837)
(39251, 0.00801400)
(39301, 0.00872274)
(39351, 0.01007707)
(39401, 0.00904431)
(39451, 0.00930820)
(39501, 0.01022547)
(39551, 0.00928816)
(39601, 0.00896180)
(39651, 0.00862350)
(39701, 0.01063809)
(39751, 0.00838068)
(39801, 0.00868510)
(39851, 0.00929506)
(39901, 0.00978090)
(39951, 0.00886415)
(40001, 0.00842791)
(40051, 0.00914943)
(40101, 0.00885729)
(40151, 0.00944075)
(40201, 0.00779596)
(40251, 0.00904400)
(40301, 0.00940525)
(40351, 0.00888391)
(40401, 0.00892189)
(40451, 0.00863047)
(40501, 0.00834592)
(40551, 0.00836072)
(40601, 0.00856751)
(40651, 0.00826649)
(40701, 0.00899002)
(40751, 0.00852336)
(40801, 0.00913781)
(40851, 0.00949260)
(40901, 0.00891140)
(40951, 0.00963943)
(41001, 0.00842447)
(41051, 0.00886597)
(41101, 0.00861046)
(41151, 0.00924868)
(41201, 0.00880647)
(41251, 0.00868125)
(41301, 0.00916742)
(41351, 0.00805660)
(41401, 0.00839895)
(41451, 0.00840917)
(41501, 0.00951609)
(41551, 0.00792864)
(41601, 0.00842626)
(41651, 0.00919712)
(41701, 0.00875119)
(41751, 0.00861751)
(41801, 0.00924603)
(41851, 0.00885867)
(41901, 0.00869814)
(41951, 0.01059321)
(42001, 0.00887175)
(42051, 0.00796841)
(42101, 0.00953446)
(42151, 0.00823457)
(42201, 0.00977385)
(42251, 0.00842931)
(42301, 0.00915576)
(42351, 0.00894968)
(42401, 0.01009109)
(42451, 0.00938381)
(42501, 0.00879192)
(42551, 0.00947216)
(42601, 0.00947955)
(42651, 0.00848870)
(42701, 0.01013993)
(42751, 0.00814899)
(42801, 0.00902036)
(42851, 0.00865167)
(42901, 0.00834585)
(42951, 0.00935468)
(43001, 0.00871782)
(43051, 0.00891722)
(43101, 0.00916426)
(43151, 0.00856228)
(43201, 0.00973007)
(43251, 0.00874430)
(43301, 0.00890132)
(43351, 0.00757707)
(43401, 0.00831587)
(43451, 0.00930545)
(43501, 0.00854860)
(43551, 0.00859735)
(43601, 0.01022330)
(43651, 0.00868969)
(43701, 0.00963918)
(43751, 0.00883655)
(43801, 0.00862203)
(43851, 0.00931943)
(43901, 0.00952569)
(43951, 0.00884567)
(44001, 0.00890758)
(44051, 0.00802894)
(44101, 0.00862981)
(44151, 0.00884755)
(44201, 0.00956339)
(44251, 0.00840701)
(44301, 0.00824983)
(44351, 0.00891994)
(44401, 0.00816251)
(44451, 0.00989329)
(44501, 0.00769938)
(44551, 0.01051813)
(44601, 0.00852790)
(44651, 0.00926440)
(44701, 0.00904696)
(44751, 0.00845933)
(44801, 0.00872616)
(44851, 0.00837349)
(44901, 0.00886801)
(44951, 0.01007159)
(45001, 0.01012012)
(45051, 0.00947016)
(45101, 0.00859196)
(45151, 0.01081737)
(45201, 0.00921796)
(45251, 0.00865366)
(45301, 0.00833587)
(45351, 0.00852075)
(45401, 0.00981559)
(45451, 0.00863512)
(45501, 0.00828536)
(45551, 0.00949582)
(45601, 0.00901229)
(45651, 0.00919621)
(45701, 0.00947146)
(45751, 0.00947059)
(45801, 0.00867510)
(45851, 0.00867422)
(45901, 0.00948079)
(45951, 0.00903950)
(46001, 0.00831786)
(46051, 0.00835431)
(46101, 0.00809211)
(46151, 0.00840673)
(46201, 0.00785975)
(46251, 0.00793037)
(46301, 0.00850668)
(46351, 0.00863756)
(46401, 0.00838802)
(46451, 0.00912651)
(46501, 0.00945358)
(46551, 0.00888252)
(46601, 0.00834159)
(46651, 0.00888775)
(46701, 0.00898903)
(46751, 0.00950473)
(46801, 0.00841294)
(46851, 0.01035029)
(46901, 0.00803303)
(46951, 0.00848808)
(47001, 0.00867980)
(47051, 0.00814893)
(47101, 0.00838428)
(47151, 0.00969819)
(47201, 0.00826946)
(47251, 0.00871994)
(47301, 0.00785799)
(47351, 0.00917370)
(47401, 0.00966479)
(47451, 0.00861531)
(47501, 0.00887278)
(47551, 0.00921792)
(47601, 0.00832799)
(47651, 0.00844319)
(47701, 0.00816582)
(47751, 0.00871637)
(47801, 0.00936561)
(47851, 0.00950655)
(47901, 0.00753274)
(47951, 0.00833804)
(48001, 0.00965650)
(48051, 0.01000989)
(48101, 0.00802190)
(48151, 0.00834274)
(48201, 0.00834974)
(48251, 0.00813654)
(48301, 0.00873095)
(48351, 0.01039897)
(48401, 0.00875163)
(48451, 0.00805681)
(48501, 0.00930592)
(48551, 0.00916128)
(48601, 0.00810116)
(48651, 0.00773242)
(48701, 0.00799954)
(48751, 0.00873192)
(48801, 0.00934678)
(48851, 0.00915994)
(48901, 0.00826365)
(48951, 0.00804611)
(49001, 0.00822780)
(49051, 0.00802252)
(49101, 0.00803310)
(49151, 0.00858505)
(49201, 0.00837126)
(49251, 0.00824533)
(49301, 0.00970068)
(49351, 0.00784120)
(49401, 0.00957199)
(49451, 0.01101803)
(49501, 0.00818633)
(49551, 0.00836232)
(49601, 0.00890956)
(49651, 0.00891717)
(49701, 0.00862700)
(49751, 0.00991871)
(49801, 0.00818788)
(49851, 0.00854366)
(49901, 0.00914030)
(49951, 0.00841610)
(50001, 0.00808561)
(50051, 0.00903778)
(50101, 0.00830376)
(50151, 0.00906108)
(50201, 0.00899001)
(50251, 0.00795011)
(50301, 0.00846632)
(50351, 0.00813379)
(50401, 0.00861620)
(50451, 0.00839837)
(50501, 0.00931939)
(50551, 0.00876562)
(50601, 0.00922701)
(50651, 0.00806268)
(50701, 0.00842617)
(50751, 0.00991729)
(50801, 0.00878636)
(50851, 0.00843624)
(50901, 0.00912827)
(50951, 0.00866208)
(51001, 0.00925716)
(51051, 0.00824289)
(51101, 0.00835888)
(51151, 0.00824071)
(51201, 0.00792834)
(51251, 0.00817458)
(51301, 0.01083891)
(51351, 0.00890612)
(51401, 0.00864867)
(51451, 0.01068232)
(51501, 0.00851776)
(51551, 0.00811972)
(51601, 0.00847915)
(51651, 0.00789496)
(51701, 0.00869464)
(51751, 0.00872849)
(51801, 0.00767450)
(51851, 0.00970280)
(51901, 0.00807124)
(51951, 0.00803476)
(52001, 0.00734638)
(52051, 0.00817089)
(52101, 0.00773240)
(52151, 0.00961308)
(52201, 0.00871251)
(52251, 0.00963975)
(52301, 0.00740935)
(52351, 0.00771672)
(52401, 0.00843124)
(52451, 0.00818999)
(52501, 0.00870699)
(52551, 0.00813192)
(52601, 0.00926797)
(52651, 0.00986914)
(52701, 0.00895141)
(52751, 0.00820969)
(52801, 0.00848718)
(52851, 0.00826574)
(52901, 0.00922500)
(52951, 0.00868517)
(53001, 0.00784680)
(53051, 0.00835131)
(53101, 0.00832253)
(53151, 0.00807992)
(53201, 0.00793292)
(53251, 0.01036743)
(53301, 0.00871827)
(53351, 0.00855469)
(53401, 0.00865253)
(53451, 0.00776860)
(53501, 0.00859692)
(53551, 0.00807169)
(53601, 0.00909772)
(53651, 0.00778458)
(53701, 0.01003600)
(53751, 0.00845679)
(53801, 0.00836020)
(53851, 0.00882010)
(53901, 0.00853366)
(53951, 0.00845357)
(54001, 0.00830925)
(54051, 0.00803974)
(54101, 0.00977171)
(54151, 0.00870228)
(54201, 0.00825860)
(54251, 0.00804740)
(54301, 0.00856688)
(54351, 0.00760747)
(54401, 0.00785716)
(54451, 0.00881608)
(54501, 0.00865499)
(54551, 0.00859344)
(54601, 0.00825310)
(54651, 0.00790831)
(54701, 0.00828430)
(54751, 0.00865152)
(54801, 0.00843006)
(54851, 0.00859813)
(54901, 0.00943710)
(54951, 0.00976370)
(55001, 0.00910156)
(55051, 0.00759260)
(55101, 0.00829180)
(55151, 0.00783819)
(55201, 0.00850009)
(55251, 0.00765610)
(55301, 0.00796065)
(55351, 0.00766423)
(55401, 0.00862722)
(55451, 0.00760971)
(55501, 0.00768259)
(55551, 0.00823693)
(55601, 0.00758347)
(55651, 0.00845300)
(55701, 0.00833269)
(55751, 0.01009163)
(55801, 0.00781638)
(55851, 0.00834157)
(55901, 0.00808494)
(55951, 0.00779835)
(56001, 0.00886638)
(56051, 0.00836280)
(56101, 0.00849613)
(56151, 0.00718467)
(56201, 0.00777726)
(56251, 0.00866399)
(56301, 0.00843285)
(56351, 0.00968686)
(56401, 0.00850592)
(56451, 0.00845372)
(56501, 0.00825649)
(56551, 0.00795619)
(56601, 0.00975218)
(56651, 0.00838950)
(56701, 0.00777608)
(56751, 0.00813864)
(56801, 0.00856391)
(56851, 0.00868337)
(56901, 0.00816005)
(56951, 0.00823504)
(57001, 0.00786035)
(57051, 0.00767485)
(57101, 0.00777004)
(57151, 0.00862218)
(57201, 0.00801156)
(57251, 0.00842540)
(57301, 0.00776698)
(57351, 0.00731572)
(57401, 0.00768984)
(57451, 0.00806061)
(57501, 0.00863981)
(57551, 0.00850739)
(57601, 0.00925542)
(57651, 0.01000964)
(57701, 0.00760276)
(57751, 0.00818995)
(57801, 0.00833266)
(57851, 0.00792957)
(57901, 0.00796328)
(57951, 0.00852987)
(58001, 0.00752040)
(58051, 0.00844127)
(58101, 0.00761313)
(58151, 0.00898065)
(58201, 0.00737747)
(58251, 0.00787365)
(58301, 0.00810797)
(58351, 0.00829489)
(58401, 0.00776442)
(58451, 0.00799540)
(58501, 0.00781527)
(58551, 0.00832756)
(58601, 0.00813209)
(58651, 0.00770712)
(58701, 0.00868813)
(58751, 0.00840290)
(58801, 0.00784740)
(58851, 0.00773784)
(58901, 0.00832746)
(58951, 0.00799397)
(59001, 0.00798272)
(59051, 0.00828520)
(59101, 0.00767215)
(59151, 0.00819915)
(59201, 0.00779735)
(59251, 0.00762183)
(59301, 0.00790989)
(59351, 0.00780611)
(59401, 0.00838068)
(59451, 0.00776514)
(59501, 0.00796027)
(59551, 0.00799445)
(59601, 0.00760141)
(59651, 0.00771100)
(59701, 0.00826020)
(59751, 0.00902217)
(59801, 0.00817612)
(59851, 0.00781414)
(59901, 0.00899666)
(59951, 0.00759204)
(60001, 0.00810257)
(60051, 0.00754158)
(60101, 0.00908728)
(60151, 0.00960560)
(60201, 0.00904339)
(60251, 0.00835286)
(60301, 0.00842018)
(60351, 0.00754661)
(60401, 0.00834035)
(60451, 0.00811450)
(60501, 0.00829343)
(60551, 0.00779011)
(60601, 0.00778311)
(60651, 0.00790453)
(60701, 0.00913601)
(60751, 0.00819466)
(60801, 0.00742319)
(60851, 0.00794528)
(60901, 0.00806581)
(60951, 0.00758234)
(61001, 0.00891392)
(61051, 0.00767856)
(61101, 0.00854623)
(61151, 0.00829416)
(61201, 0.00793651)
(61251, 0.00891226)
(61301, 0.00786172)
(61351, 0.00854861)
(61401, 0.00772504)
(61451, 0.00817452)
(61501, 0.00825374)
(61551, 0.00813086)
(61601, 0.00785981)
(61651, 0.00746133)
(61701, 0.00729537)
(61751, 0.00805198)
(61801, 0.00830666)
(61851, 0.00779931)
(61901, 0.00802875)
(61951, 0.00722075)
(62001, 0.00853294)
(62051, 0.00778039)
(62101, 0.01020567)
(62151, 0.00866334)
(62201, 0.00722696)
(62251, 0.00757669)
(62301, 0.00776393)
(62351, 0.00791169)
(62401, 0.00766965)
(62451, 0.00810623)
(62501, 0.00740722)
(62551, 0.00763909)
(62601, 0.00748683)
(62651, 0.00816176)
(62701, 0.00834967)
(62751, 0.00821397)
(62801, 0.00790856)
(62851, 0.00825343)
(62901, 0.00744526)
(62951, 0.00751711)
(63001, 0.00941090)
(63051, 0.00808227)
(63101, 0.00760799)
(63151, 0.00794729)
(63201, 0.00796441)
(63251, 0.00845606)
(63301, 0.00795596)
(63351, 0.00809263)
(63401, 0.00752424)
(63451, 0.00760718)
(63501, 0.00786182)
(63551, 0.00806668)
(63601, 0.00741995)
(63651, 0.00808360)
(63701, 0.00926903)
(63751, 0.00883243)
(63801, 0.00795406)
(63851, 0.00713339)
(63901, 0.00735415)
(63951, 0.00799955)
(64001, 0.00821936)
(64051, 0.00713834)
(64101, 0.00779449)
(64151, 0.00760778)
(64201, 0.00823242)
(64251, 0.00724980)
(64301, 0.00795234)
(64351, 0.00758981)
(64401, 0.00761326)
(64451, 0.00747292)
(64501, 0.00726871)
(64551, 0.00748178)
(64601, 0.00796589)
(64651, 0.00786220)
(64701, 0.00736108)
(64751, 0.00826096)
(64801, 0.00794667)
(64851, 0.00827034)
(64901, 0.00948542)
(64951, 0.00731225)
(65001, 0.00758929)
(65051, 0.00734791)
(65101, 0.00759469)
(65151, 0.00779224)
(65201, 0.00726529)
(65251, 0.00735455)
(65301, 0.00842788)
(65351, 0.00751868)
(65401, 0.00775913)
(65451, 0.00796824)
(65501, 0.00786025)
(65551, 0.00738634)
(65601, 0.00708842)
(65651, 0.00712934)
(65701, 0.00765596)
(65751, 0.00713981)
(65801, 0.00729028)
(65851, 0.00686551)
(65901, 0.00720504)
(65951, 0.00829257)
(66001, 0.00853632)
(66051, 0.00741494)
(66101, 0.00751926)
(66151, 0.00797667)
(66201, 0.00836954)
(66251, 0.00889197)
(66301, 0.00746359)
(66351, 0.00812129)
(66401, 0.00758172)
(66451, 0.00745810)
(66501, 0.00808669)
(66551, 0.00808100)
(66601, 0.00863213)
(66651, 0.00791152)
(66701, 0.00808777)
(66751, 0.00726808)
(66801, 0.00824348)
(66851, 0.00736040)
(66901, 0.00820822)
(66951, 0.00650438)
(67001, 0.00696291)
(67051, 0.00741884)
(67101, 0.00728499)
(67151, 0.00770546)
(67201, 0.00941949)
(67251, 0.00893601)
(67301, 0.00787689)
(67351, 0.00768468)
(67401, 0.00830390)
(67451, 0.00853377)
(67501, 0.00746093)
(67551, 0.00805163)
(67601, 0.00764383)
(67651, 0.00778000)
(67701, 0.00786489)
(67751, 0.00724512)
(67801, 0.00763826)
(67851, 0.00737168)
(67901, 0.00699687)
(67951, 0.00925916)
(68001, 0.00751767)
(68051, 0.00864296)
(68101, 0.00712547)
(68151, 0.00794067)
(68201, 0.00682946)
(68251, 0.00787181)
(68301, 0.00849993)
(68351, 0.00708170)
(68401, 0.00745039)
(68451, 0.00889794)
(68501, 0.00900180)
(68551, 0.00789276)
(68601, 0.00788275)
(68651, 0.00767652)
(68701, 0.00682901)
(68751, 0.00782188)
(68801, 0.00701852)
(68851, 0.00677004)
(68901, 0.00704446)
(68951, 0.00739003)
(69001, 0.00836805)
(69051, 0.00715202)
(69101, 0.00759740)
(69151, 0.00764225)
(69201, 0.00701406)
(69251, 0.00769688)
(69301, 0.00753756)
(69351, 0.00947747)
(69401, 0.00736028)
(69451, 0.00708479)
(69501, 0.00705320)
(69551, 0.00706381)
(69601, 0.00790727)
(69651, 0.00741708)
(69701, 0.00884015)
(69751, 0.00816882)
(69801, 0.00712757)
(69851, 0.00729680)
(69901, 0.00692323)
(69951, 0.00742995)
(70001, 0.00793803)
(70051, 0.00757702)
(70101, 0.00859073)
(70151, 0.00862986)
(70201, 0.00750398)
(70251, 0.00714055)
(70301, 0.00697391)
(70351, 0.00790279)
(70401, 0.00851006)
(70451, 0.00741965)
(70501, 0.00801652)
(70551, 0.00749043)
(70601, 0.00809508)
(70651, 0.00730102)
(70701, 0.00755971)
(70751, 0.00764793)
(70801, 0.00773668)
(70851, 0.00736217)
(70901, 0.00774356)
(70951, 0.00748969)
(71001, 0.00824883)
(71051, 0.00771418)
(71101, 0.00827256)
(71151, 0.00780113)
(71201, 0.00776245)
(71251, 0.00701432)
(71301, 0.00683778)
(71351, 0.00766073)
(71401, 0.00770270)
(71451, 0.00797491)
(71501, 0.00715158)
(71551, 0.00773982)
(71601, 0.00715458)
(71651, 0.00802522)
(71701, 0.00811847)
(71751, 0.00743595)
(71801, 0.00854070)
(71851, 0.00864532)
(71901, 0.00698664)
(71951, 0.00786485)
(72001, 0.00750369)
(72051, 0.00709946)
(72101, 0.00741705)
(72151, 0.00849917)
(72201, 0.00697196)
(72251, 0.00753582)
(72301, 0.00797853)
(72351, 0.00717334)
(72401, 0.00753749)
(72451, 0.00816770)
(72501, 0.00758242)
(72551, 0.00762346)
(72601, 0.00721821)
(72651, 0.00711201)
(72701, 0.00771464)
(72751, 0.00705611)
(72801, 0.00738515)
(72851, 0.00703332)
(72901, 0.00826468)
(72951, 0.00866547)
(73001, 0.00766847)
(73051, 0.00675868)
(73101, 0.00730711)
(73151, 0.00673131)
(73201, 0.00756039)
(73251, 0.00776091)
(73301, 0.00708028)
(73351, 0.00750942)
(73401, 0.00798305)
(73451, 0.00719092)
(73501, 0.00723344)
(73551, 0.00744210)
(73601, 0.00783293)
(73651, 0.00755006)
(73701, 0.00695589)
(73751, 0.00686646)
(73801, 0.00770238)
(73851, 0.00755304)
(73901, 0.00792400)
(73951, 0.00769778)
(74001, 0.00764120)
(74051, 0.00735960)
(74101, 0.00721732)
(74151, 0.00812132)
(74201, 0.00897938)
(74251, 0.00731836)
(74301, 0.00713685)
(74351, 0.00743946)
(74401, 0.00670267)
(74451, 0.00776044)
(74501, 0.00713951)
(74551, 0.00705305)
(74601, 0.00716551)
(74651, 0.00753613)
(74701, 0.00722309)
(74751, 0.00720846)
(74801, 0.00774235)
(74851, 0.00883762)
(74901, 0.00725379)
(74951, 0.00742952)
(75001, 0.00720040)
(75051, 0.00722625)
(75101, 0.01024362)
(75151, 0.00764216)
(75201, 0.00742017)
(75251, 0.00845037)
(75301, 0.00690575)
(75351, 0.00751483)
(75401, 0.00740985)
(75451, 0.00772017)
(75501, 0.00740887)
(75551, 0.00771848)
(75601, 0.00757355)
(75651, 0.00670899)
(75701, 0.00827331)
(75751, 0.00700003)
(75801, 0.00842313)
(75851, 0.00796933)
(75901, 0.00701642)
(75951, 0.00680436)
(76001, 0.00723880)
(76051, 0.00700560)
(76101, 0.00722923)
(76151, 0.00790379)
(76201, 0.00824610)
(76251, 0.00868446)
(76301, 0.00720391)
(76351, 0.00769105)
(76401, 0.00922063)
(76451, 0.00751194)
(76501, 0.00763934)
(76551, 0.00644866)
(76601, 0.00723521)
(76651, 0.00779447)
(76701, 0.00708290)
(76751, 0.00786429)
(76801, 0.00817560)
(76851, 0.00726027)
(76901, 0.00714935)
(76951, 0.00737680)
(77001, 0.00744625)
(77051, 0.00636353)
(77101, 0.00773597)
(77151, 0.00764348)
(77201, 0.00688348)
(77251, 0.00663498)
(77301, 0.00759171)
(77351, 0.00751591)
(77401, 0.00721208)
(77451, 0.00744278)
(77501, 0.00881816)
(77551, 0.00711365)
(77601, 0.00770258)
(77651, 0.00727426)
(77701, 0.00713529)
(77751, 0.00653857)
(77801, 0.00726351)
(77851, 0.00665872)
(77901, 0.00712382)
(77951, 0.00678617)
(78001, 0.00686102)
(78051, 0.00742465)
(78101, 0.00856555)
(78151, 0.00830604)
(78201, 0.00699977)
(78251, 0.00638051)
(78301, 0.00712867)
(78351, 0.00781751)
(78401, 0.00697161)
(78451, 0.00760922)
(78501, 0.00723222)
(78551, 0.00698378)
(78601, 0.00736602)
(78651, 0.00667184)
(78701, 0.00747015)
(78751, 0.00752546)
(78801, 0.00710591)
(78851, 0.00656390)
(78901, 0.00718994)
(78951, 0.00672850)
(79001, 0.00682091)
(79051, 0.00750473)
(79101, 0.00713131)
(79151, 0.00668381)
(79201, 0.00750854)
(79251, 0.00750949)
(79301, 0.00707606)
(79351, 0.00763590)
(79401, 0.00740431)
(79451, 0.00725127)
(79501, 0.00642974)
(79551, 0.00746064)
(79601, 0.00715609)
(79651, 0.00701137)
(79701, 0.00760154)
(79751, 0.00853403)
(79801, 0.00768138)
(79851, 0.00845461)
(79901, 0.00709464)
(79951, 0.00718977)
(80001, 0.00726695)
(80051, 0.00725581)
(80101, 0.00823205)
(80151, 0.00761972)
(80201, 0.00786354)
(80251, 0.00723190)
(80301, 0.00692015)
(80351, 0.00795094)
(80401, 0.00759129)
(80451, 0.00732514)
(80501, 0.00754718)
(80551, 0.00713466)
(80601, 0.00707677)
(80651, 0.00742930)
(80701, 0.00726468)
(80751, 0.00750459)
(80801, 0.00856086)
(80851, 0.00692889)
(80901, 0.00777325)
(80951, 0.00684785)
(81001, 0.00804104)
(81051, 0.00670684)
(81101, 0.00671269)
(81151, 0.00746432)
(81201, 0.00842316)
(81251, 0.00709181)
(81301, 0.00747079)
(81351, 0.00709604)
(81401, 0.00717497)
(81451, 0.00679820)
(81501, 0.00696954)
(81551, 0.00816720)
(81601, 0.00745253)
(81651, 0.00902071)
(81701, 0.00802186)
(81751, 0.00742136)
(81801, 0.00674384)
(81851, 0.00707872)
(81901, 0.00768566)
(81951, 0.00737410)
(82001, 0.00681606)
(82051, 0.00685615)
(82101, 0.00695274)
(82151, 0.00688440)
(82201, 0.00780747)
(82251, 0.00834789)
(82301, 0.00688167)
(82351, 0.00639965)
(82401, 0.00686437)
(82451, 0.00739493)
(82501, 0.00687382)
(82551, 0.00764573)
(82601, 0.00802361)
(82651, 0.00825884)
(82701, 0.00669741)
(82751, 0.00850885)
(82801, 0.00733288)
(82851, 0.00698727)
(82901, 0.00747532)
(82951, 0.00749021)
(83001, 0.00693785)
(83051, 0.00685599)
(83101, 0.00766450)
(83151, 0.00798681)
(83201, 0.00793738)
(83251, 0.00824609)
(83301, 0.00778619)
(83351, 0.00653682)
(83401, 0.00701674)
(83451, 0.00654644)
(83501, 0.00724790)
(83551, 0.00859598)
(83601, 0.00876082)
(83651, 0.00662329)
(83701, 0.00891947)
(83751, 0.00758498)
(83801, 0.00732238)
(83851, 0.00772138)
(83901, 0.00772055)
(83951, 0.00722942)
(84001, 0.00709578)
(84051, 0.00705471)
(84101, 0.00684470)
(84151, 0.00705628)
(84201, 0.00699764)
(84251, 0.00706449)
(84301, 0.00659423)
(84351, 0.00683955)
(84401, 0.00710306)
(84451, 0.00703982)
(84501, 0.00679032)
(84551, 0.00658175)
(84601, 0.00676069)
(84651, 0.00730436)
(84701, 0.00750490)
(84751, 0.00769516)
(84801, 0.00699380)
(84851, 0.00704812)
(84901, 0.00754529)
(84951, 0.00702602)
(85001, 0.00731973)
(85051, 0.00679901)
(85101, 0.00673316)
(85151, 0.00672621)
(85201, 0.00709869)
(85251, 0.00832597)
(85301, 0.00675692)
(85351, 0.00733804)
(85401, 0.00714995)
(85451, 0.00700985)
(85501, 0.00687681)
(85551, 0.00648389)
(85601, 0.00727049)
(85651, 0.00675178)
(85701, 0.00693538)
(85751, 0.00704658)
(85801, 0.00800540)
(85851, 0.00661082)
(85901, 0.00765546)
(85951, 0.00822586)
(86001, 0.00718289)
(86051, 0.00678026)
(86101, 0.00706400)
(86151, 0.00811780)
(86201, 0.00757819)
(86251, 0.00711694)
(86301, 0.00726581)
(86351, 0.00648306)
(86401, 0.00682424)
(86451, 0.00684047)
(86501, 0.00711908)
(86551, 0.00814275)
(86601, 0.00696419)
(86651, 0.00678172)
(86701, 0.00775392)
(86751, 0.00667713)
(86801, 0.00807683)
(86851, 0.00773011)
(86901, 0.00712094)
(86951, 0.00746923)
(87001, 0.00662897)
(87051, 0.00751261)
(87101, 0.00739293)
(87151, 0.00726147)
(87201, 0.00634622)
(87251, 0.00715499)
(87301, 0.00712930)
(87351, 0.00670996)
(87401, 0.00838734)
(87451, 0.00815941)
(87501, 0.00719565)
(87551, 0.00679896)
(87601, 0.00669594)
(87651, 0.00697729)
(87701, 0.00643081)
(87751, 0.00713766)
(87801, 0.00674912)
(87851, 0.00742489)
(87901, 0.00610244)
(87951, 0.00772156)
(88001, 0.00687914)
(88051, 0.00677769)
(88101, 0.00713946)
(88151, 0.00821441)
(88201, 0.00696694)
(88251, 0.00685857)
(88301, 0.00707898)
(88351, 0.00691741)
(88401, 0.00759191)
(88451, 0.00661962)
(88501, 0.00815957)
(88551, 0.00701539)
(88601, 0.00749291)
(88651, 0.00696063)
(88701, 0.00743843)
(88751, 0.00704480)
(88801, 0.00810973)
(88851, 0.00751637)
(88901, 0.00651856)
(88951, 0.00752013)
(89001, 0.00696819)
(89051, 0.00662085)
(89101, 0.00656409)
(89151, 0.00701724)
(89201, 0.00690866)
(89251, 0.00717601)
(89301, 0.00645597)
(89351, 0.00682416)
(89401, 0.00682327)
(89451, 0.00666585)
(89501, 0.00682476)
(89551, 0.00689714)
(89601, 0.00674240)
(89651, 0.00650084)
(89701, 0.00697489)
(89751, 0.00791168)
(89801, 0.00732049)
(89851, 0.00756694)
(89901, 0.00911455)
(89951, 0.00780269)
(90001, 0.00743785)
(90051, 0.00872283)
(90101, 0.00686533)
(90151, 0.00699853)
(90201, 0.00710696)
(90251, 0.00738064)
(90301, 0.00754615)
(90351, 0.00670038)
(90401, 0.00754764)
(90451, 0.00694938)
(90501, 0.00660880)
(90551, 0.00759680)
(90601, 0.00688986)
(90651, 0.00662476)
(90701, 0.00707086)
(90751, 0.00708202)
(90801, 0.00871651)
(90851, 0.00703528)
(90901, 0.00647713)
(90951, 0.00757307)
(91001, 0.00671471)
(91051, 0.00763252)
(91101, 0.00635471)
(91151, 0.00640451)
(91201, 0.00733982)
(91251, 0.00659732)
(91301, 0.00659965)
(91351, 0.00743438)
(91401, 0.00842705)
(91451, 0.00666408)
(91501, 0.00694249)
(91551, 0.00655331)
(91601, 0.00688953)
(91651, 0.00757003)
(91701, 0.00657422)
(91751, 0.00660550)
(91801, 0.00674501)
(91851, 0.00736313)
(91901, 0.00633140)
(91951, 0.00705963)
(92001, 0.00704539)
(92051, 0.00778888)
(92101, 0.00711029)
(92151, 0.00720208)
(92201, 0.00662500)
(92251, 0.00698238)
(92301, 0.00753238)
(92351, 0.00646608)
(92401, 0.00793653)
(92451, 0.00665234)
(92501, 0.00696846)
(92551, 0.00691879)
(92601, 0.00746891)
(92651, 0.00706279)
(92701, 0.00756666)
(92751, 0.00652238)
(92801, 0.00689012)
(92851, 0.00654207)
(92901, 0.00658905)
(92951, 0.00620580)
(93001, 0.00682335)
(93051, 0.00676700)
(93101, 0.00671992)
(93151, 0.00605240)
(93201, 0.00643724)
(93251, 0.00705938)
(93301, 0.00711382)
(93351, 0.00687970)
(93401, 0.00680532)
(93451, 0.00695576)
(93501, 0.00722406)
(93551, 0.00705403)
(93601, 0.00825535)
(93651, 0.00677891)
(93701, 0.00631125)
(93751, 0.00658389)
(93801, 0.00652046)
(93851, 0.00654253)
(93901, 0.00733186)
(93951, 0.00661726)
(94001, 0.00663922)
(94051, 0.00739199)
(94101, 0.00681033)
(94151, 0.00660292)
(94201, 0.00698311)
(94251, 0.00721718)
(94301, 0.00769975)
(94351, 0.00749992)
(94401, 0.00816262)
(94451, 0.00651415)
(94501, 0.00632535)
(94551, 0.00673668)
(94601, 0.00710675)
(94651, 0.00765052)
(94701, 0.00680125)
(94751, 0.00661255)
(94801, 0.00648753)
(94851, 0.00744547)
(94901, 0.00824190)
(94951, 0.00642110)
(95001, 0.00682287)
(95051, 0.00703104)
(95101, 0.00749856)
(95151, 0.00655852)
(95201, 0.00699458)
(95251, 0.00709688)
(95301, 0.00634370)
(95351, 0.00686923)
(95401, 0.00691894)
(95451, 0.00646261)
(95501, 0.00641522)
(95551, 0.00726371)
(95601, 0.00704177)
(95651, 0.00809662)
(95701, 0.00757896)
(95751, 0.00739315)
(95801, 0.00644550)
(95851, 0.00642222)
(95901, 0.00644116)
(95951, 0.00690785)
(96001, 0.00801598)
(96051, 0.00694692)
(96101, 0.00708374)
(96151, 0.00662676)
(96201, 0.00673347)
(96251, 0.00637938)
(96301, 0.00626699)
(96351, 0.00692882)
(96401, 0.00798588)
(96451, 0.00683973)
(96501, 0.00673105)
(96551, 0.00640706)
(96601, 0.00652807)
(96651, 0.00759080)
(96701, 0.00661274)
(96751, 0.00714905)
(96801, 0.00773213)
(96851, 0.00795485)
(96901, 0.00637974)
(96951, 0.00638316)
(97001, 0.00753163)
(97051, 0.00726908)
(97101, 0.00759870)
(97151, 0.00702848)
(97201, 0.00753805)
(97251, 0.00662029)
(97301, 0.00645123)
(97351, 0.00736037)
(97401, 0.00667192)
(97451, 0.00792600)
(97501, 0.00675150)
(97551, 0.00634578)
(97601, 0.00689237)
(97651, 0.00696479)
(97701, 0.00646238)
(97751, 0.00689353)
(97801, 0.00740681)
(97851, 0.00673835)
(97901, 0.01131744)
(97951, 0.00751452)
(98001, 0.00716393)
(98051, 0.00658243)
(98101, 0.00739255)
(98151, 0.00659265)
(98201, 0.00612222)
(98251, 0.00741863)
(98301, 0.00657559)
(98351, 0.00694282)
(98401, 0.00764125)
(98451, 0.00853443)
(98501, 0.00641868)
(98551, 0.00686870)
(98601, 0.00678586)
(98651, 0.00733264)
(98701, 0.00710775)
(98751, 0.00731380)
(98801, 0.00656657)
(98851, 0.00783543)
(98901, 0.00657810)
(98951, 0.00652375)
(99001, 0.00708265)
(99051, 0.00703821)
(99101, 0.00747486)
(99151, 0.00654238)
(99201, 0.00675261)
(99251, 0.00751984)
(99301, 0.00655517)
(99351, 0.00681388)
(99401, 0.00827749)
(99451, 0.00662019)
(99501, 0.00711037)
(99551, 0.00670405)
(99601, 0.00670059)
(99651, 0.00673858)
(99701, 0.00735343)
(99751, 0.00831895)
(99801, 0.00650293)
(99851, 0.01252098)
(99901, 0.00664747)
(99951, 0.00649678)
(100001, 0.00676425)
(100051, 0.00675580)
(100101, 0.00683403)
(100151, 0.00699628)
(100201, 0.00675161)
(100251, 0.00654402)
(100301, 0.00674551)
(100351, 0.00640995)
(100401, 0.00775711)
(100451, 0.00670467)
(100501, 0.00655357)
(100551, 0.00733680)
(100601, 0.00705515)
(100651, 0.00780619)
(100701, 0.00660633)
(100751, 0.00728864)
(100801, 0.00623277)
(100851, 0.00770783)
(100901, 0.00642774)
(100951, 0.00773398)
(101001, 0.00753578)
(101051, 0.00678383)
(101101, 0.00657956)
(101151, 0.00743970)
(101201, 0.00699009)
(101251, 0.00683558)
(101301, 0.00708517)
(101351, 0.00666226)
(101401, 0.00664046)
(101451, 0.00708449)
(101501, 0.00652390)
(101551, 0.00640413)
(101601, 0.00596537)
(101651, 0.00723152)
(101701, 0.00639861)
(101751, 0.00695764)
(101801, 0.00667540)
(101851, 0.00870719)
(101901, 0.00706992)
(101951, 0.00695193)
(102001, 0.00679091)
(102051, 0.00735468)
(102101, 0.00734378)
(102151, 0.00744757)
(102201, 0.00779927)
(102251, 0.00696055)
(102301, 0.00668472)
(102351, 0.00616504)
(102401, 0.00641355)
(102451, 0.00717764)
(102501, 0.00619604)
(102551, 0.00652788)
(102601, 0.00661185)
(102651, 0.00651057)
(102701, 0.00788438)
(102751, 0.00646168)
(102801, 0.00733408)
(102851, 0.00613058)
(102901, 0.00677184)
(102951, 0.00724588)
(103001, 0.00606330)
(103051, 0.00733330)
(103101, 0.00658894)
(103151, 0.00748921)
(103201, 0.00608016)
(103251, 0.00667040)
(103301, 0.00629933)
(103351, 0.00699801)
(103401, 0.00664361)
(103451, 0.00636378)
(103501, 0.00661738)
(103551, 0.00655186)
(103601, 0.00617210)
(103651, 0.00614016)
(103701, 0.00724796)
(103751, 0.00687312)
(103801, 0.00711413)
(103851, 0.00659413)
(103901, 0.00608963)
(103951, 0.00670648)
(104001, 0.00739329)
(104051, 0.00722308)
(104101, 0.00651252)
(104151, 0.00643008)
(104201, 0.00677621)
(104251, 0.00643374)
(104301, 0.00722612)
(104351, 0.00632177)
(104401, 0.00652940)
(104451, 0.00645807)
(104501, 0.00669159)
(104551, 0.00661083)
(104601, 0.00677952)
(104651, 0.00659013)
(104701, 0.00674831)
(104751, 0.00620535)
(104801, 0.01107053)
(104851, 0.00646508)
(104901, 0.00715610)
(104951, 0.00670436)
(105001, 0.00606583)
(105051, 0.00676507)
(105101, 0.00765708)
(105151, 0.00752988)
(105201, 0.00784746)
(105251, 0.00700012)
(105301, 0.00721651)
(105351, 0.00694813)
(105401, 0.00747905)
(105451, 0.00651823)
(105501, 0.00742402)
(105551, 0.00687029)
(105601, 0.00644619)
(105651, 0.00591715)
(105701, 0.00630712)
(105751, 0.00699456)
(105801, 0.00730711)
(105851, 0.00667396)
(105901, 0.00670496)
(105951, 0.00766298)
(106001, 0.00614393)
(106051, 0.00663670)
(106101, 0.00695074)
(106151, 0.00675400)
(106201, 0.00713545)
(106251, 0.00622273)
(106301, 0.00662385)
(106351, 0.00677521)
(106401, 0.00679305)
(106451, 0.00702456)
(106501, 0.00618419)
(106551, 0.00658192)
(106601, 0.00649875)
(106651, 0.00605371)
(106701, 0.00642301)
(106751, 0.00626020)
(106801, 0.00745780)
(106851, 0.00655358)
(106901, 0.00677398)
(106951, 0.00649640)
(107001, 0.00654208)
(107051, 0.00672872)
(107101, 0.00721779)
(107151, 0.00739797)
(107201, 0.00632456)
(107251, 0.00641569)
(107301, 0.00655182)
(107351, 0.00711429)
(107401, 0.00664939)
(107451, 0.00704956)
(107501, 0.00611154)
(107551, 0.00722444)
(107601, 0.00704114)
(107651, 0.00863234)
(107701, 0.00641928)
(107751, 0.00651635)
(107801, 0.00709773)
(107851, 0.00712199)
(107901, 0.00692794)
(107951, 0.00654902)
(108001, 0.00662846)
(108051, 0.00603583)
(108101, 0.00629946)
(108151, 0.00643535)
(108201, 0.00679778)
(108251, 0.00684840)
(108301, 0.00694321)
(108351, 0.00605093)
(108401, 0.00647049)
(108451, 0.00649085)
(108501, 0.00646369)
(108551, 0.00630482)
(108601, 0.00680676)
(108651, 0.00646929)
(108701, 0.00660598)
(108751, 0.00725146)
(108801, 0.00674208)
(108851, 0.00644864)
(108901, 0.00689506)
(108951, 0.00620063)
(109001, 0.00636559)
(109051, 0.00612680)
(109101, 0.00647600)
(109151, 0.00651903)
(109201, 0.00754570)
(109251, 0.00620527)
(109301, 0.00653874)
(109351, 0.00644134)
(109401, 0.00659609)
(109451, 0.00636512)
(109501, 0.00610748)
(109551, 0.00653467)
(109601, 0.00676705)
(109651, 0.00626338)
(109701, 0.00736986)
(109751, 0.00720862)
(109801, 0.00692542)
(109851, 0.00609815)
(109901, 0.00688796)
(109951, 0.00597436)
(110001, 0.00688780)
(110051, 0.00648412)
(110101, 0.00691856)
(110151, 0.00757321)
(110201, 0.00659652)
(110251, 0.00609128)
(110301, 0.00594444)
(110351, 0.00694444)
(110401, 0.00610123)
(110451, 0.00643175)
(110501, 0.00659242)
(110551, 0.00731179)
(110601, 0.00735771)
(110651, 0.00675010)
(110701, 0.00609343)
(110751, 0.00646943)
(110801, 0.00641568)
(110851, 0.00682401)
(110901, 0.00591503)
(110951, 0.00652358)
(111001, 0.00637705)
(111051, 0.00592161)
(111101, 0.00688204)
(111151, 0.00671027)
(111201, 0.00628374)
(111251, 0.00642654)
(111301, 0.00630672)
(111351, 0.00666948)
(111401, 0.00702060)
(111451, 0.00622844)
(111501, 0.00801358)
(111551, 0.00686236)
(111601, 0.00739748)
(111651, 0.00670311)
(111701, 0.00677230)
(111751, 0.00675484)
(111801, 0.00704867)
(111851, 0.00616185)
(111901, 0.00664435)
(111951, 0.00731340)
(112001, 0.00647173)
(112051, 0.00699842)
(112101, 0.00677947)
(112151, 0.00650387)
(112201, 0.00648853)
(112251, 0.00794164)
(112301, 0.00718781)
(112351, 0.00684735)
(112401, 0.00688502)
(112451, 0.00700004)
(112501, 0.00675015)
(112551, 0.00670656)
(112601, 0.00635080)
(112651, 0.00613555)
(112701, 0.00670034)
(112751, 0.00642879)
(112801, 0.00660127)
(112851, 0.00642298)
(112901, 0.00663334)
(112951, 0.00633295)
(113001, 0.00616880)
(113051, 0.00689605)
(113101, 0.00742606)
(113151, 0.00670596)
(113201, 0.00618673)
(113251, 0.00648226)
(113301, 0.00671734)
(113351, 0.00632982)
(113401, 0.00746450)
(113451, 0.00645470)
(113501, 0.00644909)
(113551, 0.00722419)
(113601, 0.00680259)
(113651, 0.00623377)
(113701, 0.00643784)
(113751, 0.00645675)
(113801, 0.00700904)
(113851, 0.00624905)
(113901, 0.00608914)
(113951, 0.00723926)
(114001, 0.00700075)
(114051, 0.00620318)
(114101, 0.00598555)
(114151, 0.00640530)
(114201, 0.00596127)
(114251, 0.00685244)
(114301, 0.00635514)
(114351, 0.00661692)
(114401, 0.00711552)
(114451, 0.00754192)
(114501, 0.00607200)
(114551, 0.00709942)
(114601, 0.00713548)
(114651, 0.00686809)
(114701, 0.00670367)
(114751, 0.00618562)
(114801, 0.00684755)
(114851, 0.00645259)
(114901, 0.00596341)
(114951, 0.00574510)
(115001, 0.00653895)
(115051, 0.00695165)
(115101, 0.00723787)
(115151, 0.00718312)
(115201, 0.00752111)
(115251, 0.00642496)
(115301, 0.00689580)
(115351, 0.00674476)
(115401, 0.00656158)
(115451, 0.00680134)
(115501, 0.00643547)
(115551, 0.00751045)
(115601, 0.00597041)
(115651, 0.00696183)
(115701, 0.00613052)
(115751, 0.00648041)
(115801, 0.00640069)
(115851, 0.00590541)
(115901, 0.00706416)
(115951, 0.00606422)
(116001, 0.00715665)
(116051, 0.00614616)
(116101, 0.00679398)
(116151, 0.00641687)
(116201, 0.00666253)
(116251, 0.00589408)
(116301, 0.00703285)
(116351, 0.00709255)
(116401, 0.00624284)
(116451, 0.00730735)
(116501, 0.00687030)
(116551, 0.00678592)
(116601, 0.00667363)
(116651, 0.00646356)
(116701, 0.00700238)
(116751, 0.00660452)
(116801, 0.00637475)
(116851, 0.00632451)
(116901, 0.00605805)
(116951, 0.00599718)
(117001, 0.00643151)
(117051, 0.00616457)
(117101, 0.00634866)
(117151, 0.00650722)
(117201, 0.00755146)
(117251, 0.00656647)
(117301, 0.00704700)
(117351, 0.00610430)
(117401, 0.00682671)
(117451, 0.00646740)
(117501, 0.00660325)
(117551, 0.00608779)
(117601, 0.00701305)
(117651, 0.00693539)
(117701, 0.00787917)
(117751, 0.00688590)
(117801, 0.00617306)
(117851, 0.00652905)
(117901, 0.00670604)
(117951, 0.00856595)
(118001, 0.00661502)
(118051, 0.00657594)
(118101, 0.00650577)
(118151, 0.00695155)
(118201, 0.00591300)
(118251, 0.00649979)
(118301, 0.00642491)
(118351, 0.00586737)
(118401, 0.00654621)
(118451, 0.00654401)
(118501, 0.00628532)
(118551, 0.00568117)
(118601, 0.00659589)
(118651, 0.00662187)
(118701, 0.00584665)
(118751, 0.00667485)
(118801, 0.00624513)
(118851, 0.00665301)
(118901, 0.00644297)
(118951, 0.00658421)
(119001, 0.00623200)
(119051, 0.00625658)
(119101, 0.00658935)
(119151, 0.00797245)
(119201, 0.00805135)
(119251, 0.00653306)
(119301, 0.00624628)
(119351, 0.00639776)
(119401, 0.00661165)
(119451, 0.00629438)
(119501, 0.00735180)
(119551, 0.00612976)
(119601, 0.00673588)
(119651, 0.00681881)
(119701, 0.00638283)
(119751, 0.00644579)
(119801, 0.00621335)
(119851, 0.00643246)
(119901, 0.00746840)
(119951, 0.00627359)
(120001, 0.00616703)
(120051, 0.00654769)
(120101, 0.00616654)
(120151, 0.00649791)
(120201, 0.00587007)
(120251, 0.00701652)
(120301, 0.00616480)
(120351, 0.00676794)
(120401, 0.00692673)
(120451, 0.00624509)
(120501, 0.00627916)
(120551, 0.00599501)
(120601, 0.00677909)
(120651, 0.00624567)
(120701, 0.00707585)
(120751, 0.00629691)
(120801, 0.00715444)
(120851, 0.00591806)
(120901, 0.00697897)
(120951, 0.00628022)
(121001, 0.00589567)
(121051, 0.00678593)
(121101, 0.00729345)
(121151, 0.00692431)
(121201, 0.00717863)
(121251, 0.00651042)
(121301, 0.00620984)
(121351, 0.00601667)
(121401, 0.00678487)
(121451, 0.00562606)
(121501, 0.00725564)
(121551, 0.00636281)
(121601, 0.00613666)
(121651, 0.00695549)
(121701, 0.00588170)
(121751, 0.00599352)
(121801, 0.00626723)
(121851, 0.00704024)
(121901, 0.00662428)
(121951, 0.00666618)
(122001, 0.00637256)
(122051, 0.00630063)
(122101, 0.00573500)
(122151, 0.00592728)
(122201, 0.00597063)
(122251, 0.00634177)
(122301, 0.00674987)
(122351, 0.00658427)
(122401, 0.00632706)
(122451, 0.00646081)
(122501, 0.00665623)
(122551, 0.00679594)
(122601, 0.00656231)
(122651, 0.00662323)
(122701, 0.00719401)
(122751, 0.00629221)
(122801, 0.00660334)
(122851, 0.00656863)
(122901, 0.00623879)
(122951, 0.00639175)
(123001, 0.00609163)
(123051, 0.00638789)
(123101, 0.00637237)
(123151, 0.00663561)
(123201, 0.00818161)
(123251, 0.00661855)
(123301, 0.00631847)
(123351, 0.00689210)
(123401, 0.00615317)
(123451, 0.00660017)
(123501, 0.00729407)
(123551, 0.00694882)
(123601, 0.00685649)
(123651, 0.00664552)
(123701, 0.00610665)
(123751, 0.00589754)
(123801, 0.00590748)
(123851, 0.00669385)
(123901, 0.00637200)
(123951, 0.00759090)
(124001, 0.00648500)
(124051, 0.00665984)
(124101, 0.00587499)
(124151, 0.00686087)
(124201, 0.00637782)
(124251, 0.00637575)
(124301, 0.00623535)
(124351, 0.00638707)
(124401, 0.00609338)
(124451, 0.00658340)
(124501, 0.00593241)
(124551, 0.00623892)
(124601, 0.00695517)
(124651, 0.00637338)
(124701, 0.00623974)
(124751, 0.00646567)
(124801, 0.00622317)
(124851, 0.00667589)
(124901, 0.00690883)
(124951, 0.00639867)
