(1, 0.00078341)
(51, 0.00112057)
(101, 0.00082904)
(151, 0.00101166)
(201, 0.00150739)
(251, 0.00131019)
(301, 0.00148868)
(351, 0.00157392)
(401, 0.00167164)
(451, 0.00170881)
(501, 0.00176644)
(551, 0.00178756)
(601, 0.00190675)
(651, 0.00189327)
(701, 0.00209448)
(751, 0.00189784)
(801, 0.00200993)
(851, 0.00198357)
(901, 0.00196119)
(951, 0.00211338)
(1001, 0.00215030)
(1051, 0.00212767)
(1101, 0.00216537)
(1151, 0.00214650)
(1201, 0.00215514)
(1251, 0.00211303)
(1301, 0.00200503)
(1351, 0.00238039)
(1401, 0.00219589)
(1451, 0.00216964)
(1501, 0.00224983)
(1551, 0.00211661)
(1601, 0.00213454)
(1651, 0.00223035)
(1701, 0.00221166)
(1751, 0.00208584)
(1801, 0.00236778)
(1851, 0.00220631)
(1901, 0.00225600)
(1951, 0.00213762)
(2001, 0.00218960)
(2051, 0.00220564)
(2101, 0.00231416)
(2151, 0.00230934)
(2201, 0.00226219)
(2251, 0.00234158)
(2301, 0.00222663)
(2351, 0.00236488)
(2401, 0.00219096)
(2451, 0.00234200)
(2501, 0.00223314)
(2551, 0.00216177)
(2601, 0.00233492)
(2651, 0.00218507)
(2701, 0.00222099)
(2751, 0.00224174)
(2801, 0.00221232)
(2851, 0.00229159)
(2901, 0.00232008)
(2951, 0.00227647)
(3001, 0.00237027)
(3051, 0.00213756)
(3101, 0.00221470)
(3151, 0.00236963)
(3201, 0.00211906)
(3251, 0.00231614)
(3301, 0.00231493)
(3351, 0.00236200)
(3401, 0.00227306)
(3451, 0.00223114)
(3501, 0.00230293)
(3551, 0.00228626)
(3601, 0.00236308)
(3651, 0.00236383)
(3701, 0.00225975)
(3751, 0.00221799)
(3801, 0.00221184)
(3851, 0.00231411)
(3901, 0.00227106)
(3951, 0.00225398)
(4001, 0.00218075)
(4051, 0.00224788)
(4101, 0.00228159)
(4151, 0.00214281)
(4201, 0.00243117)
(4251, 0.00211058)
(4301, 0.00216236)
(4351, 0.00214842)
(4401, 0.00230871)
(4451, 0.00221096)
(4501, 0.00216124)
(4551, 0.00226915)
(4601, 0.00220897)
(4651, 0.00222558)
(4701, 0.00217855)
(4751, 0.00218003)
(4801, 0.00221699)
(4851, 0.00213336)
(4901, 0.00220755)
(4951, 0.00231562)
(5001, 0.00219699)
(5051, 0.00229260)
(5101, 0.00212832)
(5151, 0.00233975)
(5201, 0.00216777)
(5251, 0.00229732)
(5301, 0.00213269)
(5351, 0.00212597)
(5401, 0.00213843)
(5451, 0.00212170)
(5501, 0.00216080)
(5551, 0.00216888)
(5601, 0.00223357)
(5651, 0.00223519)
(5701, 0.00211058)
(5751, 0.00226523)
(5801, 0.00214992)
(5851, 0.00216644)
(5901, 0.00214021)
(5951, 0.00225282)
(6001, 0.00213639)
(6051, 0.00214220)
(6101, 0.00221150)
(6151, 0.00211705)
(6201, 0.00207203)
(6251, 0.00223307)
(6301, 0.00211570)
(6351, 0.00208848)
(6401, 0.00217336)
(6451, 0.00205269)
(6501, 0.00211764)
(6551, 0.00218869)
(6601, 0.00217465)
(6651, 0.00212018)
(6701, 0.00215299)
(6751, 0.00209127)
(6801, 0.00197907)
(6851, 0.00212837)
(6901, 0.00209931)
(6951, 0.00213275)
(7001, 0.00219744)
(7051, 0.00214772)
(7101, 0.00207136)
(7151, 0.00206253)
(7201, 0.00208374)
(7251, 0.00210031)
(7301, 0.00216112)
(7351, 0.00203980)
(7401, 0.00216263)
(7451, 0.00207824)
(7501, 0.00206947)
(7551, 0.00211790)
(7601, 0.00214887)
(7651, 0.00212401)
(7701, 0.00209082)
(7751, 0.00205342)
(7801, 0.00207995)
(7851, 0.00207390)
(7901, 0.00205816)
(7951, 0.00207587)
(8001, 0.00209597)
(8051, 0.00205680)
(8101, 0.00211089)
(8151, 0.00215669)
(8201, 0.00213963)
(8251, 0.00211741)
(8301, 0.00214830)
(8351, 0.00208749)
(8401, 0.00208283)
(8451, 0.00197085)
(8501, 0.00202459)
(8551, 0.00209264)
(8601, 0.00205245)
(8651, 0.00201541)
(8701, 0.00209910)
(8751, 0.00196560)
(8801, 0.00199813)
(8851, 0.00206302)
(8901, 0.00211691)
(8951, 0.00204920)
(9001, 0.00204967)
(9051, 0.00207433)
(9101, 0.00208904)
(9151, 0.00201346)
(9201, 0.00200501)
(9251, 0.00198736)
(9301, 0.00201183)
(9351, 0.00208347)
(9401, 0.00203943)
(9451, 0.00209572)
(9501, 0.00204080)
(9551, 0.00212034)
(9601, 0.00198575)
(9651, 0.00203567)
(9701, 0.00205509)
(9751, 0.00201381)
(9801, 0.00216296)
(9851, 0.00199411)
(9901, 0.00197996)
(9951, 0.00203666)
(10001, 0.00198872)
(10051, 0.00198101)
(10101, 0.00208128)
(10151, 0.00201805)
(10201, 0.00201322)
(10251, 0.00200685)
(10301, 0.00199744)
(10351, 0.00195748)
(10401, 0.00200532)
(10451, 0.00210185)
(10501, 0.00202964)
(10551, 0.00198352)
(10601, 0.00202141)
(10651, 0.00203749)
(10701, 0.00200857)
(10751, 0.00196820)
(10801, 0.00195842)
(10851, 0.00214938)
(10901, 0.00198699)
(10951, 0.00201120)
(11001, 0.00194809)
(11051, 0.00199815)
(11101, 0.00197456)
(11151, 0.00204708)
(11201, 0.00191855)
(11251, 0.00199889)
(11301, 0.00200722)
(11351, 0.00200449)
(11401, 0.00202277)
(11451, 0.00195496)
(11501, 0.00195912)
(11551, 0.00201629)
(11601, 0.00196565)
(11651, 0.00195986)
(11701, 0.00194042)
(11751, 0.00202483)
(11801, 0.00201283)
(11851, 0.00194686)
(11901, 0.00205780)
(11951, 0.00193859)
(12001, 0.00197721)
(12051, 0.00201705)
(12101, 0.00193453)
(12151, 0.00198875)
(12201, 0.00198580)
(12251, 0.00202225)
(12301, 0.00198588)
(12351, 0.00196132)
(12401, 0.00198911)
(12451, 0.00197535)
(12501, 0.00194116)
(12551, 0.00194383)
(12601, 0.00196747)
(12651, 0.00193801)
(12701, 0.00195033)
(12751, 0.00202468)
(12801, 0.00196944)
(12851, 0.00191807)
(12901, 0.00195250)
(12951, 0.00193053)
(13001, 0.00194041)
(13051, 0.00195628)
(13101, 0.00191355)
(13151, 0.00198692)
(13201, 0.00192503)
(13251, 0.00196766)
(13301, 0.00194333)
(13351, 0.00195385)
(13401, 0.00197993)
(13451, 0.00193180)
(13501, 0.00190904)
(13551, 0.00192854)
(13601, 0.00195070)
(13651, 0.00192597)
(13701, 0.00196015)
(13751, 0.00201892)
(13801, 0.00196024)
(13851, 0.00194709)
(13901, 0.00194855)
(13951, 0.00196908)
(14001, 0.00193015)
(14051, 0.00199007)
(14101, 0.00195040)
(14151, 0.00195081)
(14201, 0.00194838)
(14251, 0.00201112)
(14301, 0.00190286)
(14351, 0.00189939)
(14401, 0.00193912)
(14451, 0.00190635)
(14501, 0.00200871)
(14551, 0.00192185)
(14601, 0.00194014)
(14651, 0.00193067)
(14701, 0.00197158)
(14751, 0.00193066)
(14801, 0.00195373)
(14851, 0.00193491)
(14901, 0.00193284)
(14951, 0.00192979)
(15001, 0.00199896)
(15051, 0.00194368)
(15101, 0.00190864)
(15151, 0.00191601)
(15201, 0.00194643)
(15251, 0.00200268)
(15301, 0.00190959)
(15351, 0.00190441)
(15401, 0.00193631)
(15451, 0.00195623)
(15501, 0.00189684)
(15551, 0.00192093)
(15601, 0.00197151)
(15651, 0.00191824)
(15701, 0.00193655)
(15751, 0.00191801)
(15801, 0.00192573)
(15851, 0.00194652)
(15901, 0.00203437)
(15951, 0.00196678)
(16001, 0.00195086)
(16051, 0.00192873)
(16101, 0.00190254)
(16151, 0.00191393)
(16201, 0.00192464)
(16251, 0.00194419)
(16301, 0.00197050)
(16351, 0.00190322)
(16401, 0.00190177)
(16451, 0.00192013)
(16501, 0.00197719)
(16551, 0.00192246)
(16601, 0.00194747)
(16651, 0.00190799)
(16701, 0.00194219)
(16751, 0.00194229)
(16801, 0.00195698)
(16851, 0.00190236)
(16901, 0.00195112)
(16951, 0.00192787)
(17001, 0.00194152)
(17051, 0.00194176)
(17101, 0.00190950)
(17151, 0.00191505)
(17201, 0.00197057)
(17251, 0.00203954)
(17301, 0.00193311)
(17351, 0.00203188)
(17401, 0.00194740)
(17451, 0.00197279)
(17501, 0.00198296)
(17551, 0.00192867)
(17601, 0.00195048)
(17651, 0.00192914)
(17701, 0.00192161)
(17751, 0.00191325)
(17801, 0.00194402)
(17851, 0.00193799)
(17901, 0.00194840)
(17951, 0.00196471)
(18001, 0.00193750)
(18051, 0.00194539)
(18101, 0.00189996)
(18151, 0.00191096)
(18201, 0.00190136)
(18251, 0.00197998)
(18301, 0.00191677)
(18351, 0.00199621)
(18401, 0.00195350)
(18451, 0.00188082)
(18501, 0.00186370)
(18551, 0.00193543)
(18601, 0.00203115)
(18651, 0.00200488)
(18701, 0.00193415)
(18751, 0.00192277)
(18801, 0.00190647)
(18851, 0.00189596)
(18901, 0.00196231)
(18951, 0.00192739)
(19001, 0.00198325)
(19051, 0.00194440)
(19101, 0.00192115)
(19151, 0.00190954)
(19201, 0.00189417)
(19251, 0.00191666)
(19301, 0.00190771)
(19351, 0.00192253)
(19401, 0.00192499)
(19451, 0.00194005)
(19501, 0.00190461)
(19551, 0.00191291)
(19601, 0.00194650)
(19651, 0.00191597)
(19701, 0.00192493)
(19751, 0.00192739)
(19801, 0.00195638)
(19851, 0.00195280)
(19901, 0.00190978)
(19951, 0.00194414)
(20001, 0.00193783)
(20051, 0.00193647)
(20101, 0.00195185)
(20151, 0.00191400)
(20201, 0.00192275)
(20251, 0.00193819)
(20301, 0.00189353)
(20351, 0.00193974)
(20401, 0.00191429)
(20451, 0.00194814)
(20501, 0.00188507)
(20551, 0.00199405)
(20601, 0.00192978)
(20651, 0.00191068)
(20701, 0.00188389)
(20751, 0.00196370)
(20801, 0.00191178)
(20851, 0.00196691)
(20901, 0.00193593)
(20951, 0.00191765)
(21001, 0.00192727)
(21051, 0.00196551)
(21101, 0.00194405)
(21151, 0.00198099)
(21201, 0.00194296)
(21251, 0.00198526)
(21301, 0.00193601)
(21351, 0.00191324)
(21401, 0.00195561)
(21451, 0.00193258)
(21501, 0.00203007)
(21551, 0.00192905)
(21601, 0.00190361)
(21651, 0.00190800)
(21701, 0.00191014)
(21751, 0.00187951)
(21801, 0.00197147)
(21851, 0.00192552)
(21901, 0.00192590)
(21951, 0.00189433)
(22001, 0.00194372)
(22051, 0.00192349)
(22101, 0.00198798)
(22151, 0.00190665)
(22201, 0.00191549)
(22251, 0.00197331)
(22301, 0.00193063)
(22351, 0.00193615)
(22401, 0.00195126)
(22451, 0.00192206)
(22501, 0.00199592)
(22551, 0.00194444)
(22601, 0.00190820)
(22651, 0.00191023)
(22701, 0.00185028)
(22751, 0.00191382)
(22801, 0.00197502)
(22851, 0.00196426)
(22901, 0.00193761)
(22951, 0.00195618)
(23001, 0.00193488)
(23051, 0.00190336)
(23101, 0.00190829)
(23151, 0.00195896)
(23201, 0.00192523)
(23251, 0.00194207)
(23301, 0.00193724)
(23351, 0.00189235)
(23401, 0.00191399)
(23451, 0.00188245)
(23501, 0.00195059)
(23551, 0.00196274)
(23601, 0.00188492)
(23651, 0.00190833)
(23701, 0.00194969)
(23751, 0.00194339)
(23801, 0.00186858)
(23851, 0.00191222)
(23901, 0.00197507)
(23951, 0.00188946)
(24001, 0.00194177)
(24051, 0.00193929)
(24101, 0.00193402)
(24151, 0.00191425)
(24201, 0.00193136)
(24251, 0.00195157)
(24301, 0.00192780)
(24351, 0.00189313)
(24401, 0.00193485)
(24451, 0.00194087)
(24501, 0.00190867)
(24551, 0.00195998)
(24601, 0.00192066)
(24651, 0.00192600)
(24701, 0.00193914)
(24751, 0.00199554)
(24801, 0.00198725)
(24851, 0.00188958)
(24901, 0.00198848)
(24951, 0.00191771)
(25001, 0.00192875)
(25051, 0.00191258)
(25101, 0.00195693)
(25151, 0.00196071)
(25201, 0.00190917)
(25251, 0.00190242)
(25301, 0.00193516)
(25351, 0.00191822)
(25401, 0.00192558)
(25451, 0.00190934)
(25501, 0.00191445)
(25551, 0.00189927)
(25601, 0.00190320)
(25651, 0.00195902)
(25701, 0.00197718)
(25751, 0.00191664)
(25801, 0.00193400)
(25851, 0.00196063)
(25901, 0.00198600)
(25951, 0.00192447)
(26001, 0.00196498)
(26051, 0.00191148)
(26101, 0.00192364)
(26151, 0.00192849)
(26201, 0.00190880)
(26251, 0.00194308)
(26301, 0.00190449)
(26351, 0.00193019)
(26401, 0.00194794)
(26451, 0.00189196)
(26501, 0.00196734)
(26551, 0.00190730)
(26601, 0.00192728)
(26651, 0.00191987)
(26701, 0.00190780)
(26751, 0.00188580)
(26801, 0.00194555)
(26851, 0.00197017)
(26901, 0.00190443)
(26951, 0.00189516)
(27001, 0.00195228)
(27051, 0.00192810)
(27101, 0.00191096)
(27151, 0.00191675)
(27201, 0.00198652)
(27251, 0.00195171)
(27301, 0.00192585)
(27351, 0.00194252)
(27401, 0.00193962)
(27451, 0.00195732)
(27501, 0.00190911)
(27551, 0.00194965)
(27601, 0.00194863)
(27651, 0.00195570)
(27701, 0.00193152)
(27751, 0.00189683)
(27801, 0.00195474)
(27851, 0.00193548)
(27901, 0.00188638)
(27951, 0.00190573)
(28001, 0.00190535)
(28051, 0.00194591)
(28101, 0.00187320)
(28151, 0.00188438)
(28201, 0.00194975)
(28251, 0.00194822)
(28301, 0.00189803)
(28351, 0.00188941)
(28401, 0.00194030)
(28451, 0.00193711)
(28501, 0.00193668)
(28551, 0.00197289)
(28601, 0.00189252)
(28651, 0.00194041)
(28701, 0.00192524)
(28751, 0.00193653)
(28801, 0.00199062)
(28851, 0.00192084)
(28901, 0.00192460)
(28951, 0.00195580)
(29001, 0.00194233)
(29051, 0.00198042)
(29101, 0.00196257)
(29151, 0.00192431)
(29201, 0.00194680)
(29251, 0.00190756)
(29301, 0.00196141)
(29351, 0.00193086)
(29401, 0.00190473)
(29451, 0.00193612)
(29501, 0.00194417)
(29551, 0.00192235)
(29601, 0.00192571)
(29651, 0.00190839)
(29701, 0.00197154)
(29751, 0.00191282)
(29801, 0.00191988)
(29851, 0.00197991)
(29901, 0.00195220)
(29951, 0.00195272)
(30001, 0.00193088)
(30051, 0.00193826)
(30101, 0.00202241)
(30151, 0.00188823)
(30201, 0.00197231)
(30251, 0.00193977)
(30301, 0.00192192)
(30351, 0.00192629)
(30401, 0.00190962)
(30451, 0.00193557)
(30501, 0.00191987)
(30551, 0.00190663)
(30601, 0.00192173)
(30651, 0.00191094)
(30701, 0.00198040)
(30751, 0.00192362)
(30801, 0.00192445)
(30851, 0.00190466)
(30901, 0.00191588)
(30951, 0.00189392)
(31001, 0.00191565)
(31051, 0.00193828)
(31101, 0.00192081)
(31151, 0.00192559)
(31201, 0.00195389)
(31251, 0.00193603)
(31301, 0.00189496)
(31351, 0.00191455)
(31401, 0.00193536)
(31451, 0.00195394)
(31501, 0.00190914)
(31551, 0.00192884)
(31601, 0.00192935)
(31651, 0.00194370)
(31701, 0.00199584)
(31751, 0.00194043)
(31801, 0.00191520)
(31851, 0.00195192)
(31901, 0.00194016)
(31951, 0.00190849)
(32001, 0.00192719)
(32051, 0.00193093)
(32101, 0.00193002)
(32151, 0.00191312)
(32201, 0.00189061)
(32251, 0.00196304)
(32301, 0.00195927)
(32351, 0.00195810)
(32401, 0.00197125)
(32451, 0.00191455)
(32501, 0.00195531)
(32551, 0.00195054)
(32601, 0.00193159)
(32651, 0.00193920)
(32701, 0.00191843)
(32751, 0.00190918)
(32801, 0.00193899)
(32851, 0.00193639)
(32901, 0.00192127)
(32951, 0.00190579)
(33001, 0.00191015)
(33051, 0.00188873)
(33101, 0.00192894)
(33151, 0.00193784)
(33201, 0.00191866)
(33251, 0.00192877)
(33301, 0.00190205)
(33351, 0.00192844)
(33401, 0.00193976)
(33451, 0.00193038)
(33501, 0.00189556)
(33551, 0.00194179)
(33601, 0.00193264)
(33651, 0.00190206)
(33701, 0.00188513)
(33751, 0.00198236)
(33801, 0.00188429)
(33851, 0.00191146)
(33901, 0.00191418)
(33951, 0.00193601)
(34001, 0.00194736)
(34051, 0.00194201)
(34101, 0.00192907)
(34151, 0.00191659)
(34201, 0.00192471)
(34251, 0.00192208)
(34301, 0.00194809)
(34351, 0.00195864)
(34401, 0.00194197)
(34451, 0.00192654)
(34501, 0.00190475)
(34551, 0.00192741)
(34601, 0.00199588)
(34651, 0.00193561)
(34701, 0.00195432)
(34751, 0.00192506)
(34801, 0.00195103)
(34851, 0.00191718)
(34901, 0.00194215)
(34951, 0.00192766)
(35001, 0.00192806)
(35051, 0.00197228)
(35101, 0.00191667)
(35151, 0.00194150)
(35201, 0.00190671)
(35251, 0.00192300)
(35301, 0.00190018)
(35351, 0.00194112)
(35401, 0.00194115)
(35451, 0.00198656)
(35501, 0.00196141)
(35551, 0.00193559)
(35601, 0.00191061)
(35651, 0.00191830)
(35701, 0.00189369)
(35751, 0.00192903)
(35801, 0.00193262)
(35851, 0.00193962)
(35901, 0.00196243)
(35951, 0.00193456)
(36001, 0.00195141)
(36051, 0.00189179)
(36101, 0.00196721)
(36151, 0.00192705)
(36201, 0.00191144)
(36251, 0.00196178)
(36301, 0.00198089)
(36351, 0.00190357)
(36401, 0.00193260)
(36451, 0.00193089)
(36501, 0.00195072)
(36551, 0.00190657)
(36601, 0.00192665)
(36651, 0.00192379)
(36701, 0.00196709)
(36751, 0.00192749)
(36801, 0.00191075)
(36851, 0.00193170)
(36901, 0.00194604)
(36951, 0.00192918)
(37001, 0.00192633)
(37051, 0.00196289)
(37101, 0.00191822)
(37151, 0.00192939)
(37201, 0.00193909)
(37251, 0.00194132)
(37301, 0.00195373)
(37351, 0.00195020)
(37401, 0.00196997)
(37451, 0.00195669)
(37501, 0.00193583)
(37551, 0.00196337)
(37601, 0.00189524)
(37651, 0.00192564)
(37701, 0.00192757)
(37751, 0.00192374)
(37801, 0.00195362)
(37851, 0.00195059)
(37901, 0.00192402)
(37951, 0.00193295)
(38001, 0.00195414)
(38051, 0.00194956)
(38101, 0.00194732)
(38151, 0.00200727)
(38201, 0.00190552)
(38251, 0.00194713)
(38301, 0.00193569)
(38351, 0.00191054)
(38401, 0.00191693)
(38451, 0.00195763)
(38501, 0.00198851)
(38551, 0.00190332)
(38601, 0.00193668)
(38651, 0.00191549)
(38701, 0.00194275)
(38751, 0.00193842)
(38801, 0.00193787)
(38851, 0.00193574)
(38901, 0.00191913)
(38951, 0.00199723)
(39001, 0.00192151)
(39051, 0.00189869)
(39101, 0.00193935)
(39151, 0.00192222)
(39201, 0.00194424)
(39251, 0.00196819)
(39301, 0.00194741)
(39351, 0.00196923)
(39401, 0.00197742)
(39451, 0.00195715)
(39501, 0.00189881)
(39551, 0.00190288)
(39601, 0.00191714)
(39651, 0.00193404)
(39701, 0.00198517)
(39751, 0.00192951)
(39801, 0.00192576)
(39851, 0.00195130)
(39901, 0.00190839)
(39951, 0.00194204)
(40001, 0.00190166)
(40051, 0.00199578)
(40101, 0.00193207)
(40151, 0.00197426)
(40201, 0.00193351)
(40251, 0.00193011)
(40301, 0.00190631)
(40351, 0.00192625)
(40401, 0.00193849)
(40451, 0.00191732)
(40501, 0.00193652)
(40551, 0.00192980)
(40601, 0.00196192)
(40651, 0.00200677)
(40701, 0.00193134)
(40751, 0.00193404)
(40801, 0.00193009)
(40851, 0.00193723)
(40901, 0.00197498)
(40951, 0.00195443)
(41001, 0.00193185)
(41051, 0.00190851)
(41101, 0.00192764)
(41151, 0.00198626)
(41201, 0.00197380)
(41251, 0.00194450)
(41301, 0.00191656)
(41351, 0.00192130)
(41401, 0.00192582)
(41451, 0.00191400)
(41501, 0.00193844)
(41551, 0.00196641)
(41601, 0.00197968)
(41651, 0.00189754)
(41701, 0.00195093)
(41751, 0.00193032)
(41801, 0.00194500)
(41851, 0.00192189)
(41901, 0.00205774)
(41951, 0.00192056)
(42001, 0.00198852)
(42051, 0.00195552)
(42101, 0.00195975)
(42151, 0.00194742)
(42201, 0.00195633)
(42251, 0.00198207)
(42301, 0.00195509)
(42351, 0.00192909)
(42401, 0.00194858)
(42451, 0.00192356)
(42501, 0.00193289)
(42551, 0.00197370)
(42601, 0.00192073)
(42651, 0.00191682)
(42701, 0.00191937)
(42751, 0.00191459)
(42801, 0.00199573)
(42851, 0.00193400)
(42901, 0.00195280)
(42951, 0.00195666)
(43001, 0.00196980)
(43051, 0.00194593)
(43101, 0.00192811)
(43151, 0.00193907)
(43201, 0.00203639)
(43251, 0.00195535)
(43301, 0.00191482)
(43351, 0.00207909)
(43401, 0.00194444)
(43451, 0.00190850)
(43501, 0.00192571)
(43551, 0.00192556)
(43601, 0.00203225)
(43651, 0.00192543)
(43701, 0.00191244)
(43751, 0.00198996)
(43801, 0.00197721)
(43851, 0.00197907)
(43901, 0.00191609)
(43951, 0.00203995)
(44001, 0.00193164)
(44051, 0.00192281)
(44101, 0.00193136)
(44151, 0.00191339)
(44201, 0.00193338)
(44251, 0.00196772)
(44301, 0.00198543)
(44351, 0.00192670)
(44401, 0.00195197)
(44451, 0.00195398)
(44501, 0.00192718)
(44551, 0.00196666)
(44601, 0.00192649)
(44651, 0.00191410)
(44701, 0.00197713)
(44751, 0.00192796)
(44801, 0.00191225)
(44851, 0.00191096)
(44901, 0.00193894)
(44951, 0.00191584)
(45001, 0.00196482)
(45051, 0.00196305)
(45101, 0.00196207)
(45151, 0.00194367)
(45201, 0.00194389)
(45251, 0.00192953)
(45301, 0.00194118)
(45351, 0.00191479)
(45401, 0.00194921)
(45451, 0.00199944)
(45501, 0.00196892)
(45551, 0.00196323)
(45601, 0.00192937)
(45651, 0.00197193)
(45701, 0.00194538)
(45751, 0.00190548)
(45801, 0.00192322)
(45851, 0.00197194)
(45901, 0.00198499)
(45951, 0.00193705)
(46001, 0.00196911)
(46051, 0.00197775)
(46101, 0.00197941)
(46151, 0.00194542)
(46201, 0.00195937)
(46251, 0.00194192)
(46301, 0.00196320)
(46351, 0.00190588)
(46401, 0.00198820)
(46451, 0.00193640)
(46501, 0.00194210)
(46551, 0.00199749)
(46601, 0.00193784)
(46651, 0.00196455)
(46701, 0.00190234)
(46751, 0.00193901)
(46801, 0.00191228)
(46851, 0.00197415)
(46901, 0.00195012)
(46951, 0.00193295)
(47001, 0.00195215)
(47051, 0.00197017)
(47101, 0.00201556)
(47151, 0.00195024)
(47201, 0.00191786)
(47251, 0.00192433)
(47301, 0.00196115)
(47351, 0.00197613)
(47401, 0.00197211)
(47451, 0.00193176)
(47501, 0.00197948)
(47551, 0.00201318)
(47601, 0.00196518)
(47651, 0.00194458)
(47701, 0.00193296)
(47751, 0.00195451)
(47801, 0.00193178)
(47851, 0.00198765)
(47901, 0.00194755)
(47951, 0.00195881)
(48001, 0.00194152)
(48051, 0.00197152)
(48101, 0.00192316)
(48151, 0.00196728)
(48201, 0.00195631)
(48251, 0.00195768)
(48301, 0.00195384)
(48351, 0.00196167)
(48401, 0.00195239)
(48451, 0.00194989)
(48501, 0.00191128)
(48551, 0.00196653)
(48601, 0.00192605)
(48651, 0.00197050)
(48701, 0.00190777)
(48751, 0.00192073)
(48801, 0.00194344)
(48851, 0.00193529)
(48901, 0.00196016)
(48951, 0.00191661)
(49001, 0.00194415)
(49051, 0.00195798)
(49101, 0.00194372)
(49151, 0.00192756)
(49201, 0.00195955)
(49251, 0.00196621)
(49301, 0.00194574)
(49351, 0.00198840)
(49401, 0.00191910)
(49451, 0.00191956)
(49501, 0.00197339)
(49551, 0.00195455)
(49601, 0.00196293)
(49651, 0.00195223)
(49701, 0.00197336)
(49751, 0.00198975)
(49801, 0.00197521)
(49851, 0.00195961)
(49901, 0.00198477)
(49951, 0.00195940)
(50001, 0.00199229)
(50051, 0.00194791)
(50101, 0.00193187)
(50151, 0.00195724)
(50201, 0.00198200)
(50251, 0.00197608)
(50301, 0.00195388)
(50351, 0.00195542)
(50401, 0.00194345)
(50451, 0.00194074)
(50501, 0.00194172)
(50551, 0.00195324)
(50601, 0.00195298)
(50651, 0.00195732)
(50701, 0.00197464)
(50751, 0.00196683)
(50801, 0.00193748)
(50851, 0.00195996)
(50901, 0.00196171)
(50951, 0.00200917)
(51001, 0.00192749)
(51051, 0.00193427)
(51101, 0.00192827)
(51151, 0.00196495)
(51201, 0.00197574)
(51251, 0.00196762)
(51301, 0.00190159)
(51351, 0.00197111)
(51401, 0.00193311)
(51451, 0.00192941)
(51501, 0.00192927)
(51551, 0.00192864)
(51601, 0.00192992)
(51651, 0.00194257)
(51701, 0.00193708)
(51751, 0.00194473)
(51801, 0.00196484)
(51851, 0.00192945)
(51901, 0.00196106)
(51951, 0.00192152)
(52001, 0.00192156)
(52051, 0.00196558)
(52101, 0.00194271)
(52151, 0.00194454)
(52201, 0.00197655)
(52251, 0.00194660)
(52301, 0.00195748)
(52351, 0.00194944)
(52401, 0.00193410)
(52451, 0.00190783)
(52501, 0.00194095)
(52551, 0.00196283)
(52601, 0.00192808)
(52651, 0.00191821)
(52701, 0.00203043)
(52751, 0.00196960)
(52801, 0.00198103)
(52851, 0.00195574)
(52901, 0.00194002)
(52951, 0.00193570)
(53001, 0.00198922)
(53051, 0.00197214)
(53101, 0.00197129)
(53151, 0.00197833)
(53201, 0.00191633)
(53251, 0.00192887)
(53301, 0.00192037)
(53351, 0.00200301)
(53401, 0.00196978)
(53451, 0.00192189)
(53501, 0.00193356)
(53551, 0.00198543)
(53601, 0.00199606)
(53651, 0.00194293)
(53701, 0.00200956)
(53751, 0.00194751)
(53801, 0.00199313)
(53851, 0.00197937)
(53901, 0.00195278)
(53951, 0.00194486)
(54001, 0.00193406)
(54051, 0.00195599)
(54101, 0.00205168)
(54151, 0.00195550)
(54201, 0.00194507)
(54251, 0.00196025)
(54301, 0.00196624)
(54351, 0.00197287)
(54401, 0.00195158)
(54451, 0.00194774)
(54501, 0.00196240)
(54551, 0.00198671)
(54601, 0.00195817)
(54651, 0.00202303)
(54701, 0.00196104)
(54751, 0.00193541)
(54801, 0.00194201)
(54851, 0.00191389)
(54901, 0.00195781)
(54951, 0.00195802)
(55001, 0.00197906)
(55051, 0.00198668)
(55101, 0.00194803)
(55151, 0.00198429)
(55201, 0.00194311)
(55251, 0.00195453)
(55301, 0.00194098)
(55351, 0.00195372)
(55401, 0.00194160)
(55451, 0.00197005)
(55501, 0.00196186)
(55551, 0.00190598)
(55601, 0.00191805)
(55651, 0.00196683)
(55701, 0.00193357)
(55751, 0.00195226)
(55801, 0.00193694)
(55851, 0.00199024)
(55901, 0.00194926)
(55951, 0.00193360)
(56001, 0.00195553)
(56051, 0.00201022)
(56101, 0.00197877)
(56151, 0.00194686)
(56201, 0.00193853)
(56251, 0.00192103)
(56301, 0.00192540)
(56351, 0.00199320)
(56401, 0.00189503)
(56451, 0.00194856)
(56501, 0.00195474)
(56551, 0.00196133)
(56601, 0.00197562)
(56651, 0.00196702)
(56701, 0.00195795)
(56751, 0.00197365)
(56801, 0.00192302)
(56851, 0.00196538)
(56901, 0.00193080)
(56951, 0.00201139)
(57001, 0.00190877)
(57051, 0.00196182)
(57101, 0.00194024)
(57151, 0.00196404)
(57201, 0.00196509)
(57251, 0.00196253)
(57301, 0.00192408)
(57351, 0.00200810)
(57401, 0.00191486)
(57451, 0.00198276)
(57501, 0.00196890)
(57551, 0.00198113)
(57601, 0.00194003)
(57651, 0.00196570)
(57701, 0.00199993)
(57751, 0.00195271)
(57801, 0.00193454)
(57851, 0.00198103)
(57901, 0.00193113)
(57951, 0.00190204)
(58001, 0.00195233)
(58051, 0.00195699)
(58101, 0.00195783)
(58151, 0.00195876)
(58201, 0.00194310)
(58251, 0.00196072)
(58301, 0.00197635)
(58351, 0.00193886)
(58401, 0.00193681)
(58451, 0.00195458)
(58501, 0.00193328)
(58551, 0.00201665)
(58601, 0.00197159)
(58651, 0.00195847)
(58701, 0.00198084)
(58751, 0.00197155)
(58801, 0.00194934)
(58851, 0.00192093)
(58901, 0.00198289)
(58951, 0.00197533)
(59001, 0.00192332)
(59051, 0.00202276)
(59101, 0.00196454)
(59151, 0.00193631)
(59201, 0.00194412)
(59251, 0.00195293)
(59301, 0.00196190)
(59351, 0.00195908)
(59401, 0.00193438)
(59451, 0.00195873)
(59501, 0.00195171)
(59551, 0.00195986)
(59601, 0.00195421)
(59651, 0.00196233)
(59701, 0.00194743)
(59751, 0.00198375)
(59801, 0.00194187)
(59851, 0.00197688)
(59901, 0.00193834)
(59951, 0.00193191)
(60001, 0.00198626)
(60051, 0.00195078)
(60101, 0.00196455)
(60151, 0.00195534)
(60201, 0.00192985)
(60251, 0.00196084)
(60301, 0.00193253)
(60351, 0.00195753)
(60401, 0.00196523)
(60451, 0.00194793)
(60501, 0.00198026)
(60551, 0.00193585)
(60601, 0.00197184)
(60651, 0.00195391)
(60701, 0.00193710)
(60751, 0.00194257)
(60801, 0.00190888)
(60851, 0.00190313)
(60901, 0.00193619)
(60951, 0.00196229)
(61001, 0.00192423)
(61051, 0.00192598)
(61101, 0.00197656)
(61151, 0.00193900)
(61201, 0.00197035)
(61251, 0.00190646)
(61301, 0.00190016)
(61351, 0.00196093)
(61401, 0.00195948)
(61451, 0.00196416)
(61501, 0.00195911)
(61551, 0.00195024)
(61601, 0.00193189)
(61651, 0.00196071)
(61701, 0.00194657)
(61751, 0.00194653)
(61801, 0.00196087)
(61851, 0.00197004)
(61901, 0.00195603)
(61951, 0.00198078)
(62001, 0.00195581)
(62051, 0.00194096)
(62101, 0.00196861)
(62151, 0.00193748)
(62201, 0.00195104)
(62251, 0.00193959)
(62301, 0.00196999)
(62351, 0.00197933)
(62401, 0.00198361)
(62451, 0.00194367)
(62501, 0.00194547)
(62551, 0.00194766)
(62601, 0.00195147)
(62651, 0.00196147)
(62701, 0.00196251)
(62751, 0.00195307)
(62801, 0.00198851)
(62851, 0.00194240)
(62901, 0.00195370)
(62951, 0.00192531)
(63001, 0.00196003)
(63051, 0.00198263)
(63101, 0.00199678)
(63151, 0.00194773)
(63201, 0.00193667)
(63251, 0.00196419)
(63301, 0.00197566)
(63351, 0.00200883)
(63401, 0.00194345)
(63451, 0.00193632)
(63501, 0.00193724)
(63551, 0.00200239)
(63601, 0.00201495)
(63651, 0.00195536)
(63701, 0.00193409)
(63751, 0.00197404)
(63801, 0.00195142)
(63851, 0.00197936)
(63901, 0.00195379)
(63951, 0.00193790)
(64001, 0.00198995)
(64051, 0.00193159)
(64101, 0.00195953)
(64151, 0.00193362)
(64201, 0.00198169)
(64251, 0.00198037)
(64301, 0.00193924)
(64351, 0.00199847)
(64401, 0.00196793)
(64451, 0.00195951)
(64501, 0.00193358)
(64551, 0.00196765)
(64601, 0.00197560)
(64651, 0.00199863)
(64701, 0.00198700)
(64751, 0.00199567)
(64801, 0.00201738)
(64851, 0.00194427)
(64901, 0.00193064)
(64951, 0.00200943)
(65001, 0.00199208)
(65051, 0.00192386)
(65101, 0.00193205)
(65151, 0.00191860)
(65201, 0.00194929)
(65251, 0.00194796)
(65301, 0.00196183)
(65351, 0.00194824)
(65401, 0.00195851)
(65451, 0.00196635)
(65501, 0.00196181)
(65551, 0.00200379)
(65601, 0.00194239)
(65651, 0.00197844)
(65701, 0.00196940)
(65751, 0.00196372)
(65801, 0.00196332)
(65851, 0.00200517)
(65901, 0.00197067)
(65951, 0.00197085)
(66001, 0.00195168)
(66051, 0.00197084)
(66101, 0.00198592)
(66151, 0.00193844)
(66201, 0.00194816)
(66251, 0.00193891)
(66301, 0.00195828)
(66351, 0.00193967)
(66401, 0.00197140)
(66451, 0.00195775)
(66501, 0.00193212)
(66551, 0.00196025)
(66601, 0.00199688)
(66651, 0.00199623)
(66701, 0.00195141)
(66751, 0.00191739)
(66801, 0.00192084)
(66851, 0.00192227)
(66901, 0.00200204)
(66951, 0.00194166)
(67001, 0.00199459)
(67051, 0.00200506)
(67101, 0.00199452)
(67151, 0.00194396)
(67201, 0.00196151)
(67251, 0.00197018)
(67301, 0.00195513)
(67351, 0.00194146)
(67401, 0.00199821)
(67451, 0.00197886)
(67501, 0.00198762)
(67551, 0.00195560)
(67601, 0.00197921)
(67651, 0.00195794)
(67701, 0.00198132)
(67751, 0.00194022)
(67801, 0.00193684)
(67851, 0.00196060)
(67901, 0.00201854)
(67951, 0.00197235)
(68001, 0.00195447)
(68051, 0.00197195)
(68101, 0.00195437)
(68151, 0.00198594)
(68201, 0.00195423)
(68251, 0.00198696)
(68301, 0.00200663)
(68351, 0.00193721)
(68401, 0.00196662)
(68451, 0.00196610)
(68501, 0.00196241)
(68551, 0.00197714)
(68601, 0.00200860)
(68651, 0.00198214)
(68701, 0.00200470)
(68751, 0.00194620)
(68801, 0.00194635)
(68851, 0.00194914)
(68901, 0.00194560)
(68951, 0.00198287)
(69001, 0.00201313)
(69051, 0.00196603)
(69101, 0.00196244)
(69151, 0.00194190)
(69201, 0.00197175)
(69251, 0.00196029)
(69301, 0.00198362)
(69351, 0.00197803)
(69401, 0.00196019)
(69451, 0.00202463)
(69501, 0.00198626)
(69551, 0.00193908)
(69601, 0.00194281)
(69651, 0.00193081)
(69701, 0.00198937)
(69751, 0.00196274)
(69801, 0.00195609)
(69851, 0.00193087)
(69901, 0.00201060)
(69951, 0.00194297)
(70001, 0.00196400)
(70051, 0.00194826)
(70101, 0.00195409)
(70151, 0.00195746)
(70201, 0.00199826)
(70251, 0.00195563)
(70301, 0.00197674)
(70351, 0.00197752)
(70401, 0.00192740)
(70451, 0.00200770)
(70501, 0.00194398)
(70551, 0.00199907)
(70601, 0.00196061)
(70651, 0.00197956)
(70701, 0.00194967)
(70751, 0.00199529)
(70801, 0.00195217)
(70851, 0.00205125)
(70901, 0.00195458)
(70951, 0.00199093)
(71001, 0.00195310)
(71051, 0.00197190)
(71101, 0.00197267)
(71151, 0.00197500)
(71201, 0.00197729)
(71251, 0.00194739)
(71301, 0.00199841)
(71351, 0.00197101)
(71401, 0.00194573)
(71451, 0.00193935)
(71501, 0.00195487)
(71551, 0.00195008)
(71601, 0.00193298)
(71651, 0.00196737)
(71701, 0.00196740)
(71751, 0.00191973)
(71801, 0.00195399)
(71851, 0.00198782)
(71901, 0.00194610)
(71951, 0.00198384)
(72001, 0.00198486)
(72051, 0.00193084)
(72101, 0.00193870)
(72151, 0.00202647)
(72201, 0.00192901)
(72251, 0.00196058)
(72301, 0.00196333)
(72351, 0.00196224)
(72401, 0.00193738)
(72451, 0.00199623)
(72501, 0.00198642)
(72551, 0.00196880)
(72601, 0.00195186)
(72651, 0.00193038)
(72701, 0.00196440)
(72751, 0.00198847)
(72801, 0.00195916)
(72851, 0.00193446)
(72901, 0.00194319)
(72951, 0.00197446)
(73001, 0.00193493)
(73051, 0.00193837)
(73101, 0.00196668)
(73151, 0.00196017)
(73201, 0.00193088)
(73251, 0.00196108)
(73301, 0.00194645)
(73351, 0.00199403)
(73401, 0.00194367)
(73451, 0.00194919)
(73501, 0.00193310)
(73551, 0.00199411)
(73601, 0.00200758)
(73651, 0.00196730)
(73701, 0.00193946)
(73751, 0.00196664)
(73801, 0.00198327)
(73851, 0.00199188)
(73901, 0.00200571)
(73951, 0.00196530)
(74001, 0.00195424)
(74051, 0.00199705)
(74101, 0.00200389)
(74151, 0.00197759)
(74201, 0.00198435)
(74251, 0.00198731)
(74301, 0.00198635)
(74351, 0.00202739)
(74401, 0.00196203)
(74451, 0.00198842)
(74501, 0.00197208)
(74551, 0.00197982)
(74601, 0.00195833)
(74651, 0.00194542)
(74701, 0.00195955)
(74751, 0.00198284)
(74801, 0.00196077)
(74851, 0.00194185)
(74901, 0.00206521)
(74951, 0.00196189)
(75001, 0.00192674)
(75051, 0.00193942)
(75101, 0.00195479)
(75151, 0.00194295)
(75201, 0.00195962)
(75251, 0.00190545)
(75301, 0.00196934)
(75351, 0.00195391)
(75401, 0.00197706)
(75451, 0.00196301)
(75501, 0.00199971)
(75551, 0.00195670)
(75601, 0.00192905)
(75651, 0.00196160)
(75701, 0.00206249)
(75751, 0.00198859)
(75801, 0.00191410)
(75851, 0.00197988)
(75901, 0.00202268)
(75951, 0.00196701)
(76001, 0.00193741)
(76051, 0.00198241)
(76101, 0.00194008)
(76151, 0.00195151)
(76201, 0.00197577)
(76251, 0.00197808)
(76301, 0.00193747)
(76351, 0.00198084)
(76401, 0.00196890)
(76451, 0.00193391)
(76501, 0.00198056)
(76551, 0.00200184)
(76601, 0.00196462)
(76651, 0.00199876)
(76701, 0.00194640)
(76751, 0.00197164)
(76801, 0.00200599)
(76851, 0.00198139)
(76901, 0.00200790)
(76951, 0.00199736)
(77001, 0.00198774)
(77051, 0.00203130)
(77101, 0.00193784)
(77151, 0.00197312)
(77201, 0.00199609)
(77251, 0.00197129)
(77301, 0.00195800)
(77351, 0.00194787)
(77401, 0.00204330)
(77451, 0.00196004)
(77501, 0.00205179)
(77551, 0.00195202)
(77601, 0.00196401)
(77651, 0.00194589)
(77701, 0.00195914)
(77751, 0.00198134)
(77801, 0.00195864)
(77851, 0.00197992)
(77901, 0.00202230)
(77951, 0.00194541)
(78001, 0.00198155)
(78051, 0.00193943)
(78101, 0.00196283)
(78151, 0.00194424)
(78201, 0.00195900)
(78251, 0.00194894)
(78301, 0.00196983)
(78351, 0.00199464)
(78401, 0.00196452)
(78451, 0.00197950)
(78501, 0.00200235)
(78551, 0.00197130)
(78601, 0.00194539)
(78651, 0.00197223)
(78701, 0.00204020)
(78751, 0.00197122)
(78801, 0.00195248)
(78851, 0.00196471)
(78901, 0.00200493)
(78951, 0.00194136)
(79001, 0.00195851)
(79051, 0.00196422)
(79101, 0.00193497)
(79151, 0.00200211)
(79201, 0.00194580)
(79251, 0.00198925)
(79301, 0.00194117)
(79351, 0.00206443)
(79401, 0.00200486)
(79451, 0.00194234)
(79501, 0.00193694)
(79551, 0.00198081)
(79601, 0.00201067)
(79651, 0.00194596)
(79701, 0.00200417)
(79751, 0.00197524)
(79801, 0.00204310)
(79851, 0.00195578)
(79901, 0.00194430)
(79951, 0.00194572)
(80001, 0.00196148)
(80051, 0.00194588)
(80101, 0.00198064)
(80151, 0.00195959)
(80201, 0.00197574)
(80251, 0.00198277)
(80301, 0.00201580)
(80351, 0.00194767)
(80401, 0.00197569)
(80451, 0.00195817)
(80501, 0.00198589)
(80551, 0.00199136)
(80601, 0.00207154)
(80651, 0.00199037)
(80701, 0.00194427)
(80751, 0.00193466)
(80801, 0.00195448)
(80851, 0.00193857)
(80901, 0.00194360)
(80951, 0.00201053)
(81001, 0.00197874)
(81051, 0.00197411)
(81101, 0.00196334)
(81151, 0.00197824)
(81201, 0.00198376)
(81251, 0.00196554)
(81301, 0.00198304)
(81351, 0.00198207)
(81401, 0.00200633)
(81451, 0.00194777)
(81501, 0.00194773)
(81551, 0.00199091)
(81601, 0.00198673)
(81651, 0.00195681)
(81701, 0.00200053)
(81751, 0.00196703)
(81801, 0.00198870)
(81851, 0.00196297)
(81901, 0.00193370)
(81951, 0.00197609)
(82001, 0.00196315)
(82051, 0.00195373)
(82101, 0.00197520)
(82151, 0.00192970)
(82201, 0.00195141)
(82251, 0.00192271)
(82301, 0.00196959)
(82351, 0.00194464)
(82401, 0.00197515)
(82451, 0.00199497)
(82501, 0.00196401)
(82551, 0.00202681)
(82601, 0.00197518)
(82651, 0.00195727)
(82701, 0.00197945)
(82751, 0.00194596)
(82801, 0.00196049)
(82851, 0.00197762)
(82901, 0.00205237)
(82951, 0.00198629)
(83001, 0.00194668)
(83051, 0.00199920)
(83101, 0.00198576)
(83151, 0.00193075)
(83201, 0.00203360)
(83251, 0.00197726)
(83301, 0.00193415)
(83351, 0.00201009)
(83401, 0.00193212)
(83451, 0.00199374)
(83501, 0.00201310)
(83551, 0.00193968)
(83601, 0.00193970)
(83651, 0.00201408)
(83701, 0.00194046)
(83751, 0.00197868)
(83801, 0.00196535)
(83851, 0.00194107)
(83901, 0.00197369)
(83951, 0.00195328)
(84001, 0.00199480)
(84051, 0.00202929)
(84101, 0.00197066)
(84151, 0.00196067)
(84201, 0.00195192)
(84251, 0.00199245)
(84301, 0.00198345)
(84351, 0.00198280)
(84401, 0.00194843)
(84451, 0.00202033)
(84501, 0.00198747)
(84551, 0.00196235)
(84601, 0.00198558)
(84651, 0.00194932)
(84701, 0.00199197)
(84751, 0.00191534)
(84801, 0.00197610)
(84851, 0.00198197)
(84901, 0.00196421)
(84951, 0.00196573)
(85001, 0.00198100)
(85051, 0.00197072)
(85101, 0.00195040)
(85151, 0.00194494)
(85201, 0.00199336)
(85251, 0.00201071)
(85301, 0.00200537)
(85351, 0.00198382)
(85401, 0.00201130)
(85451, 0.00198973)
(85501, 0.00196722)
(85551, 0.00198869)
(85601, 0.00197538)
(85651, 0.00195545)
(85701, 0.00193554)
(85751, 0.00198251)
(85801, 0.00194492)
(85851, 0.00199877)
(85901, 0.00196855)
(85951, 0.00198047)
(86001, 0.00193037)
(86051, 0.00198875)
(86101, 0.00196532)
(86151, 0.00193296)
(86201, 0.00197090)
(86251, 0.00196140)
(86301, 0.00195219)
(86351, 0.00198722)
(86401, 0.00195551)
(86451, 0.00195934)
(86501, 0.00193540)
(86551, 0.00197112)
(86601, 0.00198688)
(86651, 0.00193685)
(86701, 0.00195147)
(86751, 0.00196762)
(86801, 0.00194455)
(86851, 0.00197413)
(86901, 0.00199522)
(86951, 0.00196938)
(87001, 0.00196021)
(87051, 0.00195606)
(87101, 0.00201210)
(87151, 0.00195962)
(87201, 0.00194960)
(87251, 0.00199931)
(87301, 0.00195907)
(87351, 0.00199694)
(87401, 0.00194484)
(87451, 0.00196815)
(87501, 0.00200663)
(87551, 0.00194833)
(87601, 0.00197533)
(87651, 0.00195850)
(87701, 0.00202716)
(87751, 0.00201196)
(87801, 0.00203193)
(87851, 0.00201528)
(87901, 0.00197493)
(87951, 0.00194932)
(88001, 0.00201517)
(88051, 0.00196509)
(88101, 0.00197175)
(88151, 0.00196327)
(88201, 0.00201973)
(88251, 0.00195405)
(88301, 0.00198831)
(88351, 0.00197590)
(88401, 0.00197273)
(88451, 0.00199897)
(88501, 0.00203796)
(88551, 0.00196346)
(88601, 0.00196636)
(88651, 0.00195748)
(88701, 0.00195100)
(88751, 0.00201974)
(88801, 0.00200642)
(88851, 0.00196491)
(88901, 0.00198520)
(88951, 0.00196814)
(89001, 0.00194040)
(89051, 0.00200513)
(89101, 0.00196368)
(89151, 0.00196431)
(89201, 0.00195346)
(89251, 0.00196802)
(89301, 0.00197574)
(89351, 0.00198409)
(89401, 0.00202033)
(89451, 0.00194625)
(89501, 0.00195579)
(89551, 0.00200919)
(89601, 0.00199299)
(89651, 0.00203062)
(89701, 0.00197257)
(89751, 0.00200091)
(89801, 0.00207015)
(89851, 0.00199885)
(89901, 0.00197740)
(89951, 0.00198972)
(90001, 0.00196865)
(90051, 0.00198451)
(90101, 0.00197842)
(90151, 0.00197209)
(90201, 0.00199365)
(90251, 0.00196271)
(90301, 0.00195510)
(90351, 0.00195232)
(90401, 0.00195307)
(90451, 0.00197466)
(90501, 0.00194923)
(90551, 0.00197079)
(90601, 0.00202167)
(90651, 0.00195667)
(90701, 0.00197744)
(90751, 0.00198663)
(90801, 0.00200862)
(90851, 0.00202013)
(90901, 0.00196263)
(90951, 0.00192298)
(91001, 0.00196890)
(91051, 0.00193216)
(91101, 0.00198507)
(91151, 0.00195548)
(91201, 0.00197403)
(91251, 0.00194374)
(91301, 0.00198675)
(91351, 0.00199113)
(91401, 0.00195914)
(91451, 0.00196682)
(91501, 0.00200245)
(91551, 0.00200717)
(91601, 0.00200057)
(91651, 0.00195117)
(91701, 0.00196726)
(91751, 0.00198975)
(91801, 0.00200101)
(91851, 0.00197694)
(91901, 0.00196384)
(91951, 0.00197742)
(92001, 0.00197904)
(92051, 0.00196587)
(92101, 0.00194390)
(92151, 0.00195594)
(92201, 0.00193077)
(92251, 0.00193920)
(92301, 0.00195242)
(92351, 0.00198614)
(92401, 0.00196491)
(92451, 0.00198860)
(92501, 0.00196405)
(92551, 0.00200724)
(92601, 0.00195367)
(92651, 0.00198664)
(92701, 0.00200475)
(92751, 0.00196917)
(92801, 0.00200521)
(92851, 0.00198979)
(92901, 0.00198962)
(92951, 0.00198138)
(93001, 0.00201172)
(93051, 0.00198930)
(93101, 0.00201572)
(93151, 0.00195874)
(93201, 0.00196927)
(93251, 0.00195355)
(93301, 0.00198475)
(93351, 0.00197547)
(93401, 0.00199609)
(93451, 0.00194681)
(93501, 0.00197285)
(93551, 0.00196120)
(93601, 0.00197847)
(93651, 0.00195661)
(93701, 0.00198055)
(93751, 0.00192778)
(93801, 0.00194298)
(93851, 0.00194548)
(93901, 0.00196950)
(93951, 0.00199697)
(94001, 0.00196381)
(94051, 0.00201722)
(94101, 0.00196097)
(94151, 0.00200411)
(94201, 0.00194922)
(94251, 0.00201103)
(94301, 0.00196657)
(94351, 0.00196806)
(94401, 0.00202149)
(94451, 0.00201610)
(94501, 0.00198428)
(94551, 0.00199075)
(94601, 0.00197228)
(94651, 0.00197261)
(94701, 0.00195105)
(94751, 0.00194302)
(94801, 0.00195831)
(94851, 0.00196206)
(94901, 0.00198240)
(94951, 0.00198731)
(95001, 0.00200508)
(95051, 0.00200620)
(95101, 0.00198589)
(95151, 0.00202092)
(95201, 0.00195283)
(95251, 0.00203308)
(95301, 0.00201499)
(95351, 0.00198189)
(95401, 0.00199538)
(95451, 0.00195854)
(95501, 0.00194946)
(95551, 0.00195323)
(95601, 0.00198057)
(95651, 0.00199137)
(95701, 0.00198165)
(95751, 0.00198858)
(95801, 0.00199473)
(95851, 0.00197290)
(95901, 0.00195748)
(95951, 0.00196812)
(96001, 0.00195618)
(96051, 0.00199788)
(96101, 0.00201972)
(96151, 0.00195860)
(96201, 0.00195913)
(96251, 0.00194448)
(96301, 0.00195964)
(96351, 0.00196092)
(96401, 0.00197800)
(96451, 0.00198473)
(96501, 0.00200234)
(96551, 0.00196057)
(96601, 0.00197891)
(96651, 0.00197410)
(96701, 0.00195690)
(96751, 0.00201544)
(96801, 0.00198934)
(96851, 0.00196550)
(96901, 0.00201386)
(96951, 0.00194234)
(97001, 0.00197729)
(97051, 0.00198314)
(97101, 0.00195597)
(97151, 0.00194355)
(97201, 0.00197959)
(97251, 0.00196111)
(97301, 0.00198819)
(97351, 0.00197263)
(97401, 0.00194075)
(97451, 0.00201325)
(97501, 0.00198272)
(97551, 0.00200944)
(97601, 0.00191943)
(97651, 0.00197391)
(97701, 0.00199254)
(97751, 0.00202126)
(97801, 0.00197750)
(97851, 0.00201010)
(97901, 0.00198386)
(97951, 0.00197970)
(98001, 0.00199179)
(98051, 0.00197518)
(98101, 0.00196749)
(98151, 0.00198377)
(98201, 0.00199759)
(98251, 0.00194360)
(98301, 0.00198340)
(98351, 0.00196635)
(98401, 0.00200549)
(98451, 0.00195201)
(98501, 0.00203131)
(98551, 0.00199065)
(98601, 0.00197594)
(98651, 0.00197285)
(98701, 0.00195143)
(98751, 0.00195362)
(98801, 0.00203339)
(98851, 0.00197552)
(98901, 0.00195602)
(98951, 0.00200896)
(99001, 0.00200677)
(99051, 0.00200794)
(99101, 0.00196017)
(99151, 0.00198158)
(99201, 0.00201905)
(99251, 0.00198661)
(99301, 0.00198246)
(99351, 0.00201213)
(99401, 0.00201862)
(99451, 0.00200147)
(99501, 0.00197681)
(99551, 0.00196337)
(99601, 0.00196589)
(99651, 0.00198770)
(99701, 0.00198959)
(99751, 0.00196119)
(99801, 0.00193717)
(99851, 0.00194090)
(99901, 0.00199905)
(99951, 0.00196014)
(100001, 0.00196847)
(100051, 0.00198759)
(100101, 0.00199398)
(100151, 0.00197312)
(100201, 0.00197671)
(100251, 0.00198725)
(100301, 0.00198719)
(100351, 0.00199355)
(100401, 0.00206043)
(100451, 0.00199657)
(100501, 0.00194491)
(100551, 0.00200925)
(100601, 0.00196741)
(100651, 0.00197611)
(100701, 0.00196737)
(100751, 0.00197968)
(100801, 0.00200999)
(100851, 0.00200288)
(100901, 0.00203804)
(100951, 0.00196111)
(101001, 0.00199431)
(101051, 0.00196453)
(101101, 0.00201286)
(101151, 0.00197377)
(101201, 0.00192693)
(101251, 0.00194094)
(101301, 0.00197994)
(101351, 0.00197572)
(101401, 0.00194470)
(101451, 0.00194609)
(101501, 0.00198949)
(101551, 0.00195773)
(101601, 0.00200939)
(101651, 0.00200134)
(101701, 0.00198786)
(101751, 0.00195518)
(101801, 0.00198303)
(101851, 0.00195723)
(101901, 0.00198040)
(101951, 0.00201491)
(102001, 0.00200084)
(102051, 0.00196469)
(102101, 0.00200950)
(102151, 0.00197959)
(102201, 0.00199278)
(102251, 0.00197249)
(102301, 0.00197265)
(102351, 0.00198269)
(102401, 0.00201772)
(102451, 0.00198950)
(102501, 0.00198591)
(102551, 0.00197980)
(102601, 0.00198154)
(102651, 0.00194447)
(102701, 0.00197796)
(102751, 0.00199834)
(102801, 0.00198709)
(102851, 0.00202716)
(102901, 0.00200396)
(102951, 0.00196121)
(103001, 0.00195678)
(103051, 0.00195374)
(103101, 0.00199277)
(103151, 0.00198878)
(103201, 0.00196656)
(103251, 0.00197068)
(103301, 0.00194826)
(103351, 0.00196293)
(103401, 0.00198957)
(103451, 0.00198171)
(103501, 0.00198087)
(103551, 0.00192945)
(103601, 0.00205023)
(103651, 0.00194355)
(103701, 0.00196949)
(103751, 0.00200862)
(103801, 0.00194738)
(103851, 0.00198776)
(103901, 0.00196494)
(103951, 0.00199463)
(104001, 0.00197107)
(104051, 0.00199588)
(104101, 0.00198789)
(104151, 0.00199800)
(104201, 0.00198599)
(104251, 0.00195502)
(104301, 0.00197646)
(104351, 0.00200818)
(104401, 0.00196518)
(104451, 0.00199602)
(104501, 0.00198145)
(104551, 0.00197669)
(104601, 0.00194409)
(104651, 0.00198506)
(104701, 0.00199078)
(104751, 0.00196807)
(104801, 0.00199994)
(104851, 0.00197162)
(104901, 0.00197569)
(104951, 0.00200453)
(105001, 0.00196369)
(105051, 0.00196998)
(105101, 0.00197097)
(105151, 0.00201919)
(105201, 0.00197824)
(105251, 0.00200541)
(105301, 0.00202107)
(105351, 0.00199942)
(105401, 0.00201585)
(105451, 0.00200637)
(105501, 0.00197439)
(105551, 0.00198879)
(105601, 0.00197036)
(105651, 0.00198353)
(105701, 0.00199226)
(105751, 0.00197387)
(105801, 0.00196509)
(105851, 0.00199454)
(105901, 0.00197531)
(105951, 0.00197756)
(106001, 0.00202433)
(106051, 0.00196132)
(106101, 0.00197260)
(106151, 0.00200878)
(106201, 0.00199546)
(106251, 0.00197000)
(106301, 0.00195573)
(106351, 0.00196249)
(106401, 0.00196812)
(106451, 0.00197382)
(106501, 0.00199837)
(106551, 0.00197444)
(106601, 0.00199752)
(106651, 0.00199133)
(106701, 0.00196241)
(106751, 0.00197375)
(106801, 0.00195306)
(106851, 0.00195065)
(106901, 0.00198463)
(106951, 0.00200331)
(107001, 0.00196188)
(107051, 0.00199800)
(107101, 0.00199661)
(107151, 0.00198524)
(107201, 0.00197541)
(107251, 0.00202152)
(107301, 0.00196920)
(107351, 0.00199607)
(107401, 0.00199792)
(107451, 0.00199052)
(107501, 0.00194621)
(107551, 0.00196464)
(107601, 0.00201160)
(107651, 0.00196259)
(107701, 0.00193391)
(107751, 0.00195535)
(107801, 0.00198447)
(107851, 0.00196240)
(107901, 0.00196831)
(107951, 0.00198377)
(108001, 0.00196856)
(108051, 0.00195656)
(108101, 0.00196849)
(108151, 0.00198405)
(108201, 0.00200183)
(108251, 0.00200580)
(108301, 0.00200915)
(108351, 0.00197370)
(108401, 0.00193951)
(108451, 0.00198712)
(108501, 0.00203155)
(108551, 0.00197634)
(108601, 0.00200642)
(108651, 0.00198242)
(108701, 0.00198367)
(108751, 0.00198868)
(108801, 0.00198700)
(108851, 0.00197473)
(108901, 0.00198257)
(108951, 0.00201065)
(109001, 0.00201447)
(109051, 0.00197190)
(109101, 0.00194294)
(109151, 0.00201863)
(109201, 0.00195999)
(109251, 0.00198057)
(109301, 0.00196145)
(109351, 0.00197361)
(109401, 0.00197415)
(109451, 0.00198305)
(109501, 0.00197628)
(109551, 0.00197928)
(109601, 0.00196019)
(109651, 0.00194960)
(109701, 0.00195485)
(109751, 0.00196318)
(109801, 0.00200724)
(109851, 0.00200541)
(109901, 0.00201238)
(109951, 0.00196044)
(110001, 0.00198414)
(110051, 0.00194531)
(110101, 0.00201793)
(110151, 0.00202737)
(110201, 0.00197205)
(110251, 0.00197856)
(110301, 0.00193822)
(110351, 0.00199924)
(110401, 0.00196341)
(110451, 0.00197452)
(110501, 0.00199889)
(110551, 0.00199676)
(110601, 0.00200631)
(110651, 0.00196242)
(110701, 0.00199015)
(110751, 0.00197473)
(110801, 0.00197993)
(110851, 0.00194652)
(110901, 0.00196235)
(110951, 0.00197978)
(111001, 0.00197849)
(111051, 0.00195553)
(111101, 0.00196655)
(111151, 0.00202860)
(111201, 0.00199990)
(111251, 0.00196540)
(111301, 0.00196426)
(111351, 0.00199348)
(111401, 0.00196143)
(111451, 0.00194334)
(111501, 0.00198882)
(111551, 0.00195173)
(111601, 0.00200168)
(111651, 0.00200243)
(111701, 0.00198532)
(111751, 0.00199214)
(111801, 0.00196761)
(111851, 0.00198591)
(111901, 0.00196299)
(111951, 0.00200505)
(112001, 0.00197275)
(112051, 0.00199328)
(112101, 0.00197835)
(112151, 0.00196414)
(112201, 0.00203435)
(112251, 0.00193029)
(112301, 0.00195095)
(112351, 0.00199900)
(112401, 0.00195406)
(112451, 0.00198431)
(112501, 0.00195211)
(112551, 0.00196740)
(112601, 0.00197690)
(112651, 0.00195762)
(112701, 0.00198423)
(112751, 0.00200404)
(112801, 0.00198575)
(112851, 0.00195797)
(112901, 0.00200506)
(112951, 0.00200777)
(113001, 0.00202471)
(113051, 0.00205766)
(113101, 0.00198731)
(113151, 0.00200841)
(113201, 0.00198354)
(113251, 0.00199100)
(113301, 0.00197972)
(113351, 0.00198292)
(113401, 0.00199386)
(113451, 0.00198248)
(113501, 0.00198420)
(113551, 0.00197947)
(113601, 0.00201119)
(113651, 0.00198232)
(113701, 0.00196265)
(113751, 0.00198156)
(113801, 0.00200884)
(113851, 0.00204028)
(113901, 0.00198175)
(113951, 0.00196480)
(114001, 0.00196014)
(114051, 0.00199083)
(114101, 0.00196159)
(114151, 0.00197383)
(114201, 0.00198461)
(114251, 0.00196785)
(114301, 0.00198562)
(114351, 0.00196001)
(114401, 0.00201875)
(114451, 0.00197913)
(114501, 0.00194661)
(114551, 0.00205703)
(114601, 0.00197941)
(114651, 0.00194624)
(114701, 0.00204223)
(114751, 0.00198845)
(114801, 0.00197031)
(114851, 0.00197766)
(114901, 0.00197003)
(114951, 0.00196190)
(115001, 0.00198373)
(115051, 0.00204689)
(115101, 0.00198023)
(115151, 0.00204083)
(115201, 0.00198425)
(115251, 0.00197755)
(115301, 0.00197649)
(115351, 0.00198335)
(115401, 0.00198146)
(115451, 0.00200152)
(115501, 0.00199527)
(115551, 0.00196857)
(115601, 0.00199680)
(115651, 0.00199902)
(115701, 0.00198446)
(115751, 0.00201252)
(115801, 0.00202301)
(115851, 0.00198447)
(115901, 0.00197542)
(115951, 0.00198957)
(116001, 0.00200905)
(116051, 0.00197931)
(116101, 0.00198876)
(116151, 0.00203682)
(116201, 0.00198134)
(116251, 0.00197767)
(116301, 0.00200204)
(116351, 0.00195774)
(116401, 0.00203220)
(116451, 0.00197548)
(116501, 0.00200023)
(116551, 0.00196398)
(116601, 0.00195172)
(116651, 0.00198445)
(116701, 0.00201685)
(116751, 0.00199555)
(116801, 0.00193453)
(116851, 0.00200827)
(116901, 0.00198594)
(116951, 0.00203220)
(117001, 0.00197932)
(117051, 0.00196829)
(117101, 0.00201405)
(117151, 0.00197342)
(117201, 0.00200004)
(117251, 0.00200408)
(117301, 0.00197951)
(117351, 0.00194766)
(117401, 0.00203005)
(117451, 0.00198416)
(117501, 0.00199546)
(117551, 0.00198144)
(117601, 0.00201739)
(117651, 0.00198096)
(117701, 0.00198177)
(117751, 0.00194636)
(117801, 0.00198946)
(117851, 0.00197336)
(117901, 0.00202866)
(117951, 0.00198895)
(118001, 0.00199527)
(118051, 0.00197914)
(118101, 0.00199489)
(118151, 0.00199481)
(118201, 0.00202287)
(118251, 0.00197871)
(118301, 0.00198418)
(118351, 0.00200466)
(118401, 0.00203623)
(118451, 0.00198956)
(118501, 0.00197185)
(118551, 0.00195895)
(118601, 0.00198253)
(118651, 0.00196189)
(118701, 0.00200192)
(118751, 0.00197083)
(118801, 0.00202000)
(118851, 0.00204172)
(118901, 0.00195165)
(118951, 0.00198849)
(119001, 0.00197172)
(119051, 0.00203935)
(119101, 0.00200217)
(119151, 0.00201856)
(119201, 0.00201099)
(119251, 0.00199787)
(119301, 0.00197521)
(119351, 0.00195993)
(119401, 0.00197236)
(119451, 0.00199422)
(119501, 0.00198729)
(119551, 0.00203710)
(119601, 0.00199854)
(119651, 0.00198627)
(119701, 0.00197442)
(119751, 0.00199932)
(119801, 0.00203466)
(119851, 0.00196570)
(119901, 0.00200587)
(119951, 0.00200736)
(120001, 0.00198708)
(120051, 0.00202108)
(120101, 0.00195920)
(120151, 0.00198843)
(120201, 0.00196598)
(120251, 0.00198826)
(120301, 0.00200499)
(120351, 0.00197333)
(120401, 0.00197574)
(120451, 0.00205662)
(120501, 0.00199041)
(120551, 0.00197714)
(120601, 0.00199966)
(120651, 0.00199396)
(120701, 0.00198763)
(120751, 0.00198920)
(120801, 0.00198406)
(120851, 0.00199110)
(120901, 0.00199738)
(120951, 0.00196903)
(121001, 0.00198786)
(121051, 0.00195969)
(121101, 0.00198480)
(121151, 0.00197879)
(121201, 0.00199033)
(121251, 0.00201087)
(121301, 0.00195844)
(121351, 0.00197866)
(121401, 0.00195538)
(121451, 0.00201983)
(121501, 0.00194934)
(121551, 0.00197360)
(121601, 0.00201051)
(121651, 0.00197885)
(121701, 0.00195971)
(121751, 0.00198733)
(121801, 0.00200247)
(121851, 0.00201106)
(121901, 0.00203847)
(121951, 0.00198657)
(122001, 0.00196177)
(122051, 0.00198032)
(122101, 0.00198255)
(122151, 0.00198488)
(122201, 0.00198904)
(122251, 0.00198297)
(122301, 0.00197263)
(122351, 0.00203168)
(122401, 0.00202683)
(122451, 0.00197843)
(122501, 0.00200770)
(122551, 0.00199129)
(122601, 0.00199523)
(122651, 0.00197858)
(122701, 0.00199117)
(122751, 0.00200656)
(122801, 0.00199884)
(122851, 0.00198875)
(122901, 0.00197162)
(122951, 0.00198910)
(123001, 0.00196860)
(123051, 0.00195688)
(123101, 0.00199108)
(123151, 0.00197115)
(123201, 0.00201078)
(123251, 0.00200911)
(123301, 0.00198235)
(123351, 0.00201569)
(123401, 0.00202166)
(123451, 0.00197117)
(123501, 0.00196742)
(123551, 0.00200660)
(123601, 0.00195590)
(123651, 0.00198766)
(123701, 0.00196181)
(123751, 0.00197955)
(123801, 0.00197407)
(123851, 0.00198404)
(123901, 0.00196808)
(123951, 0.00198994)
(124001, 0.00203168)
(124051, 0.00197661)
(124101, 0.00200096)
(124151, 0.00198454)
(124201, 0.00198794)
(124251, 0.00199017)
(124301, 0.00199695)
(124351, 0.00198432)
(124401, 0.00199102)
(124451, 0.00199057)
(124501, 0.00199143)
(124551, 0.00201092)
(124601, 0.00207109)
(124651, 0.00198707)
(124701, 0.00197844)
(124751, 0.00200526)
(124801, 0.00198532)
(124851, 0.00202282)
(124901, 0.00200886)
(124951, 0.00197804)
