(1, 0.51467639)
(51, 0.11131718)
(101, 0.09175245)
(151, 0.07963371)
(201, 0.07316992)
(251, 0.06344210)
(301, 0.05982573)
(351, 0.05347413)
(401, 0.05065040)
(451, 0.04600719)
(501, 0.04615540)
(551, 0.04365053)
(601, 0.04205367)
(651, 0.03899533)
(701, 0.03875310)
(751, 0.03643738)
(801, 0.04114456)
(851, 0.03443266)
(901, 0.03482151)
(951, 0.03366168)
(1001, 0.03439265)
(1051, 0.03458460)
(1101, 0.03332216)
(1151, 0.03373885)
(1201, 0.02962539)
(1251, 0.03085259)
(1301, 0.03170300)
(1351, 0.02927323)
(1401, 0.03302914)
(1451, 0.02850677)
(1501, 0.03008838)
(1551, 0.02847512)
(1601, 0.02550625)
(1651, 0.02693292)
(1701, 0.02775986)
(1751, 0.02629914)
(1801, 0.02650622)
(1851, 0.02418658)
(1901, 0.02369043)
(1951, 0.02726302)
(2001, 0.02445821)
(2051, 0.02486858)
(2101, 0.02460522)
(2151, 0.02631527)
(2201, 0.02422355)
(2251, 0.02551948)
(2301, 0.02400497)
(2351, 0.02397147)
(2401, 0.02318621)
(2451, 0.02487817)
(2501, 0.02130491)
(2551, 0.02097083)
(2601, 0.02261448)
(2651, 0.02204684)
(2701, 0.02349415)
(2751, 0.02240391)
(2801, 0.02226464)
(2851, 0.02313844)
(2901, 0.02287810)
(2951, 0.02160047)
(3001, 0.02066474)
(3051, 0.02032440)
(3101, 0.02026485)
(3151, 0.02146318)
(3201, 0.02072951)
(3251, 0.02249057)
(3301, 0.02252302)
(3351, 0.02355168)
(3401, 0.02468055)
(3451, 0.02000098)
(3501, 0.02172480)
(3551, 0.02069653)
(3601, 0.02171452)
(3651, 0.02017466)
(3701, 0.01985731)
(3751, 0.01932447)
(3801, 0.01985713)
(3851, 0.01893017)
(3901, 0.01906933)
(3951, 0.02079129)
(4001, 0.01924873)
(4051, 0.01934644)
(4101, 0.02027606)
(4151, 0.01769502)
(4201, 0.01921311)
(4251, 0.01737594)
(4301, 0.01637743)
(4351, 0.01821617)
(4401, 0.02005492)
(4451, 0.01646199)
(4501, 0.01646484)
(4551, 0.01777584)
(4601, 0.01838039)
(4651, 0.01804804)
(4701, 0.01753855)
(4751, 0.01630486)
(4801, 0.01771612)
(4851, 0.01924664)
(4901, 0.01653485)
(4951, 0.01772637)
(5001, 0.01728019)
(5051, 0.01750661)
(5101, 0.01840174)
(5151, 0.01846891)
(5201, 0.01598376)
(5251, 0.01787404)
(5301, 0.01496427)
(5351, 0.01551207)
(5401, 0.01710600)
(5451, 0.01735783)
(5501, 0.01774627)
(5551, 0.01671529)
(5601, 0.01773181)
(5651, 0.01734112)
(5701, 0.01586096)
(5751, 0.01826026)
(5801, 0.01415464)
(5851, 0.01619778)
(5901, 0.01644598)
(5951, 0.01650385)
(6001, 0.01523191)
(6051, 0.01637487)
(6101, 0.01544913)
(6151, 0.01739956)
(6201, 0.01539322)
(6251, 0.01594429)
(6301, 0.01616247)
(6351, 0.01510708)
(6401, 0.01533845)
(6451, 0.01349408)
(6501, 0.01537446)
(6551, 0.01509928)
(6601, 0.01501270)
(6651, 0.01503862)
(6701, 0.01658746)
(6751, 0.01418245)
(6801, 0.01412100)
(6851, 0.01575433)
(6901, 0.01553287)
(6951, 0.01534229)
(7001, 0.01518929)
(7051, 0.01725876)
(7101, 0.01352786)
(7151, 0.01429991)
(7201, 0.01646195)
(7251, 0.01577696)
(7301, 0.01570085)
(7351, 0.01503774)
(7401, 0.01416276)
(7451, 0.01404967)
(7501, 0.01508537)
(7551, 0.01370419)
(7601, 0.01545366)
(7651, 0.01385458)
(7701, 0.01409292)
(7751, 0.01400652)
(7801, 0.01521558)
(7851, 0.01345771)
(7901, 0.01348672)
(7951, 0.01297176)
(8001, 0.01446172)
(8051, 0.01257204)
(8101, 0.01347810)
(8151, 0.01636351)
(8201, 0.01436571)
(8251, 0.01472967)
(8301, 0.01397581)
(8351, 0.01320412)
(8401, 0.01370529)
(8451, 0.01348525)
(8501, 0.01426537)
(8551, 0.01568717)
(8601, 0.01409987)
(8651, 0.01379944)
(8701, 0.01404993)
(8751, 0.01243113)
(8801, 0.01254005)
(8851, 0.01296488)
(8901, 0.01372974)
(8951, 0.01491334)
(9001, 0.01359602)
(9051, 0.01282766)
(9101, 0.01302002)
(9151, 0.01263811)
(9201, 0.01358069)
(9251, 0.01214548)
(9301, 0.01195428)
(9351, 0.01407960)
(9401, 0.01301497)
(9451, 0.01318549)
(9501, 0.01282737)
(9551, 0.01389660)
(9601, 0.01350105)
(9651, 0.01226004)
(9701, 0.01274933)
(9751, 0.01268911)
(9801, 0.01399593)
(9851, 0.01221609)
(9901, 0.01273094)
(9951, 0.01425638)
(10001, 0.01174472)
(10051, 0.01310913)
(10101, 0.01402012)
(10151, 0.01233056)
(10201, 0.01273436)
(10251, 0.01194181)
(10301, 0.01277355)
(10351, 0.01231550)
(10401, 0.01267880)
(10451, 0.01401786)
(10501, 0.01199450)
(10551, 0.01286026)
(10601, 0.01206365)
(10651, 0.01242257)
(10701, 0.01141225)
(10751, 0.01273221)
(10801, 0.01287502)
(10851, 0.01311526)
(10901, 0.01187127)
(10951, 0.01233650)
(11001, 0.01187137)
(11051, 0.01196239)
(11101, 0.01171371)
(11151, 0.01236405)
(11201, 0.01178152)
(11251, 0.01275230)
(11301, 0.01211668)
(11351, 0.01226223)
(11401, 0.01354226)
(11451, 0.01104229)
(11501, 0.01209708)
(11551, 0.01232493)
(11601, 0.01326829)
(11651, 0.01150301)
(11701, 0.01165221)
(11751, 0.01230280)
(11801, 0.01201163)
(11851, 0.01196223)
(11901, 0.01299398)
(11951, 0.01194680)
(12001, 0.01157734)
(12051, 0.01289198)
(12101, 0.01052677)
(12151, 0.01274251)
(12201, 0.01113250)
(12251, 0.01229603)
(12301, 0.01281106)
(12351, 0.01105629)
(12401, 0.01145108)
(12451, 0.01319957)
(12501, 0.01199315)
(12551, 0.01081036)
(12601, 0.01133236)
(12651, 0.01093446)
(12701, 0.01093763)
(12751, 0.01131218)
(12801, 0.01228132)
(12851, 0.01110364)
(12901, 0.01136315)
(12951, 0.01149512)
(13001, 0.01305672)
(13051, 0.01364841)
(13101, 0.01050646)
(13151, 0.01150454)
(13201, 0.01016229)
(13251, 0.01027924)
(13301, 0.01060312)
(13351, 0.01094505)
(13401, 0.01095433)
(13451, 0.01164426)
(13501, 0.00995027)
(13551, 0.01111647)
(13601, 0.01209398)
(13651, 0.01082130)
(13701, 0.01092533)
(13751, 0.01149471)
(13801, 0.01102862)
(13851, 0.01058263)
(13901, 0.01197361)
(13951, 0.01132665)
(14001, 0.01117567)
(14051, 0.01233103)
(14101, 0.01169292)
(14151, 0.01086938)
(14201, 0.01060284)
(14251, 0.01133582)
(14301, 0.01020711)
(14351, 0.01010939)
(14401, 0.01005669)
(14451, 0.00964598)
(14501, 0.01112638)
(14551, 0.01044473)
(14601, 0.01034661)
(14651, 0.01084797)
(14701, 0.01022671)
(14751, 0.01116327)
(14801, 0.01035087)
(14851, 0.01009933)
(14901, 0.01052495)
(14951, 0.01101184)
(15001, 0.01210055)
(15051, 0.01035753)
(15101, 0.01001122)
(15151, 0.01005129)
(15201, 0.01029937)
(15251, 0.01048124)
(15301, 0.01003708)
(15351, 0.01007434)
(15401, 0.01053151)
(15451, 0.01124363)
(15501, 0.00978887)
(15551, 0.01193203)
(15601, 0.01199024)
(15651, 0.01003340)
(15701, 0.00943797)
(15751, 0.01063128)
(15801, 0.00976063)
(15851, 0.01026016)
(15901, 0.01110122)
(15951, 0.01065134)
(16001, 0.01023202)
(16051, 0.00992756)
(16101, 0.01012255)
(16151, 0.01013667)
(16201, 0.00984092)
(16251, 0.01033904)
(16301, 0.01137890)
(16351, 0.00994211)
(16401, 0.01020177)
(16451, 0.01035137)
(16501, 0.01153927)
(16551, 0.01010658)
(16601, 0.01009329)
(16651, 0.00957022)
(16701, 0.01034707)
(16751, 0.00995991)
(16801, 0.01005701)
(16851, 0.00951903)
(16901, 0.00975478)
(16951, 0.00960807)
(17001, 0.01020765)
(17051, 0.00955254)
(17101, 0.00963398)
(17151, 0.01021898)
(17201, 0.01021858)
(17251, 0.01143546)
(17301, 0.01083697)
(17351, 0.01097921)
(17401, 0.01004500)
(17451, 0.00970408)
(17501, 0.01059676)
(17551, 0.01041233)
(17601, 0.00970865)
(17651, 0.00919999)
(17701, 0.01010389)
(17751, 0.00896844)
(17801, 0.01034489)
(17851, 0.00980731)
(17901, 0.00944169)
(17951, 0.01069953)
(18001, 0.00977748)
(18051, 0.00957644)
(18101, 0.00940346)
(18151, 0.00884118)
(18201, 0.00964405)
(18251, 0.01001507)
(18301, 0.00983923)
(18351, 0.01085059)
(18401, 0.00982110)
(18451, 0.00869966)
(18501, 0.01017726)
(18551, 0.01095378)
(18601, 0.01080504)
(18651, 0.01096104)
(18701, 0.00915811)
(18751, 0.00895228)
(18801, 0.00908731)
(18851, 0.00906771)
(18901, 0.00970296)
(18951, 0.00893294)
(19001, 0.00979981)
(19051, 0.00987505)
(19101, 0.00956248)
(19151, 0.00891413)
(19201, 0.00912027)
(19251, 0.00909878)
(19301, 0.00936552)
(19351, 0.00906274)
(19401, 0.00922632)
(19451, 0.00962376)
(19501, 0.00876479)
(19551, 0.00959214)
(19601, 0.00981596)
(19651, 0.00914840)
(19701, 0.00943051)
(19751, 0.00953253)
(19801, 0.00972487)
(19851, 0.00932299)
(19901, 0.00941394)
(19951, 0.00984075)
(20001, 0.00917643)
(20051, 0.00976325)
(20101, 0.00967915)
(20151, 0.00824771)
(20201, 0.00897774)
(20251, 0.00917280)
(20301, 0.00874482)
(20351, 0.00981561)
(20401, 0.00909471)
(20451, 0.01032588)
(20501, 0.00947046)
(20551, 0.00965584)
(20601, 0.00941671)
(20651, 0.00874984)
(20701, 0.00859289)
(20751, 0.00918603)
(20801, 0.00925435)
(20851, 0.00982764)
(20901, 0.00892289)
(20951, 0.00877333)
(21001, 0.00898612)
(21051, 0.00953857)
(21101, 0.00941166)
(21151, 0.00886842)
(21201, 0.00951951)
(21251, 0.01040814)
(21301, 0.00952952)
(21351, 0.00878174)
(21401, 0.00970422)
(21451, 0.00911498)
(21501, 0.01034968)
(21551, 0.00899075)
(21601, 0.00866674)
(21651, 0.00901704)
(21701, 0.00900835)
(21751, 0.00975406)
(21801, 0.01000188)
(21851, 0.00922441)
(21901, 0.00857867)
(21951, 0.00867509)
(22001, 0.00904787)
(22051, 0.00849935)
(22101, 0.00957923)
(22151, 0.00881764)
(22201, 0.00858475)
(22251, 0.01001976)
(22301, 0.00855086)
(22351, 0.00866753)
(22401, 0.00878932)
(22451, 0.00850264)
(22501, 0.00955009)
(22551, 0.00900473)
(22601, 0.00825252)
(22651, 0.00852008)
(22701, 0.00868734)
(22751, 0.00897812)
(22801, 0.00945400)
(22851, 0.00863915)
(22901, 0.00912939)
(22951, 0.00916801)
(23001, 0.01052691)
(23051, 0.00807938)
(23101, 0.00780455)
(23151, 0.00904659)
(23201, 0.00902117)
(23251, 0.00889277)
(23301, 0.00881811)
(23351, 0.00851588)
(23401, 0.00893329)
(23451, 0.00805784)
(23501, 0.00858446)
(23551, 0.00860727)
(23601, 0.00902083)
(23651, 0.00820812)
(23701, 0.00898924)
(23751, 0.00872976)
(23801, 0.00901869)
(23851, 0.00892352)
(23901, 0.01030095)
(23951, 0.00807877)
(24001, 0.00917856)
(24051, 0.00913605)
(24101, 0.00889622)
(24151, 0.00971296)
(24201, 0.00850102)
(24251, 0.00917630)
(24301, 0.00880866)
(24351, 0.00835040)
(24401, 0.00804215)
(24451, 0.00896745)
(24501, 0.00901329)
(24551, 0.00856587)
(24601, 0.00832117)
(24651, 0.00822863)
(24701, 0.00810619)
(24751, 0.00902589)
(24801, 0.00930425)
(24851, 0.00842460)
(24901, 0.00954716)
(24951, 0.00824521)
(25001, 0.00812482)
(25051, 0.00824328)
(25101, 0.00863587)
(25151, 0.00843214)
(25201, 0.00786354)
(25251, 0.00835786)
(25301, 0.00827939)
(25351, 0.00796322)
(25401, 0.00832730)
(25451, 0.00874337)
(25501, 0.00799697)
(25551, 0.00832322)
(25601, 0.00823564)
(25651, 0.00910566)
(25701, 0.00886187)
(25751, 0.00788874)
(25801, 0.00829011)
(25851, 0.00864044)
(25901, 0.00873704)
(25951, 0.00809667)
(26001, 0.00859597)
(26051, 0.00825745)
(26101, 0.00796100)
(26151, 0.00942646)
(26201, 0.00805697)
(26251, 0.00836617)
(26301, 0.00767912)
(26351, 0.00809710)
(26401, 0.00809967)
(26451, 0.00785551)
(26501, 0.00854227)
(26551, 0.00860562)
(26601, 0.00829392)
(26651, 0.00847057)
(26701, 0.00793325)
(26751, 0.00787972)
(26801, 0.00933781)
(26851, 0.00882057)
(26901, 0.00781647)
(26951, 0.00897776)
(27001, 0.00835295)
(27051, 0.00848652)
(27101, 0.00906263)
(27151, 0.00791207)
(27201, 0.00876137)
(27251, 0.00804347)
(27301, 0.00816519)
(27351, 0.00842445)
(27401, 0.00944791)
(27451, 0.00776194)
(27501, 0.00831157)
(27551, 0.00845537)
(27601, 0.00855645)
(27651, 0.00822054)
(27701, 0.00810399)
(27751, 0.00770721)
(27801, 0.00819663)
(27851, 0.00818726)
(27901, 0.00796471)
(27951, 0.00747397)
(28001, 0.00781946)
(28051, 0.00811941)
(28101, 0.00776163)
(28151, 0.00769716)
(28201, 0.00866627)
(28251, 0.00785441)
(28301, 0.00789472)
(28351, 0.00790581)
(28401, 0.00764065)
(28451, 0.00789084)
(28501, 0.00815688)
(28551, 0.00819562)
(28601, 0.00766430)
(28651, 0.00848515)
(28701, 0.00773974)
(28751, 0.00770163)
(28801, 0.00848133)
(28851, 0.00749395)
(28901, 0.00766423)
(28951, 0.00811761)
(29001, 0.00871064)
(29051, 0.00882893)
(29101, 0.00847172)
(29151, 0.00773424)
(29201, 0.00828373)
(29251, 0.00837567)
(29301, 0.00809628)
(29351, 0.00794455)
(29401, 0.00837622)
(29451, 0.00824062)
(29501, 0.00742347)
(29551, 0.00817671)
(29601, 0.00792821)
(29651, 0.00830712)
(29701, 0.00823244)
(29751, 0.00787116)
(29801, 0.00745313)
(29851, 0.00831663)
(29901, 0.00838159)
(29951, 0.00824794)
(30001, 0.00786832)
(30051, 0.00786797)
(30101, 0.00850254)
(30151, 0.00727587)
(30201, 0.00849701)
(30251, 0.00812543)
(30301, 0.00764369)
(30351, 0.00821921)
(30401, 0.00899214)
(30451, 0.00800397)
(30501, 0.00823308)
(30551, 0.00791370)
(30601, 0.00806097)
(30651, 0.00740068)
(30701, 0.00845147)
(30751, 0.00808712)
(30801, 0.00782778)
(30851, 0.00728730)
(30901, 0.00773692)
(30951, 0.00717082)
(31001, 0.00750518)
(31051, 0.00777692)
(31101, 0.00795423)
(31151, 0.00800359)
(31201, 0.00849587)
(31251, 0.00757104)
(31301, 0.00710659)
(31351, 0.00785577)
(31401, 0.00789958)
(31451, 0.00779945)
(31501, 0.00736524)
(31551, 0.00770850)
(31601, 0.00845374)
(31651, 0.00803171)
(31701, 0.00857268)
(31751, 0.00955277)
(31801, 0.00783720)
(31851, 0.00761134)
(31901, 0.00802989)
(31951, 0.00747327)
(32001, 0.00784142)
(32051, 0.00723798)
(32101, 0.00869321)
(32151, 0.00764770)
(32201, 0.00769953)
(32251, 0.00808460)
(32301, 0.00783142)
(32351, 0.00792808)
(32401, 0.00854146)
(32451, 0.00725224)
(32501, 0.00784941)
(32551, 0.00793169)
(32601, 0.00755590)
(32651, 0.00761830)
(32701, 0.00740142)
(32751, 0.00749085)
(32801, 0.00784157)
(32851, 0.00739046)
(32901, 0.00809058)
(32951, 0.00692745)
(33001, 0.00812684)
(33051, 0.00697933)
(33101, 0.00722544)
(33151, 0.00722901)
(33201, 0.00717015)
(33251, 0.00737139)
(33301, 0.00745186)
(33351, 0.00797092)
(33401, 0.00752690)
(33451, 0.00800964)
(33501, 0.00720021)
(33551, 0.00770238)
(33601, 0.00769439)
(33651, 0.00697964)
(33701, 0.00705156)
(33751, 0.00806210)
(33801, 0.00668734)
(33851, 0.00740635)
(33901, 0.00706373)
(33951, 0.00712885)
(34001, 0.00761458)
(34051, 0.00714955)
(34101, 0.00752671)
(34151, 0.00704059)
(34201, 0.00736707)
(34251, 0.00744321)
(34301, 0.00841341)
(34351, 0.00777637)
(34401, 0.00755729)
(34451, 0.00769452)
(34501, 0.00801802)
(34551, 0.00807047)
(34601, 0.00821268)
(34651, 0.00729736)
(34701, 0.00727031)
(34751, 0.00767395)
(34801, 0.00741984)
(34851, 0.00775179)
(34901, 0.00755888)
(34951, 0.00710719)
(35001, 0.00767769)
(35051, 0.00791255)
(35101, 0.00725542)
(35151, 0.00785515)
(35201, 0.00740105)
(35251, 0.00760062)
(35301, 0.00729465)
(35351, 0.00699115)
(35401, 0.00755457)
(35451, 0.00818637)
(35501, 0.00770101)
(35551, 0.00696390)
(35601, 0.00753617)
(35651, 0.00739485)
(35701, 0.00740006)
(35751, 0.00783154)
(35801, 0.00696838)
(35851, 0.00678150)
(35901, 0.00721853)
(35951, 0.00741107)
(36001, 0.00722963)
(36051, 0.00699713)
(36101, 0.00789369)
(36151, 0.00739725)
(36201, 0.00697413)
(36251, 0.00752937)
(36301, 0.00804415)
(36351, 0.00676625)
(36401, 0.00736943)
(36451, 0.00700949)
(36501, 0.00733617)
(36551, 0.00675499)
(36601, 0.00687766)
(36651, 0.00719557)
(36701, 0.00802757)
(36751, 0.00745700)
(36801, 0.00703272)
(36851, 0.00729156)
(36901, 0.00776032)
(36951, 0.00733913)
(37001, 0.00718676)
(37051, 0.00745921)
(37101, 0.00751113)
(37151, 0.00742669)
(37201, 0.00752435)
(37251, 0.00762681)
(37301, 0.00793640)
(37351, 0.00731702)
(37401, 0.00735190)
(37451, 0.00772926)
(37501, 0.00699124)
(37551, 0.00759787)
(37601, 0.00664311)
(37651, 0.00738104)
(37701, 0.00679964)
(37751, 0.00767734)
(37801, 0.00728088)
(37851, 0.00771597)
(37901, 0.00734895)
(37951, 0.00681794)
(38001, 0.00699416)
(38051, 0.00764903)
(38101, 0.00718824)
(38151, 0.00822212)
(38201, 0.00658214)
(38251, 0.00713179)
(38301, 0.00742533)
(38351, 0.00720743)
(38401, 0.00692902)
(38451, 0.00717558)
(38501, 0.00757018)
(38551, 0.00681348)
(38601, 0.00725428)
(38651, 0.00666894)
(38701, 0.00715305)
(38751, 0.00747556)
(38801, 0.00725814)
(38851, 0.00727898)
(38901, 0.00680980)
(38951, 0.00767565)
(39001, 0.00698653)
(39051, 0.00692453)
(39101, 0.00777776)
(39151, 0.00754120)
(39201, 0.00726086)
(39251, 0.00731534)
(39301, 0.00679221)
(39351, 0.00700613)
(39401, 0.00769238)
(39451, 0.00722032)
(39501, 0.00751284)
(39551, 0.00679927)
(39601, 0.00694406)
(39651, 0.00714738)
(39701, 0.00782257)
(39751, 0.00677688)
(39801, 0.00663096)
(39851, 0.00720375)
(39901, 0.00695941)
(39951, 0.00707836)
(40001, 0.00650313)
(40051, 0.00755958)
(40101, 0.00663424)
(40151, 0.00734187)
(40201, 0.00757698)
(40251, 0.00681676)
(40301, 0.00709213)
(40351, 0.00709874)
(40401, 0.00712897)
(40451, 0.00666983)
(40501, 0.00749691)
(40551, 0.00681700)
(40601, 0.00718167)
(40651, 0.00782375)
(40701, 0.00689792)
(40751, 0.00728033)
(40801, 0.00712688)
(40851, 0.00735447)
(40901, 0.00749272)
(40951, 0.00698426)
(41001, 0.00680906)
(41051, 0.00648548)
(41101, 0.00750144)
(41151, 0.00709379)
(41201, 0.00765572)
(41251, 0.00751222)
(41301, 0.00655681)
(41351, 0.00671294)
(41401, 0.00689992)
(41451, 0.00646375)
(41501, 0.00661123)
(41551, 0.00727075)
(41601, 0.00740154)
(41651, 0.00652816)
(41701, 0.00711964)
(41751, 0.00707049)
(41801, 0.00684853)
(41851, 0.00753762)
(41901, 0.00780952)
(41951, 0.00693707)
(42001, 0.00762173)
(42051, 0.00692330)
(42101, 0.00738934)
(42151, 0.00731949)
(42201, 0.00716301)
(42251, 0.00742274)
(42301, 0.00719645)
(42351, 0.00719287)
(42401, 0.00654880)
(42451, 0.00675766)
(42501, 0.00713130)
(42551, 0.00729280)
(42601, 0.00640944)
(42651, 0.00662981)
(42701, 0.00628871)
(42751, 0.00664170)
(42801, 0.00763444)
(42851, 0.00684882)
(42901, 0.00743830)
(42951, 0.00735519)
(43001, 0.00733453)
(43051, 0.00716265)
(43101, 0.00671513)
(43151, 0.00692819)
(43201, 0.00764611)
(43251, 0.00721788)
(43301, 0.00665756)
(43351, 0.00878662)
(43401, 0.00703769)
(43451, 0.00657684)
(43501, 0.00668206)
(43551, 0.00647817)
(43601, 0.00725530)
(43651, 0.00673588)
(43701, 0.00633454)
(43751, 0.00769380)
(43801, 0.00700141)
(43851, 0.00707459)
(43901, 0.00684114)
(43951, 0.00823138)
(44001, 0.00673709)
(44051, 0.00700664)
(44101, 0.00654940)
(44151, 0.00644677)
(44201, 0.00702441)
(44251, 0.00693470)
(44301, 0.00711494)
(44351, 0.00640836)
(44401, 0.00700267)
(44451, 0.00665932)
(44501, 0.00661204)
(44551, 0.00699928)
(44601, 0.00701031)
(44651, 0.00680327)
(44701, 0.00693292)
(44751, 0.00654288)
(44801, 0.00636717)
(44851, 0.00633321)
(44901, 0.00719052)
(44951, 0.00643224)
(45001, 0.00682255)
(45051, 0.00698398)
(45101, 0.00669964)
(45151, 0.00686228)
(45201, 0.00681342)
(45251, 0.00704814)
(45301, 0.00709545)
(45351, 0.00653673)
(45401, 0.00696396)
(45451, 0.00750526)
(45501, 0.00727006)
(45551, 0.00679753)
(45601, 0.00681904)
(45651, 0.00706576)
(45701, 0.00686372)
(45751, 0.00612012)
(45801, 0.00653437)
(45851, 0.00637754)
(45901, 0.00699463)
(45951, 0.00647005)
(46001, 0.00677814)
(46051, 0.00686402)
(46101, 0.00731528)
(46151, 0.00705526)
(46201, 0.00687718)
(46251, 0.00665488)
(46301, 0.00717684)
(46351, 0.00641065)
(46401, 0.00712432)
(46451, 0.00630295)
(46501, 0.00688460)
(46551, 0.00698852)
(46601, 0.00623395)
(46651, 0.00665923)
(46701, 0.00630649)
(46751, 0.00641627)
(46801, 0.00618065)
(46851, 0.00701735)
(46901, 0.00640679)
(46951, 0.00675387)
(47001, 0.00673969)
(47051, 0.00713062)
(47101, 0.00764591)
(47151, 0.00702147)
(47201, 0.00681029)
(47251, 0.00742429)
(47301, 0.00676640)
(47351, 0.00703024)
(47401, 0.00706635)
(47451, 0.00690706)
(47501, 0.00700558)
(47551, 0.00722296)
(47601, 0.00681957)
(47651, 0.00656979)
(47701, 0.00622895)
(47751, 0.00714108)
(47801, 0.00636515)
(47851, 0.00718664)
(47901, 0.00659441)
(47951, 0.00656384)
(48001, 0.00651991)
(48051, 0.00670900)
(48101, 0.00669473)
(48151, 0.00696318)
(48201, 0.00646232)
(48251, 0.00652443)
(48301, 0.00670463)
(48351, 0.00691347)
(48401, 0.00709655)
(48451, 0.00676623)
(48501, 0.00609697)
(48551, 0.00681317)
(48601, 0.00634168)
(48651, 0.00676918)
(48701, 0.00620058)
(48751, 0.00608491)
(48801, 0.00657311)
(48851, 0.00663988)
(48901, 0.00625948)
(48951, 0.00659652)
(49001, 0.00635189)
(49051, 0.00641903)
(49101, 0.00656511)
(49151, 0.00651624)
(49201, 0.00641295)
(49251, 0.00668142)
(49301, 0.00685117)
(49351, 0.00737886)
(49401, 0.00605357)
(49451, 0.00640071)
(49501, 0.00740649)
(49551, 0.00658162)
(49601, 0.00662997)
(49651, 0.00690107)
(49701, 0.00621113)
(49751, 0.00697196)
(49801, 0.00752836)
(49851, 0.00645610)
(49901, 0.00709920)
(49951, 0.00702598)
(50001, 0.00694632)
(50051, 0.00656992)
(50101, 0.00641758)
(50151, 0.00662845)
(50201, 0.00691357)
(50251, 0.00631746)
(50301, 0.00681339)
(50351, 0.00682744)
(50401, 0.00655862)
(50451, 0.00660065)
(50501, 0.00640692)
(50551, 0.00682908)
(50601, 0.00670764)
(50651, 0.00660364)
(50701, 0.00666764)
(50751, 0.00660535)
(50801, 0.00630212)
(50851, 0.00703781)
(50901, 0.00643137)
(50951, 0.00659063)
(51001, 0.00638297)
(51051, 0.00595838)
(51101, 0.00645020)
(51151, 0.00663002)
(51201, 0.00686800)
(51251, 0.00660674)
(51301, 0.00614189)
(51351, 0.00752864)
(51401, 0.00642165)
(51451, 0.00666066)
(51501, 0.00621529)
(51551, 0.00642179)
(51601, 0.00661255)
(51651, 0.00657474)
(51701, 0.00618381)
(51751, 0.00660461)
(51801, 0.00663956)
(51851, 0.00608675)
(51901, 0.00690324)
(51951, 0.00667982)
(52001, 0.00653775)
(52051, 0.00640672)
(52101, 0.00629776)
(52151, 0.00627564)
(52201, 0.00630968)
(52251, 0.00649693)
(52301, 0.00628973)
(52351, 0.00666351)
(52401, 0.00630674)
(52451, 0.00590776)
(52501, 0.00618308)
(52551, 0.00657480)
(52601, 0.00636618)
(52651, 0.00641065)
(52701, 0.00714308)
(52751, 0.00650387)
(52801, 0.00671745)
(52851, 0.00623178)
(52901, 0.00629188)
(52951, 0.00691822)
(53001, 0.00671190)
(53051, 0.00659866)
(53101, 0.00679275)
(53151, 0.00683773)
(53201, 0.00655386)
(53251, 0.00609419)
(53301, 0.00630856)
(53351, 0.00677549)
(53401, 0.00645149)
(53451, 0.00634674)
(53501, 0.00596399)
(53551, 0.00705072)
(53601, 0.00667170)
(53651, 0.00640888)
(53701, 0.00660351)
(53751, 0.00647167)
(53801, 0.00682168)
(53851, 0.00650993)
(53901, 0.00658645)
(53951, 0.00612093)
(54001, 0.00618548)
(54051, 0.00651883)
(54101, 0.00730364)
(54151, 0.00663865)
(54201, 0.00638691)
(54251, 0.00624189)
(54301, 0.00676086)
(54351, 0.00653437)
(54401, 0.00631752)
(54451, 0.00649794)
(54501, 0.00630902)
(54551, 0.00660731)
(54601, 0.00653380)
(54651, 0.00678082)
(54701, 0.00666094)
(54751, 0.00651388)
(54801, 0.00653830)
(54851, 0.00621204)
(54901, 0.00618806)
(54951, 0.00631935)
(55001, 0.00655550)
(55051, 0.00631058)
(55101, 0.00671866)
(55151, 0.00658088)
(55201, 0.00621388)
(55251, 0.00635948)
(55301, 0.00621676)
(55351, 0.00653263)
(55401, 0.00629743)
(55451, 0.00674624)
(55501, 0.00689004)
(55551, 0.00592258)
(55601, 0.00628930)
(55651, 0.00693533)
(55701, 0.00604889)
(55751, 0.00630296)
(55801, 0.00613585)
(55851, 0.00669114)
(55901, 0.00645974)
(55951, 0.00701316)
(56001, 0.00648770)
(56051, 0.00687421)
(56101, 0.00684067)
(56151, 0.00612914)
(56201, 0.00687221)
(56251, 0.00583349)
(56301, 0.00582533)
(56351, 0.00628086)
(56401, 0.00591525)
(56451, 0.00600509)
(56501, 0.00614094)
(56551, 0.00636130)
(56601, 0.00652284)
(56651, 0.00638043)
(56701, 0.00598716)
(56751, 0.00673147)
(56801, 0.00602639)
(56851, 0.00628861)
(56901, 0.00618832)
(56951, 0.00696140)
(57001, 0.00548887)
(57051, 0.00642876)
(57101, 0.00631013)
(57151, 0.00621220)
(57201, 0.00614012)
(57251, 0.00648227)
(57301, 0.00630687)
(57351, 0.00643723)
(57401, 0.00616969)
(57451, 0.00723734)
(57501, 0.00614934)
(57551, 0.00686010)
(57601, 0.00673424)
(57651, 0.00641009)
(57701, 0.00664772)
(57751, 0.00626428)
(57801, 0.00615259)
(57851, 0.00629521)
(57901, 0.00624542)
(57951, 0.00585711)
(58001, 0.00656367)
(58051, 0.00653788)
(58101, 0.00650887)
(58151, 0.00630512)
(58201, 0.00612977)
(58251, 0.00678129)
(58301, 0.00682450)
(58351, 0.00601332)
(58401, 0.00588701)
(58451, 0.00678188)
(58501, 0.00618870)
(58551, 0.00689058)
(58601, 0.00615971)
(58651, 0.00645904)
(58701, 0.00654437)
(58751, 0.00568879)
(58801, 0.00611962)
(58851, 0.00614670)
(58901, 0.00634341)
(58951, 0.00650424)
(59001, 0.00587705)
(59051, 0.00667511)
(59101, 0.00658474)
(59151, 0.00667367)
(59201, 0.00616502)
(59251, 0.00629950)
(59301, 0.00599828)
(59351, 0.00618957)
(59401, 0.00596874)
(59451, 0.00628136)
(59501, 0.00616554)
(59551, 0.00636379)
(59601, 0.00597296)
(59651, 0.00639059)
(59701, 0.00626012)
(59751, 0.00656773)
(59801, 0.00585802)
(59851, 0.00683163)
(59901, 0.00591419)
(59951, 0.00555225)
(60001, 0.00674899)
(60051, 0.00618725)
(60101, 0.00630265)
(60151, 0.00641568)
(60201, 0.00618156)
(60251, 0.00606054)
(60301, 0.00597165)
(60351, 0.00622996)
(60401, 0.00636203)
(60451, 0.00639525)
(60501, 0.00641718)
(60551, 0.00576938)
(60601, 0.00639542)
(60651, 0.00651697)
(60701, 0.00592534)
(60751, 0.00569291)
(60801, 0.00610067)
(60851, 0.00591818)
(60901, 0.00576773)
(60951, 0.00636117)
(61001, 0.00599637)
(61051, 0.00587654)
(61101, 0.00681226)
(61151, 0.00596249)
(61201, 0.00641777)
(61251, 0.00599298)
(61301, 0.00600299)
(61351, 0.00587975)
(61401, 0.00613877)
(61451, 0.00646729)
(61501, 0.00629082)
(61551, 0.00579639)
(61601, 0.00619312)
(61651, 0.00630256)
(61701, 0.00650599)
(61751, 0.00631328)
(61801, 0.00582042)
(61851, 0.00626674)
(61901, 0.00644992)
(61951, 0.00613420)
(62001, 0.00641820)
(62051, 0.00561296)
(62101, 0.00600378)
(62151, 0.00595289)
(62201, 0.00648852)
(62251, 0.00563694)
(62301, 0.00647901)
(62351, 0.00591514)
(62401, 0.00617005)
(62451, 0.00571964)
(62501, 0.00569697)
(62551, 0.00548120)
(62601, 0.00612210)
(62651, 0.00592484)
(62701, 0.00625292)
(62751, 0.00601247)
(62801, 0.00640414)
(62851, 0.00619093)
(62901, 0.00613067)
(62951, 0.00585622)
(63001, 0.00624737)
(63051, 0.00610960)
(63101, 0.00649356)
(63151, 0.00595009)
(63201, 0.00569337)
(63251, 0.00623715)
(63301, 0.00604881)
(63351, 0.00661822)
(63401, 0.00587535)
(63451, 0.00566736)
(63501, 0.00612429)
(63551, 0.00658826)
(63601, 0.00663603)
(63651, 0.00587776)
(63701, 0.00559967)
(63751, 0.00634287)
(63801, 0.00642997)
(63851, 0.00621675)
(63901, 0.00600889)
(63951, 0.00591483)
(64001, 0.00624330)
(64051, 0.00588665)
(64101, 0.00584259)
(64151, 0.00609653)
(64201, 0.00660476)
(64251, 0.00633937)
(64301, 0.00624143)
(64351, 0.00622148)
(64401, 0.00598984)
(64451, 0.00596479)
(64501, 0.00571144)
(64551, 0.00642283)
(64601, 0.00621948)
(64651, 0.00644510)
(64701, 0.00605637)
(64751, 0.00665602)
(64801, 0.00691978)
(64851, 0.00606690)
(64901, 0.00576456)
(64951, 0.00633868)
(65001, 0.00657863)
(65051, 0.00562634)
(65101, 0.00581995)
(65151, 0.00580685)
(65201, 0.00575151)
(65251, 0.00570542)
(65301, 0.00608536)
(65351, 0.00605399)
(65401, 0.00592410)
(65451, 0.00618491)
(65501, 0.00609303)
(65551, 0.00650271)
(65601, 0.00594554)
(65651, 0.00637538)
(65701, 0.00618282)
(65751, 0.00574046)
(65801, 0.00593382)
(65851, 0.00628577)
(65901, 0.00591888)
(65951, 0.00587608)
(66001, 0.00562698)
(66051, 0.00619717)
(66101, 0.00602311)
(66151, 0.00595895)
(66201, 0.00561406)
(66251, 0.00584624)
(66301, 0.00627378)
(66351, 0.00587065)
(66401, 0.00642873)
(66451, 0.00611245)
(66501, 0.00563747)
(66551, 0.00600942)
(66601, 0.00618991)
(66651, 0.00639631)
(66701, 0.00575556)
(66751, 0.00573800)
(66801, 0.00554470)
(66851, 0.00543924)
(66901, 0.00658912)
(66951, 0.00548413)
(67001, 0.00598527)
(67051, 0.00638132)
(67101, 0.00619267)
(67151, 0.00544134)
(67201, 0.00585038)
(67251, 0.00598907)
(67301, 0.00581867)
(67351, 0.00573274)
(67401, 0.00608451)
(67451, 0.00611683)
(67501, 0.00619930)
(67551, 0.00592805)
(67601, 0.00669628)
(67651, 0.00567393)
(67701, 0.00662883)
(67751, 0.00588020)
(67801, 0.00592073)
(67851, 0.00616935)
(67901, 0.00635393)
(67951, 0.00619450)
(68001, 0.00585236)
(68051, 0.00623598)
(68101, 0.00631916)
(68151, 0.00647654)
(68201, 0.00628800)
(68251, 0.00580584)
(68301, 0.00628693)
(68351, 0.00588836)
(68401, 0.00609169)
(68451, 0.00703692)
(68501, 0.00590928)
(68551, 0.00615349)
(68601, 0.00645068)
(68651, 0.00613222)
(68701, 0.00640117)
(68751, 0.00629569)
(68801, 0.00592911)
(68851, 0.00567843)
(68901, 0.00589774)
(68951, 0.00572571)
(69001, 0.00620739)
(69051, 0.00615782)
(69101, 0.00586711)
(69151, 0.00575720)
(69201, 0.00620583)
(69251, 0.00595517)
(69301, 0.00613315)
(69351, 0.00616948)
(69401, 0.00565945)
(69451, 0.00640211)
(69501, 0.00635890)
(69551, 0.00581551)
(69601, 0.00590317)
(69651, 0.00665439)
(69701, 0.00598759)
(69751, 0.00625232)
(69801, 0.00570027)
(69851, 0.00570449)
(69901, 0.00624588)
(69951, 0.00561894)
(70001, 0.00604578)
(70051, 0.00567942)
(70101, 0.00578534)
(70151, 0.00565440)
(70201, 0.00563859)
(70251, 0.00600535)
(70301, 0.00602684)
(70351, 0.00575314)
(70401, 0.00541786)
(70451, 0.00617075)
(70501, 0.00706184)
(70551, 0.00599988)
(70601, 0.00600380)
(70651, 0.00606785)
(70701, 0.00533973)
(70751, 0.00624603)
(70801, 0.00656581)
(70851, 0.00638314)
(70901, 0.00639980)
(70951, 0.00613203)
(71001, 0.00572768)
(71051, 0.00688822)
(71101, 0.00607003)
(71151, 0.00594118)
(71201, 0.00604400)
(71251, 0.00595073)
(71301, 0.00598115)
(71351, 0.00564447)
(71401, 0.00543108)
(71451, 0.00592008)
(71501, 0.00561607)
(71551, 0.00572579)
(71601, 0.00567143)
(71651, 0.00579361)
(71701, 0.00601385)
(71751, 0.00552591)
(71801, 0.00559188)
(71851, 0.00616950)
(71901, 0.00580249)
(71951, 0.00569180)
(72001, 0.00619350)
(72051, 0.00534089)
(72101, 0.00578914)
(72151, 0.00635440)
(72201, 0.00536792)
(72251, 0.00594019)
(72301, 0.00570034)
(72351, 0.00593222)
(72401, 0.00531773)
(72451, 0.00602739)
(72501, 0.00621577)
(72551, 0.00572965)
(72601, 0.00592925)
(72651, 0.00546679)
(72701, 0.00562390)
(72751, 0.00607287)
(72801, 0.00559337)
(72851, 0.00558331)
(72901, 0.00577050)
(72951, 0.00609873)
(73001, 0.00562983)
(73051, 0.00529838)
(73101, 0.00562402)
(73151, 0.00611499)
(73201, 0.00570819)
(73251, 0.00604380)
(73301, 0.00567275)
(73351, 0.00587535)
(73401, 0.00577228)
(73451, 0.00565184)
(73501, 0.00543448)
(73551, 0.00589555)
(73601, 0.00601178)
(73651, 0.00568703)
(73701, 0.00598581)
(73751, 0.00533518)
(73801, 0.00591874)
(73851, 0.00603130)
(73901, 0.00615895)
(73951, 0.00567585)
(74001, 0.00585972)
(74051, 0.00581717)
(74101, 0.00609727)
(74151, 0.00603189)
(74201, 0.00615508)
(74251, 0.00569670)
(74301, 0.00597724)
(74351, 0.00615634)
(74401, 0.00579011)
(74451, 0.00563374)
(74501, 0.00596253)
(74551, 0.00560763)
(74601, 0.00584083)
(74651, 0.00598676)
(74701, 0.00546564)
(74751, 0.00567838)
(74801, 0.00568074)
(74851, 0.00559045)
(74901, 0.00680232)
(74951, 0.00621587)
(75001, 0.00538592)
(75051, 0.00536351)
(75101, 0.00553304)
(75151, 0.00582317)
(75201, 0.00568286)
(75251, 0.00557716)
(75301, 0.00574703)
(75351, 0.00578945)
(75401, 0.00580458)
(75451, 0.00559666)
(75501, 0.00627353)
(75551, 0.00553785)
(75601, 0.00558780)
(75651, 0.00578115)
(75701, 0.00636665)
(75751, 0.00587062)
(75801, 0.00550889)
(75851, 0.00595944)
(75901, 0.00628350)
(75951, 0.00575138)
(76001, 0.00534727)
(76051, 0.00550779)
(76101, 0.00538440)
(76151, 0.00576217)
(76201, 0.00567269)
(76251, 0.00590754)
(76301, 0.00557112)
(76351, 0.00573695)
(76401, 0.00600608)
(76451, 0.00534021)
(76501, 0.00624632)
(76551, 0.00633678)
(76601, 0.00589443)
(76651, 0.00572726)
(76701, 0.00555061)
(76751, 0.00569954)
(76801, 0.00599339)
(76851, 0.00576468)
(76901, 0.00597914)
(76951, 0.00599000)
(77001, 0.00584175)
(77051, 0.00628419)
(77101, 0.00557970)
(77151, 0.00598543)
(77201, 0.00590395)
(77251, 0.00586413)
(77301, 0.00564433)
(77351, 0.00570867)
(77401, 0.00602718)
(77451, 0.00541652)
(77501, 0.00634120)
(77551, 0.00584009)
(77601, 0.00547619)
(77651, 0.00542837)
(77701, 0.00593656)
(77751, 0.00577232)
(77801, 0.00526410)
(77851, 0.00602738)
(77901, 0.00586497)
(77951, 0.00552894)
(78001, 0.00574855)
(78051, 0.00554361)
(78101, 0.00571188)
(78151, 0.00555015)
(78201, 0.00594961)
(78251, 0.00547073)
(78301, 0.00565770)
(78351, 0.00628457)
(78401, 0.00563263)
(78451, 0.00586880)
(78501, 0.00567906)
(78551, 0.00567011)
(78601, 0.00552524)
(78651, 0.00554494)
(78701, 0.00656976)
(78751, 0.00561843)
(78801, 0.00537693)
(78851, 0.00570546)
(78901, 0.00622900)
(78951, 0.00542158)
(79001, 0.00558357)
(79051, 0.00557643)
(79101, 0.00538656)
(79151, 0.00635194)
(79201, 0.00556901)
(79251, 0.00588693)
(79301, 0.00567202)
(79351, 0.00660048)
(79401, 0.00615767)
(79451, 0.00556130)
(79501, 0.00529572)
(79551, 0.00572720)
(79601, 0.00633640)
(79651, 0.00561756)
(79701, 0.00579275)
(79751, 0.00559934)
(79801, 0.00650073)
(79851, 0.00533165)
(79901, 0.00571117)
(79951, 0.00559754)
(80001, 0.00558282)
(80051, 0.00554795)
(80101, 0.00551916)
(80151, 0.00541423)
(80201, 0.00550044)
(80251, 0.00537117)
(80301, 0.00611714)
(80351, 0.00517264)
(80401, 0.00591143)
(80451, 0.00539597)
(80501, 0.00612379)
(80551, 0.00650122)
(80601, 0.00672127)
(80651, 0.00571243)
(80701, 0.00570987)
(80751, 0.00530480)
(80801, 0.00580049)
(80851, 0.00525418)
(80901, 0.00545429)
(80951, 0.00563472)
(81001, 0.00560813)
(81051, 0.00541410)
(81101, 0.00568176)
(81151, 0.00629671)
(81201, 0.00575684)
(81251, 0.00537255)
(81301, 0.00571140)
(81351, 0.00582928)
(81401, 0.00591280)
(81451, 0.00526668)
(81501, 0.00575855)
(81551, 0.00550534)
(81601, 0.00587209)
(81651, 0.00517736)
(81701, 0.00562437)
(81751, 0.00541587)
(81801, 0.00558447)
(81851, 0.00552584)
(81901, 0.00568683)
(81951, 0.00589145)
(82001, 0.00615368)
(82051, 0.00528896)
(82101, 0.00573804)
(82151, 0.00549385)
(82201, 0.00544117)
(82251, 0.00578712)
(82301, 0.00606434)
(82351, 0.00528904)
(82401, 0.00549800)
(82451, 0.00624567)
(82501, 0.00542780)
(82551, 0.00614714)
(82601, 0.00609489)
(82651, 0.00557322)
(82701, 0.00567055)
(82751, 0.00562969)
(82801, 0.00544825)
(82851, 0.00544149)
(82901, 0.00605002)
(82951, 0.00528325)
(83001, 0.00508230)
(83051, 0.00577947)
(83101, 0.00569140)
(83151, 0.00523189)
(83201, 0.00588970)
(83251, 0.00584969)
(83301, 0.00508388)
(83351, 0.00599423)
(83401, 0.00524293)
(83451, 0.00558295)
(83501, 0.00581423)
(83551, 0.00542590)
(83601, 0.00531652)
(83651, 0.00623225)
(83701, 0.00531082)
(83751, 0.00527608)
(83801, 0.00549565)
(83851, 0.00561617)
(83901, 0.00553501)
(83951, 0.00576552)
(84001, 0.00557161)
(84051, 0.00644517)
(84101, 0.00570746)
(84151, 0.00523035)
(84201, 0.00525812)
(84251, 0.00563799)
(84301, 0.00598162)
(84351, 0.00573495)
(84401, 0.00535023)
(84451, 0.00632194)
(84501, 0.00553979)
(84551, 0.00558651)
(84601, 0.00564233)
(84651, 0.00548232)
(84701, 0.00605459)
(84751, 0.00563627)
(84801, 0.00634601)
(84851, 0.00544493)
(84901, 0.00557567)
(84951, 0.00559447)
(85001, 0.00556993)
(85051, 0.00537735)
(85101, 0.00533136)
(85151, 0.00550662)
(85201, 0.00597222)
(85251, 0.00587106)
(85301, 0.00564635)
(85351, 0.00551238)
(85401, 0.00568077)
(85451, 0.00556488)
(85501, 0.00559344)
(85551, 0.00582061)
(85601, 0.00553235)
(85651, 0.00589703)
(85701, 0.00580904)
(85751, 0.00543508)
(85801, 0.00551443)
(85851, 0.00570495)
(85901, 0.00589473)
(85951, 0.00564421)
(86001, 0.00505719)
(86051, 0.00559405)
(86101, 0.00533492)
(86151, 0.00506385)
(86201, 0.00565983)
(86251, 0.00518033)
(86301, 0.00584629)
(86351, 0.00580445)
(86401, 0.00542064)
(86451, 0.00522789)
(86501, 0.00516337)
(86551, 0.00575843)
(86601, 0.00564737)
(86651, 0.00531758)
(86701, 0.00568077)
(86751, 0.00544275)
(86801, 0.00531394)
(86851, 0.00542904)
(86901, 0.00574613)
(86951, 0.00536036)
(87001, 0.00525964)
(87051, 0.00540302)
(87101, 0.00580822)
(87151, 0.00553523)
(87201, 0.00515383)
(87251, 0.00554876)
(87301, 0.00523222)
(87351, 0.00547604)
(87401, 0.00559361)
(87451, 0.00583965)
(87501, 0.00601330)
(87551, 0.00542220)
(87601, 0.00552577)
(87651, 0.00516742)
(87701, 0.00622426)
(87751, 0.00581231)
(87801, 0.00592120)
(87851, 0.00575945)
(87901, 0.00522409)
(87951, 0.00533641)
(88001, 0.00606594)
(88051, 0.00575547)
(88101, 0.00571328)
(88151, 0.00532114)
(88201, 0.00599507)
(88251, 0.00514234)
(88301, 0.00614636)
(88351, 0.00626385)
(88401, 0.00522486)
(88451, 0.00554143)
(88501, 0.00578813)
(88551, 0.00533847)
(88601, 0.00530992)
(88651, 0.00543679)
(88701, 0.00524007)
(88751, 0.00566124)
(88801, 0.00597136)
(88851, 0.00564596)
(88901, 0.00561247)
(88951, 0.00528294)
(89001, 0.00517659)
(89051, 0.00577533)
(89101, 0.00526744)
(89151, 0.00542046)
(89201, 0.00518962)
(89251, 0.00533699)
(89301, 0.00526648)
(89351, 0.00542706)
(89401, 0.00569597)
(89451, 0.00512833)
(89501, 0.00525163)
(89551, 0.00579439)
(89601, 0.00564901)
(89651, 0.00563366)
(89701, 0.00540790)
(89751, 0.00570769)
(89801, 0.00590275)
(89851, 0.00536626)
(89901, 0.00543272)
(89951, 0.00565980)
(90001, 0.00525238)
(90051, 0.00542381)
(90101, 0.00551055)
(90151, 0.00528421)
(90201, 0.00572052)
(90251, 0.00507258)
(90301, 0.00512599)
(90351, 0.00568510)
(90401, 0.00531466)
(90451, 0.00563210)
(90501, 0.00473741)
(90551, 0.00537900)
(90601, 0.00562235)
(90651, 0.00548749)
(90701, 0.00537039)
(90751, 0.00520667)
(90801, 0.00597783)
(90851, 0.00597842)
(90901, 0.00541493)
(90951, 0.00546888)
(91001, 0.00546914)
(91051, 0.00523488)
(91101, 0.00536356)
(91151, 0.00557078)
(91201, 0.00623757)
(91251, 0.00578155)
(91301, 0.00565465)
(91351, 0.00563905)
(91401, 0.00527599)
(91451, 0.00538298)
(91501, 0.00545839)
(91551, 0.00566793)
(91601, 0.00610440)
(91651, 0.00543663)
(91701, 0.00506919)
(91751, 0.00554791)
(91801, 0.00568451)
(91851, 0.00578978)
(91901, 0.00525807)
(91951, 0.00588081)
(92001, 0.00545525)
(92051, 0.00524792)
(92101, 0.00541180)
(92151, 0.00590032)
(92201, 0.00496547)
(92251, 0.00536040)
(92301, 0.00500162)
(92351, 0.00558072)
(92401, 0.00511839)
(92451, 0.00566966)
(92501, 0.00516322)
(92551, 0.00594449)
(92601, 0.00520566)
(92651, 0.00550589)
(92701, 0.00575172)
(92751, 0.00556153)
(92801, 0.00576554)
(92851, 0.00545517)
(92901, 0.00523046)
(92951, 0.00519037)
(93001, 0.00521267)
(93051, 0.00534268)
(93101, 0.00574270)
(93151, 0.00514948)
(93201, 0.00514766)
(93251, 0.00478224)
(93301, 0.00547435)
(93351, 0.00511223)
(93401, 0.00506590)
(93451, 0.00554313)
(93501, 0.00567840)
(93551, 0.00499431)
(93601, 0.00521681)
(93651, 0.00523740)
(93701, 0.00522520)
(93751, 0.00486405)
(93801, 0.00493118)
(93851, 0.00498122)
(93901, 0.00542442)
(93951, 0.00519680)
(94001, 0.00501826)
(94051, 0.00573555)
(94101, 0.00518677)
(94151, 0.00577329)
(94201, 0.00510163)
(94251, 0.00546610)
(94301, 0.00510617)
(94351, 0.00566458)
(94401, 0.00579195)
(94451, 0.00540103)
(94501, 0.00522209)
(94551, 0.00523565)
(94601, 0.00513531)
(94651, 0.00544481)
(94701, 0.00520690)
(94751, 0.00507763)
(94801, 0.00526239)
(94851, 0.00533089)
(94901, 0.00518016)
(94951, 0.00509972)
(95001, 0.00547038)
(95051, 0.00541484)
(95101, 0.00556267)
(95151, 0.00558035)
(95201, 0.00603296)
(95251, 0.00611294)
(95301, 0.00593970)
(95351, 0.00547835)
(95401, 0.00559017)
(95451, 0.00519681)
(95501, 0.00512486)
(95551, 0.00515473)
(95601, 0.00524375)
(95651, 0.00534542)
(95701, 0.00539958)
(95751, 0.00515824)
(95801, 0.00541944)
(95851, 0.00533667)
(95901, 0.00561229)
(95951, 0.00517168)
(96001, 0.00518679)
(96051, 0.00543832)
(96101, 0.00575526)
(96151, 0.00512895)
(96201, 0.00559226)
(96251, 0.00540729)
(96301, 0.00504526)
(96351, 0.00534791)
(96401, 0.00562915)
(96451, 0.00549494)
(96501, 0.00526441)
(96551, 0.00535477)
(96601, 0.00522660)
(96651, 0.00513231)
(96701, 0.00514977)
(96751, 0.00573044)
(96801, 0.00557342)
(96851, 0.00566397)
(96901, 0.00567601)
(96951, 0.00497366)
(97001, 0.00556815)
(97051, 0.00540061)
(97101, 0.00507739)
(97151, 0.00530336)
(97201, 0.00520701)
(97251, 0.00536281)
(97301, 0.00533971)
(97351, 0.00559421)
(97401, 0.00503391)
(97451, 0.00561604)
(97501, 0.00548549)
(97551, 0.00604808)
(97601, 0.00481401)
(97651, 0.00547132)
(97701, 0.00564911)
(97751, 0.00572518)
(97801, 0.00607971)
(97851, 0.00568568)
(97901, 0.00562544)
(97951, 0.00547912)
(98001, 0.00557674)
(98051, 0.00546007)
(98101, 0.00567105)
(98151, 0.00510833)
(98201, 0.00569726)
(98251, 0.00517597)
(98301, 0.00521362)
(98351, 0.00505381)
(98401, 0.00554681)
(98451, 0.00525359)
(98501, 0.00582621)
(98551, 0.00508248)
(98601, 0.00549709)
(98651, 0.00510606)
(98701, 0.00513374)
(98751, 0.00492092)
(98801, 0.00601167)
(98851, 0.00531704)
(98901, 0.00511437)
(98951, 0.00565231)
(99001, 0.00571304)
(99051, 0.00546880)
(99101, 0.00532831)
(99151, 0.00528786)
(99201, 0.00549840)
(99251, 0.00518888)
(99301, 0.00503787)
(99351, 0.00564095)
(99401, 0.00563721)
(99451, 0.00523927)
(99501, 0.00516642)
(99551, 0.00546160)
(99601, 0.00513367)
(99651, 0.00538304)
(99701, 0.00506535)
(99751, 0.00531922)
(99801, 0.00484896)
(99851, 0.00519843)
(99901, 0.00549006)
(99951, 0.00489205)
(100001, 0.00524372)
(100051, 0.00540617)
(100101, 0.00574356)
(100151, 0.00505803)
(100201, 0.00545986)
(100251, 0.00525629)
(100301, 0.00546907)
(100351, 0.00529080)
(100401, 0.00625195)
(100451, 0.00530575)
(100501, 0.00529485)
(100551, 0.00566607)
(100601, 0.00551856)
(100651, 0.00490326)
(100701, 0.00518678)
(100751, 0.00547689)
(100801, 0.00566937)
(100851, 0.00531425)
(100901, 0.00615641)
(100951, 0.00489152)
(101001, 0.00564887)
(101051, 0.00506436)
(101101, 0.00597166)
(101151, 0.00524265)
(101201, 0.00509361)
(101251, 0.00500652)
(101301, 0.00542114)
(101351, 0.00543602)
(101401, 0.00495901)
(101451, 0.00522929)
(101501, 0.00552720)
(101551, 0.00498646)
(101601, 0.00512985)
(101651, 0.00555408)
(101701, 0.00527461)
(101751, 0.00551702)
(101801, 0.00537926)
(101851, 0.00493540)
(101901, 0.00535281)
(101951, 0.00562967)
(102001, 0.00569867)
(102051, 0.00541386)
(102101, 0.00552735)
(102151, 0.00535989)
(102201, 0.00528074)
(102251, 0.00515311)
(102301, 0.00500802)
(102351, 0.00610995)
(102401, 0.00536416)
(102451, 0.00523445)
(102501, 0.00517136)
(102551, 0.00508802)
(102601, 0.00565588)
(102651, 0.00525010)
(102701, 0.00521440)
(102751, 0.00525707)
(102801, 0.00530863)
(102851, 0.00552155)
(102901, 0.00553363)
(102951, 0.00507990)
(103001, 0.00490465)
(103051, 0.00491184)
(103101, 0.00553823)
(103151, 0.00497044)
(103201, 0.00582902)
(103251, 0.00523143)
(103301, 0.00527488)
(103351, 0.00507482)
(103401, 0.00548965)
(103451, 0.00535252)
(103501, 0.00501508)
(103551, 0.00462388)
(103601, 0.00571279)
(103651, 0.00548019)
(103701, 0.00515696)
(103751, 0.00570380)
(103801, 0.00488881)
(103851, 0.00544891)
(103901, 0.00484208)
(103951, 0.00536759)
(104001, 0.00549975)
(104051, 0.00527217)
(104101, 0.00519711)
(104151, 0.00535423)
(104201, 0.00567456)
(104251, 0.00502151)
(104301, 0.00521880)
(104351, 0.00548359)
(104401, 0.00515369)
(104451, 0.00524993)
(104501, 0.00512297)
(104551, 0.00526750)
(104601, 0.00518407)
(104651, 0.00525822)
(104701, 0.00529986)
(104751, 0.00529115)
(104801, 0.00529954)
(104851, 0.00492701)
(104901, 0.00544265)
(104951, 0.00559004)
(105001, 0.00505000)
(105051, 0.00482870)
(105101, 0.00507096)
(105151, 0.00589756)
(105201, 0.00545003)
(105251, 0.00536257)
(105301, 0.00516785)
(105351, 0.00516577)
(105401, 0.00546114)
(105451, 0.00559355)
(105501, 0.00560006)
(105551, 0.00516646)
(105601, 0.00563757)
(105651, 0.00559126)
(105701, 0.00540592)
(105751, 0.00505071)
(105801, 0.00521247)
(105851, 0.00510908)
(105901, 0.00502329)
(105951, 0.00520078)
(106001, 0.00575077)
(106051, 0.00484021)
(106101, 0.00489496)
(106151, 0.00527627)
(106201, 0.00549335)
(106251, 0.00499950)
(106301, 0.00554809)
(106351, 0.00522018)
(106401, 0.00487056)
(106451, 0.00524897)
(106501, 0.00544099)
(106551, 0.00530035)
(106601, 0.00563910)
(106651, 0.00513878)
(106701, 0.00493947)
(106751, 0.00510187)
(106801, 0.00494354)
(106851, 0.00515526)
(106901, 0.00544655)
(106951, 0.00560202)
(107001, 0.00496714)
(107051, 0.00498746)
(107101, 0.00520797)
(107151, 0.00508972)
(107201, 0.00532401)
(107251, 0.00533060)
(107301, 0.00528881)
(107351, 0.00529434)
(107401, 0.00538979)
(107451, 0.00523005)
(107501, 0.00510626)
(107551, 0.00505425)
(107601, 0.00540168)
(107651, 0.00530428)
(107701, 0.00504352)
(107751, 0.00474415)
(107801, 0.00509039)
(107851, 0.00503052)
(107901, 0.00490150)
(107951, 0.00528255)
(108001, 0.00505646)
(108051, 0.00501194)
(108101, 0.00472288)
(108151, 0.00509996)
(108201, 0.00520522)
(108251, 0.00547863)
(108301, 0.00539911)
(108351, 0.00502633)
(108401, 0.00482884)
(108451, 0.00555682)
(108501, 0.00533167)
(108551, 0.00554688)
(108601, 0.00540950)
(108651, 0.00497985)
(108701, 0.00515618)
(108751, 0.00559998)
(108801, 0.00511685)
(108851, 0.00504839)
(108901, 0.00533689)
(108951, 0.00536070)
(109001, 0.00557150)
(109051, 0.00504267)
(109101, 0.00458136)
(109151, 0.00551038)
(109201, 0.00478304)
(109251, 0.00515151)
(109301, 0.00478667)
(109351, 0.00484615)
(109401, 0.00495639)
(109451, 0.00535072)
(109501, 0.00542819)
(109551, 0.00497602)
(109601, 0.00505954)
(109651, 0.00513998)
(109701, 0.00520416)
(109751, 0.00519501)
(109801, 0.00534908)
(109851, 0.00507258)
(109901, 0.00531519)
(109951, 0.00553991)
(110001, 0.00503629)
(110051, 0.00496998)
(110101, 0.00531101)
(110151, 0.00508607)
(110201, 0.00500967)
(110251, 0.00530984)
(110301, 0.00473604)
(110351, 0.00511780)
(110401, 0.00496474)
(110451, 0.00483235)
(110501, 0.00508991)
(110551, 0.00511862)
(110601, 0.00560588)
(110651, 0.00523268)
(110701, 0.00518774)
(110751, 0.00494824)
(110801, 0.00525105)
(110851, 0.00473614)
(110901, 0.00516400)
(110951, 0.00512614)
(111001, 0.00549930)
(111051, 0.00483336)
(111101, 0.00511901)
(111151, 0.00543851)
(111201, 0.00522886)
(111251, 0.00543532)
(111301, 0.00505996)
(111351, 0.00565876)
(111401, 0.00490223)
(111451, 0.00494229)
(111501, 0.00533499)
(111551, 0.00472271)
(111601, 0.00547358)
(111651, 0.00531054)
(111701, 0.00522312)
(111751, 0.00520218)
(111801, 0.00503105)
(111851, 0.00535717)
(111901, 0.00494363)
(111951, 0.00541049)
(112001, 0.00481410)
(112051, 0.00503853)
(112101, 0.00503619)
(112151, 0.00487252)
(112201, 0.00523419)
(112251, 0.00550688)
(112301, 0.00435833)
(112351, 0.00533183)
(112401, 0.00492469)
(112451, 0.00519067)
(112501, 0.00469061)
(112551, 0.00490563)
(112601, 0.00484933)
(112651, 0.00482534)
(112701, 0.00478603)
(112751, 0.00510396)
(112801, 0.00473734)
(112851, 0.00540543)
(112901, 0.00513100)
(112951, 0.00508717)
(113001, 0.00537835)
(113051, 0.00554275)
(113101, 0.00509918)
(113151, 0.00511710)
(113201, 0.00497808)
(113251, 0.00488256)
(113301, 0.00558765)
(113351, 0.00510805)
(113401, 0.00492262)
(113451, 0.00506439)
(113501, 0.00498674)
(113551, 0.00521138)
(113601, 0.00541186)
(113651, 0.00509617)
(113701, 0.00484305)
(113751, 0.00514125)
(113801, 0.00525032)
(113851, 0.00531274)
(113901, 0.00491987)
(113951, 0.00486474)
(114001, 0.00478098)
(114051, 0.00525337)
(114101, 0.00499831)
(114151, 0.00511072)
(114201, 0.00516564)
(114251, 0.00490580)
(114301, 0.00536788)
(114351, 0.00502075)
(114401, 0.00533566)
(114451, 0.00499348)
(114501, 0.00501435)
(114551, 0.00549355)
(114601, 0.00519283)
(114651, 0.00489317)
(114701, 0.00541933)
(114751, 0.00492233)
(114801, 0.00488507)
(114851, 0.00524973)
(114901, 0.00536439)
(114951, 0.00470142)
(115001, 0.00487619)
(115051, 0.00573046)
(115101, 0.00522712)
(115151, 0.00524818)
(115201, 0.00483335)
(115251, 0.00513870)
(115301, 0.00494071)
(115351, 0.00476806)
(115401, 0.00522465)
(115451, 0.00499143)
(115501, 0.00500561)
(115551, 0.00506502)
(115601, 0.00537358)
(115651, 0.00542129)
(115701, 0.00525532)
(115751, 0.00521269)
(115801, 0.00540886)
(115851, 0.00561495)
(115901, 0.00506361)
(115951, 0.00541356)
(116001, 0.00587297)
(116051, 0.00506068)
(116101, 0.00490044)
(116151, 0.00544676)
(116201, 0.00484486)
(116251, 0.00481967)
(116301, 0.00525614)
(116351, 0.00500594)
(116401, 0.00530765)
(116451, 0.00523353)
(116501, 0.00538086)
(116551, 0.00538934)
(116601, 0.00502843)
(116651, 0.00479644)
(116701, 0.00522585)
(116751, 0.00542284)
(116801, 0.00470488)
(116851, 0.00520942)
(116901, 0.00493205)
(116951, 0.00517597)
(117001, 0.00489411)
(117051, 0.00501026)
(117101, 0.00506820)
(117151, 0.00466513)
(117201, 0.00526933)
(117251, 0.00578801)
(117301, 0.00526853)
(117351, 0.00510587)
(117401, 0.00516973)
(117451, 0.00512555)
(117501, 0.00517313)
(117551, 0.00496565)
(117601, 0.00563282)
(117651, 0.00503019)
(117701, 0.00508927)
(117751, 0.00459912)
(117801, 0.00534499)
(117851, 0.00487783)
(117901, 0.00511620)
(117951, 0.00521384)
(118001, 0.00506552)
(118051, 0.00490420)
(118101, 0.00545411)
(118151, 0.00500519)
(118201, 0.00546390)
(118251, 0.00491062)
(118301, 0.00553874)
(118351, 0.00494986)
(118401, 0.00522133)
(118451, 0.00484537)
(118501, 0.00501707)
(118551, 0.00489935)
(118601, 0.00513652)
(118651, 0.00464425)
(118701, 0.00498311)
(118751, 0.00467598)
(118801, 0.00521259)
(118851, 0.00544312)
(118901, 0.00503900)
(118951, 0.00459130)
(119001, 0.00490110)
(119051, 0.00540445)
(119101, 0.00529778)
(119151, 0.00526606)
(119201, 0.00537381)
(119251, 0.00488803)
(119301, 0.00525312)
(119351, 0.00500002)
(119401, 0.00486184)
(119451, 0.00527726)
(119501, 0.00517010)
(119551, 0.00523005)
(119601, 0.00495444)
(119651, 0.00524067)
(119701, 0.00483583)
(119751, 0.00616754)
(119801, 0.00526999)
(119851, 0.00493271)
(119901, 0.00529805)
(119951, 0.00499997)
(120001, 0.00514359)
(120051, 0.00539156)
(120101, 0.00500763)
(120151, 0.00500865)
(120201, 0.00523388)
(120251, 0.00523119)
(120301, 0.00519791)
(120351, 0.00496615)
(120401, 0.00490026)
(120451, 0.00538994)
(120501, 0.00499873)
(120551, 0.00514236)
(120601, 0.00538956)
(120651, 0.00489420)
(120701, 0.00498355)
(120751, 0.00519720)
(120801, 0.00529259)
(120851, 0.00499660)
(120901, 0.00489968)
(120951, 0.00495112)
(121001, 0.00532424)
(121051, 0.00473060)
(121101, 0.00506440)
(121151, 0.00487485)
(121201, 0.00529659)
(121251, 0.00516969)
(121301, 0.00477629)
(121351, 0.00486499)
(121401, 0.00467750)
(121451, 0.00532537)
(121501, 0.00479893)
(121551, 0.00509560)
(121601, 0.00520711)
(121651, 0.00507473)
(121701, 0.00475009)
(121751, 0.00480379)
(121801, 0.00494956)
(121851, 0.00530870)
(121901, 0.00499252)
(121951, 0.00514007)
(122001, 0.00470943)
(122051, 0.00471242)
(122101, 0.00475224)
(122151, 0.00466545)
(122201, 0.00512387)
(122251, 0.00486704)
(122301, 0.00494819)
(122351, 0.00509883)
(122401, 0.00525055)
(122451, 0.00506659)
(122501, 0.00470311)
(122551, 0.00537825)
(122601, 0.00496780)
(122651, 0.00523169)
(122701, 0.00520432)
(122751, 0.00526055)
(122801, 0.00498154)
(122851, 0.00477674)
(122901, 0.00463571)
(122951, 0.00497741)
(123001, 0.00468687)
(123051, 0.00504464)
(123101, 0.00503135)
(123151, 0.00540758)
(123201, 0.00536056)
(123251, 0.00529628)
(123301, 0.00477242)
(123351, 0.00520421)
(123401, 0.00495301)
(123451, 0.00489212)
(123501, 0.00480222)
(123551, 0.00518448)
(123601, 0.00467472)
(123651, 0.00514681)
(123701, 0.00474224)
(123751, 0.00523224)
(123801, 0.00498035)
(123851, 0.00471439)
(123901, 0.00453584)
(123951, 0.00516597)
(124001, 0.00481577)
(124051, 0.00484035)
(124101, 0.00540480)
(124151, 0.00495661)
(124201, 0.00507309)
(124251, 0.00483762)
(124301, 0.00478261)
(124351, 0.00512419)
(124401, 0.00498091)
(124451, 0.00470277)
(124501, 0.00531139)
(124551, 0.00524461)
(124601, 0.00525068)
(124651, 0.00540128)
(124701, 0.00515721)
(124751, 0.00496971)
(124801, 0.00481477)
(124851, 0.00569525)
(124901, 0.00508067)
(124951, 0.00501857)
