(1, 0.74082166)
(51, 0.15675490)
(101, 0.13821559)
(151, 0.11971977)
(201, 0.11148752)
(251, 0.09588137)
(301, 0.09231313)
(351, 0.08150925)
(401, 0.07845850)
(451, 0.06739051)
(501, 0.07138707)
(551, 0.06709827)
(601, 0.06412319)
(651, 0.05739877)
(701, 0.06037886)
(751, 0.05491569)
(801, 0.06484062)
(851, 0.04962032)
(901, 0.05372014)
(951, 0.04925497)
(1001, 0.05271077)
(1051, 0.05594134)
(1101, 0.05247892)
(1151, 0.05314527)
(1201, 0.04378675)
(1251, 0.04782750)
(1301, 0.05100882)
(1351, 0.04335823)
(1401, 0.05527700)
(1451, 0.04636304)
(1501, 0.04840225)
(1551, 0.04432642)
(1601, 0.03762754)
(1651, 0.04117071)
(1701, 0.04364146)
(1751, 0.04250595)
(1801, 0.04247012)
(1851, 0.03579479)
(1901, 0.03361755)
(1951, 0.04457553)
(2001, 0.03714540)
(2051, 0.03803116)
(2101, 0.03625919)
(2151, 0.04418774)
(2201, 0.03709208)
(2251, 0.04141007)
(2301, 0.03724300)
(2351, 0.03761472)
(2401, 0.03495467)
(2451, 0.04302940)
(2501, 0.03147798)
(2551, 0.03095149)
(2601, 0.03260116)
(2651, 0.03330994)
(2701, 0.03717023)
(2751, 0.03550890)
(2801, 0.03369023)
(2851, 0.03583863)
(2901, 0.03628006)
(2951, 0.03216722)
(3001, 0.03131566)
(3051, 0.03116441)
(3101, 0.03001193)
(3151, 0.03326584)
(3201, 0.03210041)
(3251, 0.03755056)
(3301, 0.03724676)
(3351, 0.04134946)
(3401, 0.04598343)
(3451, 0.03060424)
(3501, 0.03441468)
(3551, 0.03255802)
(3601, 0.03524209)
(3651, 0.03226320)
(3701, 0.03077070)
(3751, 0.03042423)
(3801, 0.03066644)
(3851, 0.02910729)
(3901, 0.02927928)
(3951, 0.03457238)
(4001, 0.03005944)
(4051, 0.02962026)
(4101, 0.03186537)
(4151, 0.02639443)
(4201, 0.02979276)
(4251, 0.02647358)
(4301, 0.02352134)
(4351, 0.02824534)
(4401, 0.03239006)
(4451, 0.02384643)
(4501, 0.02371500)
(4551, 0.02740828)
(4601, 0.02844856)
(4651, 0.02811190)
(4701, 0.02837891)
(4751, 0.02377723)
(4801, 0.02777557)
(4851, 0.03308637)
(4901, 0.02456481)
(4951, 0.02655472)
(5001, 0.02632878)
(5051, 0.02583985)
(5101, 0.03168220)
(5151, 0.02756972)
(5201, 0.02393160)
(5251, 0.02761302)
(5301, 0.02153895)
(5351, 0.02260682)
(5401, 0.02750338)
(5451, 0.02764867)
(5501, 0.02894779)
(5551, 0.02633001)
(5601, 0.02837931)
(5651, 0.02720036)
(5701, 0.02399576)
(5751, 0.02984947)
(5801, 0.02039529)
(5851, 0.02483905)
(5901, 0.02624829)
(5951, 0.02484575)
(6001, 0.02383574)
(6051, 0.02564449)
(6101, 0.02280874)
(6151, 0.02960713)
(6201, 0.02300174)
(6251, 0.02418602)
(6301, 0.02579380)
(6351, 0.02302026)
(6401, 0.02336906)
(6451, 0.01973347)
(6501, 0.02379291)
(6551, 0.02216349)
(6601, 0.02179760)
(6651, 0.02273259)
(6701, 0.02754113)
(6751, 0.02145074)
(6801, 0.02081156)
(6851, 0.02634385)
(6901, 0.02476996)
(6951, 0.02378544)
(7001, 0.02312006)
(7051, 0.03058574)
(7101, 0.01992936)
(7151, 0.02264616)
(7201, 0.02836222)
(7251, 0.02533922)
(7301, 0.02528305)
(7351, 0.02432460)
(7401, 0.02122035)
(7451, 0.02109290)
(7501, 0.02441197)
(7551, 0.01960208)
(7601, 0.02457453)
(7651, 0.02085990)
(7701, 0.02172886)
(7751, 0.02189240)
(7801, 0.02444521)
(7851, 0.02010563)
(7901, 0.02082629)
(7951, 0.01965777)
(8001, 0.02201512)
(8051, 0.01884892)
(8101, 0.02053632)
(8151, 0.02935550)
(8201, 0.02182867)
(8251, 0.02286706)
(8301, 0.02062863)
(8351, 0.01941552)
(8401, 0.02139875)
(8451, 0.02074699)
(8501, 0.02287467)
(8551, 0.02608560)
(8601, 0.02150098)
(8651, 0.02181329)
(8701, 0.02186722)
(8751, 0.01824092)
(8801, 0.01863585)
(8851, 0.01952184)
(8901, 0.02081095)
(8951, 0.02526545)
(9001, 0.02092882)
(9051, 0.01936084)
(9101, 0.01963855)
(9151, 0.01870235)
(9201, 0.02232912)
(9251, 0.01788080)
(9301, 0.01766482)
(9351, 0.02188518)
(9401, 0.01997150)
(9451, 0.02064781)
(9501, 0.01911630)
(9551, 0.02092200)
(9601, 0.02237796)
(9651, 0.01828747)
(9701, 0.01836191)
(9751, 0.01951527)
(9801, 0.02181250)
(9851, 0.01837704)
(9901, 0.02016780)
(9951, 0.02393755)
(10001, 0.01729072)
(10051, 0.02071974)
(10101, 0.02317750)
(10151, 0.01907720)
(10201, 0.02038937)
(10251, 0.01756685)
(10301, 0.02012894)
(10351, 0.01969880)
(10401, 0.01919675)
(10451, 0.02219675)
(10501, 0.01794458)
(10551, 0.02041588)
(10601, 0.01829495)
(10651, 0.01889578)
(10701, 0.01622128)
(10751, 0.02189441)
(10801, 0.02047797)
(10851, 0.02033595)
(10901, 0.01742188)
(10951, 0.01898246)
(11001, 0.01845465)
(11051, 0.01828070)
(11101, 0.01756004)
(11151, 0.01897804)
(11201, 0.01814349)
(11251, 0.02057725)
(11301, 0.01957150)
(11351, 0.01896690)
(11401, 0.02247206)
(11451, 0.01684795)
(11501, 0.01936182)
(11551, 0.02008198)
(11601, 0.02185512)
(11651, 0.01836945)
(11701, 0.01798635)
(11751, 0.01905878)
(11801, 0.01858953)
(11851, 0.01816630)
(11901, 0.02089492)
(11951, 0.01936559)
(12001, 0.01775332)
(12051, 0.02106012)
(12101, 0.01586897)
(12151, 0.02119380)
(12201, 0.01622052)
(12251, 0.01940186)
(12301, 0.02127614)
(12351, 0.01656565)
(12401, 0.01730216)
(12451, 0.02207924)
(12501, 0.02007458)
(12551, 0.01654812)
(12601, 0.01754176)
(12651, 0.01667614)
(12701, 0.01628967)
(12751, 0.01695201)
(12801, 0.02032336)
(12851, 0.01665562)
(12901, 0.01764395)
(12951, 0.01794912)
(13001, 0.02337292)
(13051, 0.02404823)
(13101, 0.01606775)
(13151, 0.01779649)
(13201, 0.01580737)
(13251, 0.01504851)
(13301, 0.01650709)
(13351, 0.01691314)
(13401, 0.01683408)
(13451, 0.01877603)
(13501, 0.01427516)
(13551, 0.01791864)
(13601, 0.02008136)
(13651, 0.01646665)
(13701, 0.01761786)
(13751, 0.01814045)
(13801, 0.01724618)
(13851, 0.01583525)
(13901, 0.01995893)
(13951, 0.01758176)
(14001, 0.01790178)
(14051, 0.02046020)
(14101, 0.01860706)
(14151, 0.01647922)
(14201, 0.01626175)
(14251, 0.01732254)
(14301, 0.01549681)
(14351, 0.01586100)
(14401, 0.01513051)
(14451, 0.01418155)
(14501, 0.01694031)
(14551, 0.01580997)
(14601, 0.01555409)
(14651, 0.01644553)
(14701, 0.01503789)
(14751, 0.01751710)
(14801, 0.01580954)
(14851, 0.01491994)
(14901, 0.01615860)
(14951, 0.01731286)
(15001, 0.01919427)
(15051, 0.01568954)
(15101, 0.01509848)
(15151, 0.01508061)
(15201, 0.01603448)
(15251, 0.01584441)
(15301, 0.01556437)
(15351, 0.01497908)
(15401, 0.01578851)
(15451, 0.01782533)
(15501, 0.01533196)
(15551, 0.01994123)
(15601, 0.02051818)
(15651, 0.01511172)
(15701, 0.01382415)
(15751, 0.01697793)
(15801, 0.01448631)
(15851, 0.01629234)
(15901, 0.01751484)
(15951, 0.01690086)
(16001, 0.01578870)
(16051, 0.01492417)
(16101, 0.01565119)
(16151, 0.01605039)
(16201, 0.01517650)
(16251, 0.01676790)
(16301, 0.01820807)
(16351, 0.01524206)
(16401, 0.01628027)
(16451, 0.01600218)
(16501, 0.01927754)
(16551, 0.01580890)
(16601, 0.01560623)
(16651, 0.01427215)
(16701, 0.01596423)
(16751, 0.01534158)
(16801, 0.01526008)
(16851, 0.01460112)
(16901, 0.01439510)
(16951, 0.01451831)
(17001, 0.01596823)
(17051, 0.01437420)
(17101, 0.01467200)
(17151, 0.01643195)
(17201, 0.01607151)
(17251, 0.01849704)
(17301, 0.01803640)
(17351, 0.01706623)
(17401, 0.01511089)
(17451, 0.01483154)
(17501, 0.01623959)
(17551, 0.01712289)
(17601, 0.01479257)
(17651, 0.01367225)
(17701, 0.01558403)
(17751, 0.01340626)
(17801, 0.01659408)
(17851, 0.01480563)
(17901, 0.01401829)
(17951, 0.01671200)
(18001, 0.01485172)
(18051, 0.01445541)
(18101, 0.01431401)
(18151, 0.01288335)
(18201, 0.01508308)
(18251, 0.01545321)
(18301, 0.01562955)
(18351, 0.01728903)
(18401, 0.01522766)
(18451, 0.01334598)
(18501, 0.01745598)
(18551, 0.01876196)
(18601, 0.01712735)
(18651, 0.01748908)
(18701, 0.01385727)
(18751, 0.01353986)
(18801, 0.01355603)
(18851, 0.01344355)
(18901, 0.01504283)
(18951, 0.01381098)
(19001, 0.01480367)
(19051, 0.01590082)
(19101, 0.01535304)
(19151, 0.01386681)
(19201, 0.01424516)
(19251, 0.01376308)
(19301, 0.01417132)
(19351, 0.01359217)
(19401, 0.01423276)
(19451, 0.01523753)
(19501, 0.01276099)
(19551, 0.01535686)
(19601, 0.01510644)
(19651, 0.01393451)
(19701, 0.01454015)
(19751, 0.01498264)
(19801, 0.01503568)
(19851, 0.01373988)
(19901, 0.01474148)
(19951, 0.01581052)
(20001, 0.01406993)
(20051, 0.01548397)
(20101, 0.01440783)
(20151, 0.01212401)
(20201, 0.01324961)
(20251, 0.01388567)
(20301, 0.01304423)
(20351, 0.01615269)
(20401, 0.01351143)
(20451, 0.01749845)
(20501, 0.01495553)
(20551, 0.01461312)
(20601, 0.01472022)
(20651, 0.01280771)
(20701, 0.01374308)
(20751, 0.01394150)
(20801, 0.01396827)
(20851, 0.01531744)
(20901, 0.01395077)
(20951, 0.01352099)
(21001, 0.01352917)
(21051, 0.01487271)
(21101, 0.01439845)
(21151, 0.01324074)
(21201, 0.01501396)
(21251, 0.01788361)
(21301, 0.01593442)
(21351, 0.01323843)
(21401, 0.01639443)
(21451, 0.01454114)
(21501, 0.01682771)
(21551, 0.01368165)
(21601, 0.01330797)
(21651, 0.01368115)
(21701, 0.01408546)
(21751, 0.01589773)
(21801, 0.01585958)
(21851, 0.01435111)
(21901, 0.01247299)
(21951, 0.01316060)
(22001, 0.01421460)
(22051, 0.01218220)
(22101, 0.01512214)
(22151, 0.01367784)
(22201, 0.01291003)
(22251, 0.01664245)
(22301, 0.01260289)
(22351, 0.01281996)
(22401, 0.01294630)
(22451, 0.01314455)
(22501, 0.01504203)
(22551, 0.01369901)
(22601, 0.01234126)
(22651, 0.01313173)
(22701, 0.01378366)
(22751, 0.01459081)
(22801, 0.01465904)
(22851, 0.01300342)
(22901, 0.01482068)
(22951, 0.01395716)
(23001, 0.01893562)
(23051, 0.01183986)
(23101, 0.01155724)
(23151, 0.01370003)
(23201, 0.01429737)
(23251, 0.01403901)
(23301, 0.01358766)
(23351, 0.01318843)
(23401, 0.01420931)
(23451, 0.01211392)
(23501, 0.01279317)
(23551, 0.01271335)
(23601, 0.01491128)
(23651, 0.01303982)
(23701, 0.01436934)
(23751, 0.01336918)
(23801, 0.01487180)
(23851, 0.01422543)
(23901, 0.01776395)
(23951, 0.01246877)
(24001, 0.01442909)
(24051, 0.01479154)
(24101, 0.01389222)
(24151, 0.01645638)
(24201, 0.01314012)
(24251, 0.01416084)
(24301, 0.01412914)
(24351, 0.01323413)
(24401, 0.01171156)
(24451, 0.01373841)
(24501, 0.01474219)
(24551, 0.01282140)
(24601, 0.01276068)
(24651, 0.01228046)
(24701, 0.01187461)
(24751, 0.01371414)
(24801, 0.01485899)
(24851, 0.01283484)
(24901, 0.01484838)
(24951, 0.01230957)
(25001, 0.01238181)
(25051, 0.01246498)
(25101, 0.01318481)
(25151, 0.01260199)
(25201, 0.01192673)
(25251, 0.01281352)
(25301, 0.01244686)
(25351, 0.01175766)
(25401, 0.01302105)
(25451, 0.01395988)
(25501, 0.01180378)
(25551, 0.01339679)
(25601, 0.01305043)
(25651, 0.01447000)
(25701, 0.01396115)
(25751, 0.01155305)
(25801, 0.01220166)
(25851, 0.01320474)
(25901, 0.01315242)
(25951, 0.01197427)
(26001, 0.01284590)
(26051, 0.01238859)
(26101, 0.01172029)
(26151, 0.01609454)
(26201, 0.01222852)
(26251, 0.01287172)
(26301, 0.01166183)
(26351, 0.01216288)
(26401, 0.01225448)
(26451, 0.01199481)
(26501, 0.01294879)
(26551, 0.01404524)
(26601, 0.01292476)
(26651, 0.01365860)
(26701, 0.01194520)
(26751, 0.01216607)
(26801, 0.01538268)
(26851, 0.01341036)
(26901, 0.01215692)
(26951, 0.01485849)
(27001, 0.01265841)
(27051, 0.01389930)
(27101, 0.01500879)
(27151, 0.01241341)
(27201, 0.01380159)
(27251, 0.01187339)
(27301, 0.01277273)
(27351, 0.01316558)
(27401, 0.01614563)
(27451, 0.01132623)
(27501, 0.01326180)
(27551, 0.01277579)
(27601, 0.01311869)
(27651, 0.01271289)
(27701, 0.01235203)
(27751, 0.01197669)
(27801, 0.01242608)
(27851, 0.01255568)
(27901, 0.01217201)
(27951, 0.01135348)
(28001, 0.01218598)
(28051, 0.01236933)
(28101, 0.01199066)
(28151, 0.01181893)
(28201, 0.01368998)
(28251, 0.01174803)
(28301, 0.01198977)
(28351, 0.01246652)
(28401, 0.01131227)
(28451, 0.01196465)
(28501, 0.01228404)
(28551, 0.01243957)
(28601, 0.01152517)
(28651, 0.01407952)
(28701, 0.01178706)
(28751, 0.01179980)
(28801, 0.01291155)
(28851, 0.01122374)
(28901, 0.01159468)
(28951, 0.01221525)
(29001, 0.01440126)
(29051, 0.01462578)
(29101, 0.01340927)
(29151, 0.01162726)
(29201, 0.01305103)
(29251, 0.01336557)
(29301, 0.01226968)
(29351, 0.01214553)
(29401, 0.01381779)
(29451, 0.01277848)
(29501, 0.01134382)
(29551, 0.01223419)
(29601, 0.01209289)
(29651, 0.01344132)
(29701, 0.01264407)
(29751, 0.01196502)
(29801, 0.01109121)
(29851, 0.01311029)
(29901, 0.01325056)
(29951, 0.01256938)
(30001, 0.01212716)
(30051, 0.01202380)
(30101, 0.01299904)
(30151, 0.01083539)
(30201, 0.01359589)
(30251, 0.01285250)
(30301, 0.01115995)
(30351, 0.01276733)
(30401, 0.01580820)
(30451, 0.01217249)
(30501, 0.01359510)
(30551, 0.01269504)
(30601, 0.01236939)
(30651, 0.01120825)
(30701, 0.01287301)
(30751, 0.01302891)
(30801, 0.01218842)
(30851, 0.01077537)
(30901, 0.01170472)
(30951, 0.01043803)
(31001, 0.01128236)
(31051, 0.01201224)
(31101, 0.01213835)
(31151, 0.01279502)
(31201, 0.01316172)
(31251, 0.01136856)
(31301, 0.01062132)
(31351, 0.01243203)
(31401, 0.01237868)
(31451, 0.01174744)
(31501, 0.01129967)
(31551, 0.01185689)
(31601, 0.01387563)
(31651, 0.01228300)
(31701, 0.01338898)
(31751, 0.01685887)
(31801, 0.01226152)
(31851, 0.01163313)
(31901, 0.01219895)
(31951, 0.01144786)
(32001, 0.01194448)
(32051, 0.01069823)
(32101, 0.01466687)
(32151, 0.01143316)
(32201, 0.01220383)
(32251, 0.01231262)
(32301, 0.01174885)
(32351, 0.01173596)
(32401, 0.01368575)
(32451, 0.01058782)
(32501, 0.01181478)
(32551, 0.01245953)
(32601, 0.01134106)
(32651, 0.01172678)
(32701, 0.01116353)
(32751, 0.01165326)
(32801, 0.01276371)
(32851, 0.01104924)
(32901, 0.01279368)
(32951, 0.01019194)
(33001, 0.01329494)
(33051, 0.01053910)
(33101, 0.01103092)
(33151, 0.01063336)
(33201, 0.01063346)
(33251, 0.01126920)
(33301, 0.01131989)
(33351, 0.01297324)
(33401, 0.01159729)
(33451, 0.01282202)
(33501, 0.01093065)
(33551, 0.01200544)
(33601, 0.01213536)
(33651, 0.01028819)
(33701, 0.01049758)
(33751, 0.01242703)
(33801, 0.00977051)
(33851, 0.01129924)
(33901, 0.01058264)
(33951, 0.01056562)
(34001, 0.01184504)
(34051, 0.01061785)
(34101, 0.01170039)
(34151, 0.01115960)
(34201, 0.01138236)
(34251, 0.01190607)
(34301, 0.01387118)
(34351, 0.01190895)
(34401, 0.01155963)
(34451, 0.01244254)
(34501, 0.01335424)
(34551, 0.01354870)
(34601, 0.01261273)
(34651, 0.01094252)
(34701, 0.01078683)
(34751, 0.01222271)
(34801, 0.01135528)
(34851, 0.01242826)
(34901, 0.01176968)
(34951, 0.01078975)
(35001, 0.01179270)
(35051, 0.01195901)
(35101, 0.01100537)
(35151, 0.01253042)
(35201, 0.01149209)
(35251, 0.01203728)
(35301, 0.01133057)
(35351, 0.01075813)
(35401, 0.01134168)
(35451, 0.01270721)
(35501, 0.01191881)
(35551, 0.01005255)
(35601, 0.01218254)
(35651, 0.01137547)
(35701, 0.01159795)
(35751, 0.01272649)
(35801, 0.01054024)
(35851, 0.00977118)
(35901, 0.01063905)
(35951, 0.01149322)
(36001, 0.01085362)
(36051, 0.01101130)
(36101, 0.01223376)
(36151, 0.01147503)
(36201, 0.01011826)
(36251, 0.01146301)
(36301, 0.01285450)
(36351, 0.01004618)
(36401, 0.01165776)
(36451, 0.01055057)
(36501, 0.01086004)
(36551, 0.01018831)
(36601, 0.01029441)
(36651, 0.01079537)
(36701, 0.01344819)
(36751, 0.01149415)
(36801, 0.01067044)
(36851, 0.01110801)
(36901, 0.01206168)
(36951, 0.01140493)
(37001, 0.01103507)
(37051, 0.01153759)
(37101, 0.01266511)
(37151, 0.01146335)
(37201, 0.01214607)
(37251, 0.01200830)
(37301, 0.01297452)
(37351, 0.01140455)
(37401, 0.01123238)
(37451, 0.01204154)
(37501, 0.01055993)
(37551, 0.01141702)
(37601, 0.00990046)
(37651, 0.01164739)
(37701, 0.01000714)
(37751, 0.01222369)
(37801, 0.01097202)
(37851, 0.01214394)
(37901, 0.01186077)
(37951, 0.01092063)
(38001, 0.01043354)
(38051, 0.01257848)
(38101, 0.01097372)
(38151, 0.01361225)
(38201, 0.01016904)
(38251, 0.01071390)
(38301, 0.01185098)
(38351, 0.01134417)
(38401, 0.01063580)
(38451, 0.01072825)
(38501, 0.01185114)
(38551, 0.01061827)
(38601, 0.01123827)
(38651, 0.00999231)
(38701, 0.01115948)
(38751, 0.01157608)
(38801, 0.01120791)
(38851, 0.01126821)
(38901, 0.01011692)
(38951, 0.01172645)
(39001, 0.01151701)
(39051, 0.01053589)
(39101, 0.01250055)
(39151, 0.01219830)
(39201, 0.01139631)
(39251, 0.01132101)
(39301, 0.01006682)
(39351, 0.01061472)
(39401, 0.01251363)
(39451, 0.01043600)
(39501, 0.01225892)
(39551, 0.01014851)
(39601, 0.01057477)
(39651, 0.01080302)
(39701, 0.01224507)
(39751, 0.01020817)
(39801, 0.00979323)
(39851, 0.01111596)
(39901, 0.01092048)
(39951, 0.01105207)
(40001, 0.00961516)
(40051, 0.01153676)
(40101, 0.01015824)
(40151, 0.01143756)
(40201, 0.01216536)
(40251, 0.01028267)
(40301, 0.01102143)
(40351, 0.01111151)
(40401, 0.01107224)
(40451, 0.01009697)
(40501, 0.01222116)
(40551, 0.01026630)
(40601, 0.01111417)
(40651, 0.01236891)
(40701, 0.01069542)
(40751, 0.01115017)
(40801, 0.01110800)
(40851, 0.01155588)
(40901, 0.01155757)
(40951, 0.01059738)
(41001, 0.01001658)
(41051, 0.00978024)
(41101, 0.01209077)
(41151, 0.01045960)
(41201, 0.01194632)
(41251, 0.01214361)
(41301, 0.00984091)
(41351, 0.01025338)
(41401, 0.01087729)
(41451, 0.00956990)
(41501, 0.01003528)
(41551, 0.01140214)
(41601, 0.01131308)
(41651, 0.00988312)
(41701, 0.01082213)
(41751, 0.01079304)
(41801, 0.01029458)
(41851, 0.01259776)
(41901, 0.01208263)
(41951, 0.01090033)
(42001, 0.01206630)
(42051, 0.01049215)
(42101, 0.01150105)
(42151, 0.01138216)
(42201, 0.01122591)
(42251, 0.01142990)
(42301, 0.01129063)
(42351, 0.01130727)
(42401, 0.00995038)
(42451, 0.01016054)
(42501, 0.01099906)
(42551, 0.01083353)
(42601, 0.01002625)
(42651, 0.01004958)
(42701, 0.00910202)
(42751, 0.00999148)
(42801, 0.01230837)
(42851, 0.01048657)
(42901, 0.01199782)
(42951, 0.01184403)
(43001, 0.01150167)
(43051, 0.01129004)
(43101, 0.01058383)
(43151, 0.01069769)
(43201, 0.01199629)
(43251, 0.01108813)
(43301, 0.01014359)
(43351, 0.01476229)
(43401, 0.01074585)
(43451, 0.01031721)
(43501, 0.01021116)
(43551, 0.00961495)
(43601, 0.01066316)
(43651, 0.01061768)
(43701, 0.00928972)
(43751, 0.01204119)
(43801, 0.01062715)
(43851, 0.01061769)
(43901, 0.01048853)
(43951, 0.01381012)
(44001, 0.01025473)
(44051, 0.01078406)
(44101, 0.00970742)
(44151, 0.00953769)
(44201, 0.01098835)
(44251, 0.01030127)
(44301, 0.01081024)
(44351, 0.00966209)
(44401, 0.01078839)
(44451, 0.01011238)
(44501, 0.01003869)
(44551, 0.01056947)
(44601, 0.01063830)
(44651, 0.01041174)
(44701, 0.01040399)
(44751, 0.00984542)
(44801, 0.00965051)
(44851, 0.00936660)
(44901, 0.01162609)
(44951, 0.00941081)
(45001, 0.01019583)
(45051, 0.01066702)
(45101, 0.01021738)
(45151, 0.01030862)
(45201, 0.01017149)
(45251, 0.01121146)
(45301, 0.01145880)
(45351, 0.01029666)
(45401, 0.01086673)
(45451, 0.01204570)
(45501, 0.01155904)
(45551, 0.01048881)
(45601, 0.01085057)
(45651, 0.01097933)
(45701, 0.01076401)
(45751, 0.00885920)
(45801, 0.00996808)
(45851, 0.00949323)
(45901, 0.01090334)
(45951, 0.00963400)
(46001, 0.01018378)
(46051, 0.01033989)
(46101, 0.01163878)
(46151, 0.01125461)
(46201, 0.01048902)
(46251, 0.01012511)
(46301, 0.01140063)
(46351, 0.00995230)
(46401, 0.01142531)
(46451, 0.00911833)
(46501, 0.01088093)
(46551, 0.01066877)
(46601, 0.00928363)
(46651, 0.01004519)
(46701, 0.00979000)
(46751, 0.00964496)
(46801, 0.00922733)
(46851, 0.01127363)
(46901, 0.00936781)
(46951, 0.01087632)
(47001, 0.01045169)
(47051, 0.01117488)
(47101, 0.01274065)
(47151, 0.01099121)
(47201, 0.01104111)
(47251, 0.01284160)
(47301, 0.01011382)
(47351, 0.01088512)
(47401, 0.01115681)
(47451, 0.01056618)
(47501, 0.01094650)
(47551, 0.01105278)
(47601, 0.01028744)
(47651, 0.00985574)
(47701, 0.00932377)
(47751, 0.01157979)
(47801, 0.00970637)
(47851, 0.01132677)
(47901, 0.00992878)
(47951, 0.01018435)
(48001, 0.01032364)
(48051, 0.01016044)
(48101, 0.01066628)
(48151, 0.01127214)
(48201, 0.00966266)
(48251, 0.01008509)
(48301, 0.01038340)
(48351, 0.01079997)
(48401, 0.01139212)
(48451, 0.01045399)
(48501, 0.00903245)
(48551, 0.01045348)
(48601, 0.00938241)
(48651, 0.01027581)
(48701, 0.00936648)
(48751, 0.00914649)
(48801, 0.01027878)
(48851, 0.01020383)
(48901, 0.00929314)
(48951, 0.01017182)
(49001, 0.00946883)
(49051, 0.00976974)
(49101, 0.01000264)
(49151, 0.01024238)
(49201, 0.00976509)
(49251, 0.01027544)
(49301, 0.01062817)
(49351, 0.01172929)
(49401, 0.00893087)
(49451, 0.00974115)
(49501, 0.01196244)
(49551, 0.00981319)
(49601, 0.01000352)
(49651, 0.01090119)
(49701, 0.00916206)
(49751, 0.01061746)
(49801, 0.01263089)
(49851, 0.00971827)
(49901, 0.01156825)
(49951, 0.01129752)
(50001, 0.01060180)
(50051, 0.01026894)
(50101, 0.00997703)
(50151, 0.01038732)
(50201, 0.01067593)
(50251, 0.00927746)
(50301, 0.01088411)
(50351, 0.01081494)
(50401, 0.01024544)
(50451, 0.01015321)
(50501, 0.00964384)
(50551, 0.01070618)
(50601, 0.01053357)
(50651, 0.01016161)
(50701, 0.01022896)
(50751, 0.01041338)
(50801, 0.00924994)
(50851, 0.01117507)
(50901, 0.00967629)
(50951, 0.00951816)
(51001, 0.01011291)
(51051, 0.00881365)
(51101, 0.01002827)
(51151, 0.01037925)
(51201, 0.01055184)
(51251, 0.00988254)
(51301, 0.00938918)
(51351, 0.01244712)
(51401, 0.01010260)
(51451, 0.01028803)
(51501, 0.00931222)
(51551, 0.01010048)
(51601, 0.01028706)
(51651, 0.01069958)
(51701, 0.00932778)
(51751, 0.01059445)
(51801, 0.01002583)
(51851, 0.00912155)
(51901, 0.01104817)
(51951, 0.01068056)
(52001, 0.00991583)
(52051, 0.00973520)
(52101, 0.00984097)
(52151, 0.00954200)
(52201, 0.00944999)
(52251, 0.01003560)
(52301, 0.00931913)
(52351, 0.01056819)
(52401, 0.00959026)
(52451, 0.00934037)
(52501, 0.00922023)
(52551, 0.01033168)
(52601, 0.00972473)
(52651, 0.01034296)
(52701, 0.01135920)
(52751, 0.00974844)
(52801, 0.01024889)
(52851, 0.00950153)
(52901, 0.01022513)
(52951, 0.01168096)
(53001, 0.01025014)
(53051, 0.01022391)
(53101, 0.01051186)
(53151, 0.01059997)
(53201, 0.01051573)
(53251, 0.00912726)
(53301, 0.00986572)
(53351, 0.01050282)
(53401, 0.00968715)
(53451, 0.00938626)
(53501, 0.00874404)
(53551, 0.01144310)
(53601, 0.01031696)
(53651, 0.00966877)
(53701, 0.00992072)
(53751, 0.00968505)
(53801, 0.01085015)
(53851, 0.00968113)
(53901, 0.01043388)
(53951, 0.00934555)
(54001, 0.00921687)
(54051, 0.01031198)
(54101, 0.01147145)
(54151, 0.01070720)
(54201, 0.00992650)
(54251, 0.00937343)
(54301, 0.01143780)
(54351, 0.01014816)
(54401, 0.00972137)
(54451, 0.01026593)
(54501, 0.00998004)
(54551, 0.00996857)
(54601, 0.01007904)
(54651, 0.01020333)
(54701, 0.01040388)
(54751, 0.01048869)
(54801, 0.01033874)
(54851, 0.00954876)
(54901, 0.00928707)
(54951, 0.00960110)
(55001, 0.00993944)
(55051, 0.00954672)
(55101, 0.01071001)
(55151, 0.01040952)
(55201, 0.00950326)
(55251, 0.00958844)
(55301, 0.00930962)
(55351, 0.00995767)
(55401, 0.00979886)
(55451, 0.01034968)
(55501, 0.01084494)
(55551, 0.00905422)
(55601, 0.00965586)
(55651, 0.01065672)
(55701, 0.00921899)
(55751, 0.00960360)
(55801, 0.00945164)
(55851, 0.01021603)
(55901, 0.00991123)
(55951, 0.01169599)
(56001, 0.01012717)
(56051, 0.01040983)
(56101, 0.01095919)
(56151, 0.00944345)
(56201, 0.01153948)
(56251, 0.00849750)
(56301, 0.00863804)
(56351, 0.00956391)
(56401, 0.00909988)
(56451, 0.00915654)
(56501, 0.00922145)
(56551, 0.00989547)
(56601, 0.01005593)
(56651, 0.01006232)
(56701, 0.00917517)
(56751, 0.01078453)
(56801, 0.00911022)
(56851, 0.00960252)
(56901, 0.00960866)
(56951, 0.01125150)
(57001, 0.00828253)
(57051, 0.01024093)
(57101, 0.00973642)
(57151, 0.00932710)
(57201, 0.00915517)
(57251, 0.00999813)
(57301, 0.00987609)
(57351, 0.00965098)
(57401, 0.00966490)
(57451, 0.01240470)
(57501, 0.00954762)
(57551, 0.01129157)
(57601, 0.01092564)
(57651, 0.00957203)
(57701, 0.01017665)
(57751, 0.00955930)
(57801, 0.00915680)
(57851, 0.00954491)
(57901, 0.00955429)
(57951, 0.00899915)
(58001, 0.01039469)
(58051, 0.01038582)
(58101, 0.01063377)
(58151, 0.01000774)
(58201, 0.00938815)
(58251, 0.01106135)
(58301, 0.01139948)
(58351, 0.00925858)
(58401, 0.00885696)
(58451, 0.01117412)
(58501, 0.00944722)
(58551, 0.01111765)
(58601, 0.00949007)
(58651, 0.01015519)
(58701, 0.01022974)
(58751, 0.00871971)
(58801, 0.00950954)
(58851, 0.00951477)
(58901, 0.00965609)
(58951, 0.01005516)
(59001, 0.00880093)
(59051, 0.00987094)
(59101, 0.01044945)
(59151, 0.01155596)
(59201, 0.00961749)
(59251, 0.00983628)
(59301, 0.00898362)
(59351, 0.00967321)
(59401, 0.00925886)
(59451, 0.00951317)
(59501, 0.00960470)
(59551, 0.00986709)
(59601, 0.00888436)
(59651, 0.00977795)
(59701, 0.00943612)
(59751, 0.01021808)
(59801, 0.00885906)
(59851, 0.01079961)
(59901, 0.00873028)
(59951, 0.00828768)
(60001, 0.01080585)
(60051, 0.00946954)
(60101, 0.00961330)
(60151, 0.01026129)
(60201, 0.00963765)
(60251, 0.00911704)
(60301, 0.00928824)
(60351, 0.00969240)
(60401, 0.01033673)
(60451, 0.01037620)
(60501, 0.01005485)
(60551, 0.00852672)
(60601, 0.00984594)
(60651, 0.01030017)
(60701, 0.00914287)
(60751, 0.00835272)
(60801, 0.00952431)
(60851, 0.00907591)
(60901, 0.00872072)
(60951, 0.00971935)
(61001, 0.00946233)
(61051, 0.00888294)
(61101, 0.01107718)
(61151, 0.00912925)
(61201, 0.01011120)
(61251, 0.00893078)
(61301, 0.00925900)
(61351, 0.00889499)
(61401, 0.00942726)
(61451, 0.01006766)
(61501, 0.00994360)
(61551, 0.00868214)
(61601, 0.00966241)
(61651, 0.00974728)
(61701, 0.01042300)
(61751, 0.00990168)
(61801, 0.00865708)
(61851, 0.00987640)
(61901, 0.01023004)
(61951, 0.00959256)
(62001, 0.01033331)
(62051, 0.00861844)
(62101, 0.00909255)
(62151, 0.00912040)
(62201, 0.01063011)
(62251, 0.00858929)
(62301, 0.01028610)
(62351, 0.00898024)
(62401, 0.00937673)
(62451, 0.00873193)
(62501, 0.00858473)
(62551, 0.00802536)
(62601, 0.00980477)
(62651, 0.00925849)
(62701, 0.00965854)
(62751, 0.00914624)
(62801, 0.00999003)
(62851, 0.00983628)
(62901, 0.00989597)
(62951, 0.00894755)
(63001, 0.00995124)
(63051, 0.00920765)
(63101, 0.01013740)
(63151, 0.00947178)
(63201, 0.00850134)
(63251, 0.01006131)
(63301, 0.00907226)
(63351, 0.01048990)
(63401, 0.00882197)
(63451, 0.00862858)
(63501, 0.00946807)
(63551, 0.01031707)
(63601, 0.01032736)
(63651, 0.00876947)
(63701, 0.00858771)
(63751, 0.01003732)
(63801, 0.01061634)
(63851, 0.00966605)
(63901, 0.00913413)
(63951, 0.00915096)
(64001, 0.00971576)
(64051, 0.00901919)
(64101, 0.00874821)
(64151, 0.00965455)
(64201, 0.01107126)
(64251, 0.00969601)
(64301, 0.01011139)
(64351, 0.00947668)
(64401, 0.00928170)
(64451, 0.00916414)
(64501, 0.00870256)
(64551, 0.01044119)
(64601, 0.01000152)
(64651, 0.01006803)
(64701, 0.00917825)
(64751, 0.01081526)
(64801, 0.01122280)
(64851, 0.00956738)
(64901, 0.00870099)
(64951, 0.00954182)
(65001, 0.01066162)
(65051, 0.00851519)
(65101, 0.00886857)
(65151, 0.00900050)
(65201, 0.00853389)
(65251, 0.00849881)
(65301, 0.00923160)
(65351, 0.00942017)
(65401, 0.00888372)
(65451, 0.00987224)
(65501, 0.00949027)
(65551, 0.01030772)
(65601, 0.00919109)
(65651, 0.01034602)
(65701, 0.00945157)
(65751, 0.00875602)
(65801, 0.00910738)
(65851, 0.01009129)
(65901, 0.00862434)
(65951, 0.00907959)
(66001, 0.00868673)
(66051, 0.00985807)
(66101, 0.00905688)
(66151, 0.00933851)
(66201, 0.00843871)
(66251, 0.00901655)
(66301, 0.00998343)
(66351, 0.00897224)
(66401, 0.00992906)
(66451, 0.01032370)
(66501, 0.00830456)
(66551, 0.00912416)
(66601, 0.00949024)
(66651, 0.00999963)
(66701, 0.00883490)
(66751, 0.00885289)
(66801, 0.00847654)
(66851, 0.00821316)
(66901, 0.01040435)
(66951, 0.00807202)
(67001, 0.00892920)
(67051, 0.00983773)
(67101, 0.00964772)
(67151, 0.00807698)
(67201, 0.00872867)
(67251, 0.00922532)
(67301, 0.00897843)
(67351, 0.00889509)
(67401, 0.00918642)
(67451, 0.00946541)
(67501, 0.00952608)
(67551, 0.00904306)
(67601, 0.01137314)
(67651, 0.00848153)
(67701, 0.01060667)
(67751, 0.00916157)
(67801, 0.00912950)
(67851, 0.00985439)
(67901, 0.00969355)
(67951, 0.00965077)
(68001, 0.00918381)
(68051, 0.00987013)
(68101, 0.01001813)
(68151, 0.01056352)
(68201, 0.01043962)
(68251, 0.00880545)
(68301, 0.00961457)
(68351, 0.00922512)
(68401, 0.00951869)
(68451, 0.01287916)
(68501, 0.00888343)
(68551, 0.00923621)
(68601, 0.01013692)
(68651, 0.00938274)
(68701, 0.00990708)
(68751, 0.01037855)
(68801, 0.00916954)
(68851, 0.00868201)
(68901, 0.00910905)
(68951, 0.00843576)
(69001, 0.00958477)
(69051, 0.00964130)
(69101, 0.00874891)
(69151, 0.00875847)
(69201, 0.00967442)
(69251, 0.00924374)
(69301, 0.00963811)
(69351, 0.00990343)
(69401, 0.00870910)
(69451, 0.00988997)
(69501, 0.00989793)
(69551, 0.00886797)
(69601, 0.00925620)
(69651, 0.01145340)
(69701, 0.00905760)
(69751, 0.00985269)
(69801, 0.00881676)
(69851, 0.00870611)
(69901, 0.00965394)
(69951, 0.00844809)
(70001, 0.00954593)
(70051, 0.00864403)
(70101, 0.00893819)
(70151, 0.00836209)
(70201, 0.00852597)
(70251, 0.00958978)
(70301, 0.00953947)
(70351, 0.00865938)
(70401, 0.00819832)
(70451, 0.00935859)
(70501, 0.01359840)
(70551, 0.00902188)
(70601, 0.00934931)
(70651, 0.00933968)
(70701, 0.00788027)
(70751, 0.00997945)
(70801, 0.01066244)
(70851, 0.01009217)
(70901, 0.01026219)
(70951, 0.00944643)
(71001, 0.00886912)
(71051, 0.01165257)
(71101, 0.00947507)
(71151, 0.00927165)
(71201, 0.00962296)
(71251, 0.00935059)
(71301, 0.00911259)
(71351, 0.00841045)
(71401, 0.00799335)
(71451, 0.00919428)
(71501, 0.00843769)
(71551, 0.00882014)
(71601, 0.00876666)
(71651, 0.00904072)
(71701, 0.00951137)
(71751, 0.00857491)
(71801, 0.00825790)
(71851, 0.00990967)
(71901, 0.00905237)
(71951, 0.00854477)
(72001, 0.00979277)
(72051, 0.00812955)
(72101, 0.00913375)
(72151, 0.00984445)
(72201, 0.00809783)
(72251, 0.00979112)
(72301, 0.00845400)
(72351, 0.00917476)
(72401, 0.00812858)
(72451, 0.00926748)
(72501, 0.00974954)
(72551, 0.00865911)
(72601, 0.00927924)
(72651, 0.00837155)
(72701, 0.00885188)
(72751, 0.00945289)
(72801, 0.00854662)
(72851, 0.00852050)
(72901, 0.00882856)
(72951, 0.00958649)
(73001, 0.00869368)
(73051, 0.00796992)
(73101, 0.00846273)
(73151, 0.00979393)
(73201, 0.00875585)
(73251, 0.00958948)
(73301, 0.00888195)
(73351, 0.00917092)
(73401, 0.00894258)
(73451, 0.00845951)
(73501, 0.00845401)
(73551, 0.00927281)
(73601, 0.00926776)
(73651, 0.00852702)
(73701, 0.00940984)
(73751, 0.00799848)
(73801, 0.00889954)
(73851, 0.00943887)
(73901, 0.00954837)
(73951, 0.00881860)
(74001, 0.00913807)
(74051, 0.00890935)
(74101, 0.00970839)
(74151, 0.00938446)
(74201, 0.00985396)
(74251, 0.00841795)
(74301, 0.00927262)
(74351, 0.00964220)
(74401, 0.00915745)
(74451, 0.00837533)
(74501, 0.00940180)
(74551, 0.00837822)
(74601, 0.00909831)
(74651, 0.00972050)
(74701, 0.00816096)
(74751, 0.00885172)
(74801, 0.00856821)
(74851, 0.00856338)
(74901, 0.01127274)
(74951, 0.01008217)
(75001, 0.00797006)
(75051, 0.00813393)
(75101, 0.00862638)
(75151, 0.00904408)
(75201, 0.00889662)
(75251, 0.00897504)
(75301, 0.00894859)
(75351, 0.00879950)
(75401, 0.00877861)
(75451, 0.00834243)
(75501, 0.00999772)
(75551, 0.00839968)
(75601, 0.00869334)
(75651, 0.00872937)
(75701, 0.00967010)
(75751, 0.00916944)
(75801, 0.00859179)
(75851, 0.00927668)
(75901, 0.00994383)
(75951, 0.00881934)
(76001, 0.00818854)
(76051, 0.00811027)
(76101, 0.00803999)
(76151, 0.00918231)
(76201, 0.00855579)
(76251, 0.00899873)
(76301, 0.00871118)
(76351, 0.00859492)
(76401, 0.00951940)
(76451, 0.00801418)
(76501, 0.00994105)
(76551, 0.01018074)
(76601, 0.00924584)
(76651, 0.00862460)
(76701, 0.00858964)
(76751, 0.00877349)
(76801, 0.00921294)
(76851, 0.00882678)
(76901, 0.00914796)
(76951, 0.00925353)
(77001, 0.00895840)
(77051, 0.00996445)
(77101, 0.00840277)
(77151, 0.00889011)
(77201, 0.00879312)
(77251, 0.00904509)
(77301, 0.00862386)
(77351, 0.00892841)
(77401, 0.00893308)
(77451, 0.00793486)
(77501, 0.00970328)
(77551, 0.00932357)
(77601, 0.00825620)
(77651, 0.00806496)
(77701, 0.00924014)
(77751, 0.00895034)
(77801, 0.00754212)
(77851, 0.00956517)
(77901, 0.00887674)
(77951, 0.00850572)
(78001, 0.00885502)
(78051, 0.00865305)
(78101, 0.00896595)
(78151, 0.00874248)
(78201, 0.00944850)
(78251, 0.00829672)
(78301, 0.00877264)
(78351, 0.01043210)
(78401, 0.00852119)
(78451, 0.00899926)
(78501, 0.00850400)
(78551, 0.00879766)
(78601, 0.00856425)
(78651, 0.00835254)
(78701, 0.01090377)
(78751, 0.00842292)
(78801, 0.00806084)
(78851, 0.00876545)
(78901, 0.00999861)
(78951, 0.00834528)
(79001, 0.00887908)
(79051, 0.00831522)
(79101, 0.00834741)
(79151, 0.01062582)
(79201, 0.00905178)
(79251, 0.00898816)
(79301, 0.00929655)
(79351, 0.01071013)
(79401, 0.00961735)
(79451, 0.00855093)
(79501, 0.00826822)
(79551, 0.00867100)
(79601, 0.01021328)
(79651, 0.00870083)
(79701, 0.00883516)
(79751, 0.00853535)
(79801, 0.01064158)
(79851, 0.00801944)
(79901, 0.00887471)
(79951, 0.00852113)
(80001, 0.00864812)
(80051, 0.00871446)
(80101, 0.00822619)
(80151, 0.00824402)
(80201, 0.00847220)
(80251, 0.00791916)
(80301, 0.00955960)
(80351, 0.00772755)
(80401, 0.00917356)
(80451, 0.00825966)
(80501, 0.00993472)
(80551, 0.01063742)
(80601, 0.01104470)
(80651, 0.00861094)
(80701, 0.00916377)
(80751, 0.00798278)
(80801, 0.00920167)
(80851, 0.00784299)
(80901, 0.00822735)
(80951, 0.00853291)
(81001, 0.00832066)
(81051, 0.00821140)
(81101, 0.00872416)
(81151, 0.01070535)
(81201, 0.00897213)
(81251, 0.00805818)
(81301, 0.00896488)
(81351, 0.00904208)
(81401, 0.00912114)
(81451, 0.00830609)
(81501, 0.00892123)
(81551, 0.00863183)
(81601, 0.00926035)
(81651, 0.00785985)
(81701, 0.00835599)
(81751, 0.00816148)
(81801, 0.00833259)
(81851, 0.00845717)
(81901, 0.00947939)
(81951, 0.00910033)
(82001, 0.01013776)
(82051, 0.00790491)
(82101, 0.00875492)
(82151, 0.00871410)
(82201, 0.00824942)
(82251, 0.00932985)
(82301, 0.00973864)
(82351, 0.00800682)
(82401, 0.00858031)
(82451, 0.01029117)
(82501, 0.00814052)
(82551, 0.00965018)
(82601, 0.01024569)
(82651, 0.00856536)
(82701, 0.00881843)
(82751, 0.00886060)
(82801, 0.00841781)
(82851, 0.00809302)
(82901, 0.00915144)
(82951, 0.00785821)
(83001, 0.00747956)
(83051, 0.00883623)
(83101, 0.00889255)
(83151, 0.00786370)
(83201, 0.00889087)
(83251, 0.00944414)
(83301, 0.00773931)
(83351, 0.00951379)
(83401, 0.00791497)
(83451, 0.00850274)
(83501, 0.00877411)
(83551, 0.00836621)
(83601, 0.00827684)
(83651, 0.00996485)
(83701, 0.00858591)
(83751, 0.00790864)
(83801, 0.00855361)
(83851, 0.00882845)
(83901, 0.00844016)
(83951, 0.00962589)
(84001, 0.00851863)
(84051, 0.01085334)
(84101, 0.00942048)
(84151, 0.00777605)
(84201, 0.00821530)
(84251, 0.00846121)
(84301, 0.00973072)
(84351, 0.00922809)
(84401, 0.00810817)
(84451, 0.01044361)
(84501, 0.00845128)
(84551, 0.00861274)
(84601, 0.00860594)
(84651, 0.00838875)
(84701, 0.01001952)
(84751, 0.00937529)
(84801, 0.01074094)
(84851, 0.00810724)
(84901, 0.00867203)
(84951, 0.00870882)
(85001, 0.00835704)
(85051, 0.00807097)
(85101, 0.00828130)
(85151, 0.00852220)
(85201, 0.00948721)
(85251, 0.00908522)
(85301, 0.00863334)
(85351, 0.00847706)
(85401, 0.00861792)
(85451, 0.00869492)
(85501, 0.00859254)
(85551, 0.00903875)
(85601, 0.00831415)
(85651, 0.00953406)
(85701, 0.00958229)
(85751, 0.00827692)
(85801, 0.00844830)
(85851, 0.00877606)
(85901, 0.00939960)
(85951, 0.00870374)
(86001, 0.00762811)
(86051, 0.00843820)
(86101, 0.00816005)
(86151, 0.00757044)
(86201, 0.00894322)
(86251, 0.00767238)
(86301, 0.00971752)
(86351, 0.00917374)
(86401, 0.00851214)
(86451, 0.00792090)
(86501, 0.00781323)
(86551, 0.00910986)
(86601, 0.00867091)
(86651, 0.00814383)
(86701, 0.00886729)
(86751, 0.00836876)
(86801, 0.00802808)
(86851, 0.00858277)
(86901, 0.00893769)
(86951, 0.00828293)
(87001, 0.00788908)
(87051, 0.00845720)
(87101, 0.00916374)
(87151, 0.00842358)
(87201, 0.00771605)
(87251, 0.00841415)
(87301, 0.00767439)
(87351, 0.00828057)
(87401, 0.00885381)
(87451, 0.00944075)
(87501, 0.00937281)
(87551, 0.00822876)
(87601, 0.00845081)
(87651, 0.00774241)
(87701, 0.01000855)
(87751, 0.00904382)
(87801, 0.00932368)
(87851, 0.00876399)
(87901, 0.00776893)
(87951, 0.00816137)
(88001, 0.00981075)
(88051, 0.00941493)
(88101, 0.00947346)
(88151, 0.00823686)
(88201, 0.00960988)
(88251, 0.00771732)
(88301, 0.01036128)
(88351, 0.01050342)
(88401, 0.00769278)
(88451, 0.00843362)
(88501, 0.00874193)
(88551, 0.00796946)
(88601, 0.00817086)
(88651, 0.00847449)
(88701, 0.00806548)
(88751, 0.00889924)
(88801, 0.00945643)
(88851, 0.00915966)
(88901, 0.00860147)
(88951, 0.00802443)
(89001, 0.00808384)
(89051, 0.00899619)
(89101, 0.00792283)
(89151, 0.00831266)
(89201, 0.00781092)
(89251, 0.00839959)
(89301, 0.00797468)
(89351, 0.00815796)
(89401, 0.00877652)
(89451, 0.00764084)
(89501, 0.00832185)
(89551, 0.00919456)
(89601, 0.00898239)
(89651, 0.00873936)
(89701, 0.00837482)
(89751, 0.00906621)
(89801, 0.00889885)
(89851, 0.00791092)
(89901, 0.00848171)
(89951, 0.00893323)
(90001, 0.00802375)
(90051, 0.00829810)
(90101, 0.00856828)
(90151, 0.00814342)
(90201, 0.00863236)
(90251, 0.00768401)
(90301, 0.00771253)
(90351, 0.00933767)
(90401, 0.00818161)
(90451, 0.00867762)
(90501, 0.00714484)
(90551, 0.00808865)
(90601, 0.00867621)
(90651, 0.00898893)
(90701, 0.00828793)
(90751, 0.00788870)
(90801, 0.00953850)
(90851, 0.00937612)
(90901, 0.00817568)
(90951, 0.00921455)
(91001, 0.00835631)
(91051, 0.00822911)
(91101, 0.00797218)
(91151, 0.00878901)
(91201, 0.01047807)
(91251, 0.00952764)
(91301, 0.00870414)
(91351, 0.00874009)
(91401, 0.00844567)
(91451, 0.00829106)
(91501, 0.00815289)
(91551, 0.00879392)
(91601, 0.01023961)
(91651, 0.00844586)
(91701, 0.00755789)
(91751, 0.00837696)
(91801, 0.00897368)
(91851, 0.00929171)
(91901, 0.00789652)
(91951, 0.01013802)
(92001, 0.00845353)
(92051, 0.00802445)
(92101, 0.00838842)
(92151, 0.00949162)
(92201, 0.00757891)
(92251, 0.00821362)
(92301, 0.00768968)
(92351, 0.00872019)
(92401, 0.00759059)
(92451, 0.00903385)
(92501, 0.00778770)
(92551, 0.00973639)
(92601, 0.00796824)
(92651, 0.00866092)
(92701, 0.00948366)
(92751, 0.00886472)
(92801, 0.00895103)
(92851, 0.00825553)
(92901, 0.00784119)
(92951, 0.00801801)
(93001, 0.00779464)
(93051, 0.00803984)
(93101, 0.00926034)
(93151, 0.00803617)
(93201, 0.00768338)
(93251, 0.00733656)
(93301, 0.00871143)
(93351, 0.00770872)
(93401, 0.00785299)
(93451, 0.00870974)
(93501, 0.00937970)
(93551, 0.00768064)
(93601, 0.00787614)
(93651, 0.00803828)
(93701, 0.00792004)
(93751, 0.00737216)
(93801, 0.00749396)
(93851, 0.00741378)
(93901, 0.00820579)
(93951, 0.00788040)
(94001, 0.00768107)
(94051, 0.00876762)
(94101, 0.00780422)
(94151, 0.00886661)
(94201, 0.00794034)
(94251, 0.00835864)
(94301, 0.00762620)
(94351, 0.00910362)
(94401, 0.00922093)
(94451, 0.00803238)
(94501, 0.00777610)
(94551, 0.00783052)
(94601, 0.00779320)
(94651, 0.00871549)
(94701, 0.00797966)
(94751, 0.00756300)
(94801, 0.00797773)
(94851, 0.00820484)
(94901, 0.00773308)
(94951, 0.00760892)
(95001, 0.00828898)
(95051, 0.00822635)
(95101, 0.00865072)
(95151, 0.00869541)
(95201, 0.01037843)
(95251, 0.01009978)
(95301, 0.00961509)
(95351, 0.00858634)
(95401, 0.00885778)
(95451, 0.00796945)
(95501, 0.00807863)
(95551, 0.00788345)
(95601, 0.00781115)
(95651, 0.00796373)
(95701, 0.00826927)
(95751, 0.00773636)
(95801, 0.00825541)
(95851, 0.00827963)
(95901, 0.00910359)
(95951, 0.00786622)
(96001, 0.00788592)
(96051, 0.00824108)
(96101, 0.00909254)
(96151, 0.00780623)
(96201, 0.00873769)
(96251, 0.00862375)
(96301, 0.00765258)
(96351, 0.00831269)
(96401, 0.00903543)
(96451, 0.00895851)
(96501, 0.00796685)
(96551, 0.00816014)
(96601, 0.00787519)
(96651, 0.00773576)
(96701, 0.00805243)
(96751, 0.00904405)
(96801, 0.00862271)
(96851, 0.00903458)
(96901, 0.00873000)
(96951, 0.00756258)
(97001, 0.00868133)
(97051, 0.00820359)
(97101, 0.00794067)
(97151, 0.00841607)
(97201, 0.00783552)
(97251, 0.00847031)
(97301, 0.00801873)
(97351, 0.00873417)
(97401, 0.00766858)
(97451, 0.00845204)
(97501, 0.00836990)
(97551, 0.00968819)
(97601, 0.00700561)
(97651, 0.00844265)
(97701, 0.00884097)
(97751, 0.00899985)
(97801, 0.01039592)
(97851, 0.00868769)
(97901, 0.00880876)
(97951, 0.00854975)
(98001, 0.00886256)
(98051, 0.00839541)
(98101, 0.00897275)
(98151, 0.00784710)
(98201, 0.00912545)
(98251, 0.00816633)
(98301, 0.00821450)
(98351, 0.00752176)
(98401, 0.00852002)
(98451, 0.00814707)
(98501, 0.00924159)
(98551, 0.00769964)
(98601, 0.00864688)
(98651, 0.00788807)
(98701, 0.00845231)
(98751, 0.00736401)
(98801, 0.00990452)
(98851, 0.00819177)
(98901, 0.00777279)
(98951, 0.00909962)
(99001, 0.00932321)
(99051, 0.00872666)
(99101, 0.00867115)
(99151, 0.00806780)
(99201, 0.00849656)
(99251, 0.00779738)
(99301, 0.00755178)
(99351, 0.00922295)
(99401, 0.00886208)
(99451, 0.00807640)
(99501, 0.00781321)
(99551, 0.00841790)
(99601, 0.00776742)
(99651, 0.00833764)
(99701, 0.00766688)
(99751, 0.00819715)
(99801, 0.00723269)
(99851, 0.00800551)
(99901, 0.00881989)
(99951, 0.00745758)
(100001, 0.00793316)
(100051, 0.00844586)
(100101, 0.00914389)
(100151, 0.00763688)
(100201, 0.00868566)
(100251, 0.00796088)
(100301, 0.00835193)
(100351, 0.00816803)
(100401, 0.01038973)
(100451, 0.00798757)
(100501, 0.00808088)
(100551, 0.00901867)
(100601, 0.00894756)
(100651, 0.00736539)
(100701, 0.00837598)
(100751, 0.00881159)
(100801, 0.00910116)
(100851, 0.00815606)
(100901, 0.01015686)
(100951, 0.00721570)
(101001, 0.00913860)
(101051, 0.00771210)
(101101, 0.00973757)
(101151, 0.00796630)
(101201, 0.00809170)
(101251, 0.00747172)
(101301, 0.00836510)
(101351, 0.00849828)
(101401, 0.00768801)
(101451, 0.00805906)
(101501, 0.00860682)
(101551, 0.00754092)
(101601, 0.00773470)
(101651, 0.00877826)
(101701, 0.00806914)
(101751, 0.00884769)
(101801, 0.00833186)
(101851, 0.00759709)
(101901, 0.00831430)
(101951, 0.00867408)
(102001, 0.00916396)
(102051, 0.00837074)
(102101, 0.00859433)
(102151, 0.00843483)
(102201, 0.00830364)
(102251, 0.00806527)
(102301, 0.00747465)
(102351, 0.01067787)
(102401, 0.00795007)
(102451, 0.00797636)
(102501, 0.00781373)
(102551, 0.00777146)
(102601, 0.00939193)
(102651, 0.00859116)
(102701, 0.00800832)
(102751, 0.00806727)
(102801, 0.00803229)
(102851, 0.00836079)
(102901, 0.00888924)
(102951, 0.00760038)
(103001, 0.00734002)
(103051, 0.00748162)
(103101, 0.00870097)
(103151, 0.00734797)
(103201, 0.00987312)
(103251, 0.00839425)
(103301, 0.00858258)
(103351, 0.00783699)
(103401, 0.00860130)
(103451, 0.00832046)
(103501, 0.00771029)
(103551, 0.00694291)
(103601, 0.00909959)
(103651, 0.00889653)
(103701, 0.00802894)
(103751, 0.00903972)
(103801, 0.00729972)
(103851, 0.00861892)
(103901, 0.00736367)
(103951, 0.00822718)
(104001, 0.00917074)
(104051, 0.00804137)
(104101, 0.00815226)
(104151, 0.00834092)
(104201, 0.00914138)
(104251, 0.00781625)
(104301, 0.00810929)
(104351, 0.00857098)
(104401, 0.00806581)
(104451, 0.00825021)
(104501, 0.00797447)
(104551, 0.00865142)
(104601, 0.00815062)
(104651, 0.00805917)
(104701, 0.00821397)
(104751, 0.00839172)
(104801, 0.00787431)
(104851, 0.00725931)
(104901, 0.00842389)
(104951, 0.00875867)
(105001, 0.00776113)
(105051, 0.00709302)
(105101, 0.00796800)
(105151, 0.00977853)
(105201, 0.00916484)
(105251, 0.00819474)
(105301, 0.00769921)
(105351, 0.00756499)
(105401, 0.00851443)
(105451, 0.00880388)
(105501, 0.00937703)
(105551, 0.00786912)
(105601, 0.00955689)
(105651, 0.00912768)
(105701, 0.00859018)
(105751, 0.00779393)
(105801, 0.00830393)
(105851, 0.00781484)
(105901, 0.00788717)
(105951, 0.00796195)
(106001, 0.00908507)
(106051, 0.00746050)
(106101, 0.00731569)
(106151, 0.00798507)
(106201, 0.00872477)
(106251, 0.00761637)
(106301, 0.00907566)
(106351, 0.00797926)
(106401, 0.00751722)
(106451, 0.00878203)
(106501, 0.00825216)
(106551, 0.00845749)
(106601, 0.00894978)
(106651, 0.00797229)
(106701, 0.00771366)
(106751, 0.00782138)
(106801, 0.00759413)
(106851, 0.00822560)
(106901, 0.00866161)
(106951, 0.00887325)
(107001, 0.00761117)
(107051, 0.00751281)
(107101, 0.00812562)
(107151, 0.00793304)
(107201, 0.00865264)
(107251, 0.00814195)
(107301, 0.00832235)
(107351, 0.00830687)
(107401, 0.00839572)
(107451, 0.00819725)
(107501, 0.00816082)
(107551, 0.00789155)
(107601, 0.00815136)
(107651, 0.00835873)
(107701, 0.00809836)
(107751, 0.00699694)
(107801, 0.00792234)
(107851, 0.00784024)
(107901, 0.00742810)
(107951, 0.00815757)
(108001, 0.00758210)
(108051, 0.00770110)
(108101, 0.00730357)
(108151, 0.00779379)
(108201, 0.00798525)
(108251, 0.00852379)
(108301, 0.00840890)
(108351, 0.00770842)
(108401, 0.00758430)
(108451, 0.00897128)
(108501, 0.00808177)
(108551, 0.00900831)
(108601, 0.00850004)
(108651, 0.00758928)
(108701, 0.00791447)
(108751, 0.00893142)
(108801, 0.00782476)
(108851, 0.00767219)
(108901, 0.00834919)
(108951, 0.00807995)
(109001, 0.00897225)
(109051, 0.00768549)
(109101, 0.00696553)
(109151, 0.00887429)
(109201, 0.00708030)
(109251, 0.00795081)
(109301, 0.00714889)
(109351, 0.00724976)
(109401, 0.00772381)
(109451, 0.00855107)
(109501, 0.00882407)
(109551, 0.00763959)
(109601, 0.00786102)
(109651, 0.00795510)
(109701, 0.00843444)
(109751, 0.00802398)
(109801, 0.00812955)
(109851, 0.00759924)
(109901, 0.00832694)
(109951, 0.00946206)
(110001, 0.00750591)
(110051, 0.00782059)
(110101, 0.00814080)
(110151, 0.00739187)
(110201, 0.00765827)
(110251, 0.00823962)
(110301, 0.00721728)
(110351, 0.00794669)
(110401, 0.00743632)
(110451, 0.00717538)
(110501, 0.00784670)
(110551, 0.00782861)
(110601, 0.00914035)
(110651, 0.00826481)
(110701, 0.00807659)
(110751, 0.00728159)
(110801, 0.00830771)
(110851, 0.00733323)
(110901, 0.00836841)
(110951, 0.00782614)
(111001, 0.00890199)
(111051, 0.00758320)
(111101, 0.00818070)
(111151, 0.00858582)
(111201, 0.00812127)
(111251, 0.00892682)
(111301, 0.00782933)
(111351, 0.00916421)
(111401, 0.00728741)
(111451, 0.00766648)
(111501, 0.00831646)
(111551, 0.00697557)
(111601, 0.00890702)
(111651, 0.00814473)
(111701, 0.00808079)
(111751, 0.00804113)
(111801, 0.00784455)
(111851, 0.00854116)
(111901, 0.00763369)
(111951, 0.00840035)
(112001, 0.00729667)
(112051, 0.00778406)
(112101, 0.00794919)
(112151, 0.00719104)
(112201, 0.00788461)
(112251, 0.00923213)
(112301, 0.00643670)
(112351, 0.00821209)
(112401, 0.00774143)
(112451, 0.00796476)
(112501, 0.00698709)
(112551, 0.00739232)
(112601, 0.00769262)
(112651, 0.00724748)
(112701, 0.00717708)
(112751, 0.00782026)
(112801, 0.00708709)
(112851, 0.00857755)
(112901, 0.00773021)
(112951, 0.00761381)
(113001, 0.00817895)
(113051, 0.00858041)
(113101, 0.00773763)
(113151, 0.00755702)
(113201, 0.00770765)
(113251, 0.00726984)
(113301, 0.00947561)
(113351, 0.00786467)
(113401, 0.00748915)
(113451, 0.00780395)
(113501, 0.00746918)
(113551, 0.00825636)
(113601, 0.00837550)
(113651, 0.00774383)
(113701, 0.00762552)
(113751, 0.00796790)
(113801, 0.00812838)
(113851, 0.00824169)
(113901, 0.00761594)
(113951, 0.00747676)
(114001, 0.00724376)
(114051, 0.00820135)
(114101, 0.00770183)
(114151, 0.00804609)
(114201, 0.00790582)
(114251, 0.00757717)
(114301, 0.00855286)
(114351, 0.00764774)
(114401, 0.00816242)
(114451, 0.00773861)
(114501, 0.00797035)
(114551, 0.00861341)
(114601, 0.00809196)
(114651, 0.00754018)
(114701, 0.00834664)
(114751, 0.00729812)
(114801, 0.00757839)
(114851, 0.00847810)
(114901, 0.00851971)
(114951, 0.00705841)
(115001, 0.00745421)
(115051, 0.00917764)
(115101, 0.00789716)
(115151, 0.00810174)
(115201, 0.00738563)
(115251, 0.00825845)
(115301, 0.00764166)
(115351, 0.00718084)
(115401, 0.00832259)
(115451, 0.00768542)
(115501, 0.00760815)
(115551, 0.00798145)
(115601, 0.00851570)
(115651, 0.00866378)
(115701, 0.00843481)
(115751, 0.00785601)
(115801, 0.00831620)
(115851, 0.00951607)
(115901, 0.00783037)
(115951, 0.00873008)
(116001, 0.01003330)
(116051, 0.00784693)
(116101, 0.00742331)
(116151, 0.00863111)
(116201, 0.00735677)
(116251, 0.00722564)
(116301, 0.00823888)
(116351, 0.00799536)
(116401, 0.00801848)
(116451, 0.00790976)
(116501, 0.00882338)
(116551, 0.00893263)
(116601, 0.00776596)
(116651, 0.00718589)
(116701, 0.00805586)
(116751, 0.00858379)
(116801, 0.00718892)
(116851, 0.00820009)
(116901, 0.00740251)
(116951, 0.00784961)
(117001, 0.00737525)
(117051, 0.00794672)
(117101, 0.00785156)
(117151, 0.00693260)
(117201, 0.00825869)
(117251, 0.00975125)
(117301, 0.00853857)
(117351, 0.00821236)
(117401, 0.00789297)
(117451, 0.00786868)
(117501, 0.00804418)
(117551, 0.00769128)
(117601, 0.00899362)
(117651, 0.00788143)
(117701, 0.00775433)
(117751, 0.00677317)
(117801, 0.00842907)
(117851, 0.00761059)
(117901, 0.00787728)
(117951, 0.00821753)
(118001, 0.00771703)
(118051, 0.00755016)
(118101, 0.00884335)
(118151, 0.00785891)
(118201, 0.00851953)
(118251, 0.00751053)
(118301, 0.00908364)
(118351, 0.00750940)
(118401, 0.00785231)
(118451, 0.00717895)
(118501, 0.00776007)
(118551, 0.00774971)
(118601, 0.00818016)
(118651, 0.00690058)
(118701, 0.00739757)
(118751, 0.00679992)
(118801, 0.00796522)
(118851, 0.00864683)
(118901, 0.00791164)
(118951, 0.00657731)
(119001, 0.00733883)
(119051, 0.00831112)
(119101, 0.00858788)
(119151, 0.00827753)
(119201, 0.00872437)
(119251, 0.00729283)
(119301, 0.00848274)
(119351, 0.00783630)
(119401, 0.00727539)
(119451, 0.00820952)
(119501, 0.00814721)
(119551, 0.00812241)
(119601, 0.00753746)
(119651, 0.00815218)
(119701, 0.00730577)
(119751, 0.01080114)
(119801, 0.00806466)
(119851, 0.00783854)
(119901, 0.00821114)
(119951, 0.00749283)
(120001, 0.00797219)
(120051, 0.00876901)
(120101, 0.00795448)
(120151, 0.00767395)
(120201, 0.00829158)
(120251, 0.00827514)
(120301, 0.00802369)
(120351, 0.00757918)
(120401, 0.00782046)
(120451, 0.00834375)
(120501, 0.00752223)
(120551, 0.00829421)
(120601, 0.00863071)
(120651, 0.00737244)
(120701, 0.00782028)
(120751, 0.00827417)
(120801, 0.00863331)
(120851, 0.00753026)
(120901, 0.00729109)
(120951, 0.00787149)
(121001, 0.00876569)
(121051, 0.00719043)
(121101, 0.00780546)
(121151, 0.00741287)
(121201, 0.00863214)
(121251, 0.00777492)
(121301, 0.00742255)
(121351, 0.00741223)
(121401, 0.00709504)
(121451, 0.00834487)
(121501, 0.00760126)
(121551, 0.00808382)
(121601, 0.00810225)
(121651, 0.00777239)
(121701, 0.00727397)
(121751, 0.00729512)
(121801, 0.00756657)
(121851, 0.00862778)
(121901, 0.00733386)
(121951, 0.00786034)
(122001, 0.00723115)
(122051, 0.00689627)
(122101, 0.00709909)
(122151, 0.00702623)
(122201, 0.00828886)
(122251, 0.00728042)
(122301, 0.00758534)
(122351, 0.00783367)
(122401, 0.00790422)
(122451, 0.00802781)
(122501, 0.00695020)
(122551, 0.00869144)
(122601, 0.00767685)
(122651, 0.00827974)
(122701, 0.00820319)
(122751, 0.00825864)
(122801, 0.00734808)
(122851, 0.00709698)
(122901, 0.00717188)
(122951, 0.00745353)
(123001, 0.00721511)
(123051, 0.00771431)
(123101, 0.00763827)
(123151, 0.00878709)
(123201, 0.00859245)
(123251, 0.00828997)
(123301, 0.00715974)
(123351, 0.00829878)
(123401, 0.00756786)
(123451, 0.00742795)
(123501, 0.00734400)
(123551, 0.00820499)
(123601, 0.00707324)
(123651, 0.00807828)
(123701, 0.00715399)
(123751, 0.00821682)
(123801, 0.00784822)
(123851, 0.00699781)
(123901, 0.00694127)
(123951, 0.00817938)
(124001, 0.00730474)
(124051, 0.00732924)
(124101, 0.00848826)
(124151, 0.00743590)
(124201, 0.00803908)
(124251, 0.00725407)
(124301, 0.00723483)
(124351, 0.00808184)
(124401, 0.00769157)
(124451, 0.00720279)
(124501, 0.00850040)
(124551, 0.00839732)
(124601, 0.00797220)
(124651, 0.00870956)
(124701, 0.00810739)
(124751, 0.00766574)
(124801, 0.00737928)
(124851, 0.00938801)
(124901, 0.00814050)
(124951, 0.00799921)
