(1, 0.74160507)
(51, 0.15787547)
(101, 0.13904462)
(151, 0.12073142)
(201, 0.11299491)
(251, 0.09719156)
(301, 0.09380180)
(351, 0.08308317)
(401, 0.08013015)
(451, 0.06909932)
(501, 0.07315351)
(551, 0.06888583)
(601, 0.06602994)
(651, 0.05929204)
(701, 0.06247334)
(751, 0.05681353)
(801, 0.06685055)
(851, 0.05160388)
(901, 0.05568133)
(951, 0.05136835)
(1001, 0.05486107)
(1051, 0.05806901)
(1101, 0.05464429)
(1151, 0.05529177)
(1201, 0.04594189)
(1251, 0.04994053)
(1301, 0.05301385)
(1351, 0.04573862)
(1401, 0.05747289)
(1451, 0.04853267)
(1501, 0.05065208)
(1551, 0.04644303)
(1601, 0.03976208)
(1651, 0.04340106)
(1701, 0.04585312)
(1751, 0.04459179)
(1801, 0.04483790)
(1851, 0.03800110)
(1901, 0.03587354)
(1951, 0.04671315)
(2001, 0.03933500)
(2051, 0.04023679)
(2101, 0.03857335)
(2151, 0.04649708)
(2201, 0.03935427)
(2251, 0.04375165)
(2301, 0.03946963)
(2351, 0.03997959)
(2401, 0.03714563)
(2451, 0.04537140)
(2501, 0.03371112)
(2551, 0.03311326)
(2601, 0.03493607)
(2651, 0.03549501)
(2701, 0.03939121)
(2751, 0.03775064)
(2801, 0.03590255)
(2851, 0.03813022)
(2901, 0.03860014)
(2951, 0.03444369)
(3001, 0.03368593)
(3051, 0.03330197)
(3101, 0.03222663)
(3151, 0.03563547)
(3201, 0.03421946)
(3251, 0.03986670)
(3301, 0.03956169)
(3351, 0.04371146)
(3401, 0.04825649)
(3451, 0.03283539)
(3501, 0.03671762)
(3551, 0.03484427)
(3601, 0.03760517)
(3651, 0.03462702)
(3701, 0.03303045)
(3751, 0.03264223)
(3801, 0.03287828)
(3851, 0.03142140)
(3901, 0.03155034)
(3951, 0.03682636)
(4001, 0.03224019)
(4051, 0.03186814)
(4101, 0.03414696)
(4151, 0.02853724)
(4201, 0.03222393)
(4251, 0.02858417)
(4301, 0.02568370)
(4351, 0.03039376)
(4401, 0.03469877)
(4451, 0.02605740)
(4501, 0.02587624)
(4551, 0.02967743)
(4601, 0.03065752)
(4651, 0.03033749)
(4701, 0.03055746)
(4751, 0.02595726)
(4801, 0.02999256)
(4851, 0.03521974)
(4901, 0.02677236)
(4951, 0.02887035)
(5001, 0.02852577)
(5051, 0.02813246)
(5101, 0.03381053)
(5151, 0.02990947)
(5201, 0.02609937)
(5251, 0.02991034)
(5301, 0.02367164)
(5351, 0.02473279)
(5401, 0.02964181)
(5451, 0.02977037)
(5501, 0.03110860)
(5551, 0.02849889)
(5601, 0.03061288)
(5651, 0.02943554)
(5701, 0.02610634)
(5751, 0.03211470)
(5801, 0.02254521)
(5851, 0.02700549)
(5901, 0.02838850)
(5951, 0.02709858)
(6001, 0.02597213)
(6051, 0.02778670)
(6101, 0.02502024)
(6151, 0.03172418)
(6201, 0.02507377)
(6251, 0.02641909)
(6301, 0.02790950)
(6351, 0.02510874)
(6401, 0.02554242)
(6451, 0.02178615)
(6501, 0.02591055)
(6551, 0.02435218)
(6601, 0.02397225)
(6651, 0.02485277)
(6701, 0.02969411)
(6751, 0.02354201)
(6801, 0.02279063)
(6851, 0.02847222)
(6901, 0.02686927)
(6951, 0.02591819)
(7001, 0.02531751)
(7051, 0.03273345)
(7101, 0.02200072)
(7151, 0.02470869)
(7201, 0.03044596)
(7251, 0.02743953)
(7301, 0.02744417)
(7351, 0.02636440)
(7401, 0.02338298)
(7451, 0.02317114)
(7501, 0.02648144)
(7551, 0.02171998)
(7601, 0.02672340)
(7651, 0.02298391)
(7701, 0.02381969)
(7751, 0.02394582)
(7801, 0.02652516)
(7851, 0.02217953)
(7901, 0.02288445)
(7951, 0.02173364)
(8001, 0.02411110)
(8051, 0.02090572)
(8101, 0.02264721)
(8151, 0.03151220)
(8201, 0.02396830)
(8251, 0.02498447)
(8301, 0.02277693)
(8351, 0.02150301)
(8401, 0.02348158)
(8451, 0.02271784)
(8501, 0.02489926)
(8551, 0.02817824)
(8601, 0.02355343)
(8651, 0.02382870)
(8701, 0.02396631)
(8751, 0.02020652)
(8801, 0.02063398)
(8851, 0.02158486)
(8901, 0.02292786)
(8951, 0.02731465)
(9001, 0.02297850)
(9051, 0.02143517)
(9101, 0.02172759)
(9151, 0.02071581)
(9201, 0.02433413)
(9251, 0.01986816)
(9301, 0.01967664)
(9351, 0.02396864)
(9401, 0.02201093)
(9451, 0.02274353)
(9501, 0.02115709)
(9551, 0.02304234)
(9601, 0.02436372)
(9651, 0.02032314)
(9701, 0.02041700)
(9751, 0.02152908)
(9801, 0.02397546)
(9851, 0.02037115)
(9901, 0.02214776)
(9951, 0.02597421)
(10001, 0.01927944)
(10051, 0.02270076)
(10101, 0.02525879)
(10151, 0.02109525)
(10201, 0.02240258)
(10251, 0.01957370)
(10301, 0.02212638)
(10351, 0.02165628)
(10401, 0.02120207)
(10451, 0.02429861)
(10501, 0.01997422)
(10551, 0.02239940)
(10601, 0.02031635)
(10651, 0.02093327)
(10701, 0.01822985)
(10751, 0.02386261)
(10801, 0.02243639)
(10851, 0.02248533)
(10901, 0.01940887)
(10951, 0.02099366)
(11001, 0.02040274)
(11051, 0.02027885)
(11101, 0.01953460)
(11151, 0.02102512)
(11201, 0.02006204)
(11251, 0.02257614)
(11301, 0.02157872)
(11351, 0.02097139)
(11401, 0.02449484)
(11451, 0.01880291)
(11501, 0.02132094)
(11551, 0.02209826)
(11601, 0.02382077)
(11651, 0.02032931)
(11701, 0.01992677)
(11751, 0.02108362)
(11801, 0.02060236)
(11851, 0.02011316)
(11901, 0.02295273)
(11951, 0.02130417)
(12001, 0.01973053)
(12051, 0.02307717)
(12101, 0.01780350)
(12151, 0.02318255)
(12201, 0.01820631)
(12251, 0.02142411)
(12301, 0.02326202)
(12351, 0.01852697)
(12401, 0.01929127)
(12451, 0.02405459)
(12501, 0.02201574)
(12551, 0.01849195)
(12601, 0.01950924)
(12651, 0.01861415)
(12701, 0.01824000)
(12751, 0.01897669)
(12801, 0.02229280)
(12851, 0.01857369)
(12901, 0.01959644)
(12951, 0.01987966)
(13001, 0.02531333)
(13051, 0.02600451)
(13101, 0.01798130)
(13151, 0.01978341)
(13201, 0.01773240)
(13251, 0.01701616)
(13301, 0.01845042)
(13351, 0.01886699)
(13401, 0.01881401)
(13451, 0.02070783)
(13501, 0.01618419)
(13551, 0.01984718)
(13601, 0.02203207)
(13651, 0.01839262)
(13701, 0.01957801)
(13751, 0.02015937)
(13801, 0.01920643)
(13851, 0.01778234)
(13901, 0.02190748)
(13951, 0.01955084)
(14001, 0.01983193)
(14051, 0.02245027)
(14101, 0.02055746)
(14151, 0.01843003)
(14201, 0.01821013)
(14251, 0.01933367)
(14301, 0.01739967)
(14351, 0.01776039)
(14401, 0.01706963)
(14451, 0.01608790)
(14501, 0.01894902)
(14551, 0.01773182)
(14601, 0.01749423)
(14651, 0.01837621)
(14701, 0.01700947)
(14751, 0.01944776)
(14801, 0.01776327)
(14851, 0.01685485)
(14901, 0.01809144)
(14951, 0.01924265)
(15001, 0.02119322)
(15051, 0.01763321)
(15101, 0.01700712)
(15151, 0.01699662)
(15201, 0.01798091)
(15251, 0.01784709)
(15301, 0.01747396)
(15351, 0.01688350)
(15401, 0.01772482)
(15451, 0.01978156)
(15501, 0.01722880)
(15551, 0.02186216)
(15601, 0.02248970)
(15651, 0.01702997)
(15701, 0.01576070)
(15751, 0.01889593)
(15801, 0.01641205)
(15851, 0.01823886)
(15901, 0.01954921)
(15951, 0.01886764)
(16001, 0.01773956)
(16051, 0.01685291)
(16101, 0.01755373)
(16151, 0.01796432)
(16201, 0.01710114)
(16251, 0.01871209)
(16301, 0.02017858)
(16351, 0.01714527)
(16401, 0.01818204)
(16451, 0.01792231)
(16501, 0.02125473)
(16551, 0.01773137)
(16601, 0.01755370)
(16651, 0.01618014)
(16701, 0.01790642)
(16751, 0.01728387)
(16801, 0.01721706)
(16851, 0.01650348)
(16901, 0.01634622)
(16951, 0.01644618)
(17001, 0.01790975)
(17051, 0.01631596)
(17101, 0.01658150)
(17151, 0.01834699)
(17201, 0.01804208)
(17251, 0.02053658)
(17301, 0.01996950)
(17351, 0.01909810)
(17401, 0.01705829)
(17451, 0.01680433)
(17501, 0.01822255)
(17551, 0.01905156)
(17601, 0.01674306)
(17651, 0.01560139)
(17701, 0.01750564)
(17751, 0.01531951)
(17801, 0.01853810)
(17851, 0.01674361)
(17901, 0.01596669)
(17951, 0.01867671)
(18001, 0.01678923)
(18051, 0.01640080)
(18101, 0.01621397)
(18151, 0.01479431)
(18201, 0.01698444)
(18251, 0.01743319)
(18301, 0.01754632)
(18351, 0.01928524)
(18401, 0.01718116)
(18451, 0.01522680)
(18501, 0.01931968)
(18551, 0.02069739)
(18601, 0.01915851)
(18651, 0.01949397)
(18701, 0.01579142)
(18751, 0.01546263)
(18801, 0.01546250)
(18851, 0.01533951)
(18901, 0.01700514)
(18951, 0.01573837)
(19001, 0.01678692)
(19051, 0.01784522)
(19101, 0.01727419)
(19151, 0.01577635)
(19201, 0.01613933)
(19251, 0.01567973)
(19301, 0.01607903)
(19351, 0.01551471)
(19401, 0.01615775)
(19451, 0.01717758)
(19501, 0.01466560)
(19551, 0.01726977)
(19601, 0.01705294)
(19651, 0.01585048)
(19701, 0.01646508)
(19751, 0.01691003)
(19801, 0.01699207)
(19851, 0.01569268)
(19901, 0.01665126)
(19951, 0.01775466)
(20001, 0.01600776)
(20051, 0.01742043)
(20101, 0.01635968)
(20151, 0.01403802)
(20201, 0.01517236)
(20251, 0.01582386)
(20301, 0.01493776)
(20351, 0.01809243)
(20401, 0.01542572)
(20451, 0.01944659)
(20501, 0.01684059)
(20551, 0.01660717)
(20601, 0.01665000)
(20651, 0.01471838)
(20701, 0.01562698)
(20751, 0.01590520)
(20801, 0.01588004)
(20851, 0.01728434)
(20901, 0.01588670)
(20951, 0.01543864)
(21001, 0.01545644)
(21051, 0.01683823)
(21101, 0.01634250)
(21151, 0.01522173)
(21201, 0.01695692)
(21251, 0.01986888)
(21301, 0.01787042)
(21351, 0.01515168)
(21401, 0.01835004)
(21451, 0.01647372)
(21501, 0.01885778)
(21551, 0.01561071)
(21601, 0.01521158)
(21651, 0.01558915)
(21701, 0.01599560)
(21751, 0.01777724)
(21801, 0.01783105)
(21851, 0.01627664)
(21901, 0.01439889)
(21951, 0.01505493)
(22001, 0.01615832)
(22051, 0.01410569)
(22101, 0.01711012)
(22151, 0.01558449)
(22201, 0.01482552)
(22251, 0.01861576)
(22301, 0.01453352)
(22351, 0.01475611)
(22401, 0.01489756)
(22451, 0.01506661)
(22501, 0.01703795)
(22551, 0.01564345)
(22601, 0.01424946)
(22651, 0.01504196)
(22701, 0.01563394)
(22751, 0.01650463)
(22801, 0.01663407)
(22851, 0.01496767)
(22901, 0.01675829)
(22951, 0.01591334)
(23001, 0.02087051)
(23051, 0.01374321)
(23101, 0.01346553)
(23151, 0.01565899)
(23201, 0.01622260)
(23251, 0.01598108)
(23301, 0.01552490)
(23351, 0.01508079)
(23401, 0.01612330)
(23451, 0.01399637)
(23501, 0.01474376)
(23551, 0.01467609)
(23601, 0.01679620)
(23651, 0.01494815)
(23701, 0.01631903)
(23751, 0.01531257)
(23801, 0.01674038)
(23851, 0.01613765)
(23901, 0.01973901)
(23951, 0.01435823)
(24001, 0.01637086)
(24051, 0.01673083)
(24101, 0.01582625)
(24151, 0.01837063)
(24201, 0.01507149)
(24251, 0.01611241)
(24301, 0.01605693)
(24351, 0.01512726)
(24401, 0.01364641)
(24451, 0.01567927)
(24501, 0.01665086)
(24551, 0.01478138)
(24601, 0.01468134)
(24651, 0.01420646)
(24701, 0.01381375)
(24751, 0.01570969)
(24801, 0.01684623)
(24851, 0.01472442)
(24901, 0.01683686)
(24951, 0.01422728)
(25001, 0.01431056)
(25051, 0.01437755)
(25101, 0.01514174)
(25151, 0.01456270)
(25201, 0.01383591)
(25251, 0.01471595)
(25301, 0.01438202)
(25351, 0.01367588)
(25401, 0.01494663)
(25451, 0.01586923)
(25501, 0.01371823)
(25551, 0.01529606)
(25601, 0.01495363)
(25651, 0.01642903)
(25701, 0.01593833)
(25751, 0.01346969)
(25801, 0.01413566)
(25851, 0.01516537)
(25901, 0.01513842)
(25951, 0.01389874)
(26001, 0.01481088)
(26051, 0.01430007)
(26101, 0.01364393)
(26151, 0.01802303)
(26201, 0.01413732)
(26251, 0.01481479)
(26301, 0.01356632)
(26351, 0.01409308)
(26401, 0.01420242)
(26451, 0.01388676)
(26501, 0.01491613)
(26551, 0.01595254)
(26601, 0.01485204)
(26651, 0.01557847)
(26701, 0.01385300)
(26751, 0.01405186)
(26801, 0.01732823)
(26851, 0.01538054)
(26901, 0.01406135)
(26951, 0.01675366)
(27001, 0.01461070)
(27051, 0.01582740)
(27101, 0.01691976)
(27151, 0.01433016)
(27201, 0.01578811)
(27251, 0.01382510)
(27301, 0.01469858)
(27351, 0.01510810)
(27401, 0.01808525)
(27451, 0.01328355)
(27501, 0.01517091)
(27551, 0.01472544)
(27601, 0.01506732)
(27651, 0.01466859)
(27701, 0.01428355)
(27751, 0.01387352)
(27801, 0.01438082)
(27851, 0.01449116)
(27901, 0.01405839)
(27951, 0.01325921)
(28001, 0.01409133)
(28051, 0.01431524)
(28101, 0.01386387)
(28151, 0.01370331)
(28201, 0.01563973)
(28251, 0.01369625)
(28301, 0.01388780)
(28351, 0.01435594)
(28401, 0.01325257)
(28451, 0.01390175)
(28501, 0.01422073)
(28551, 0.01441246)
(28601, 0.01341769)
(28651, 0.01601993)
(28701, 0.01371230)
(28751, 0.01373633)
(28801, 0.01490217)
(28851, 0.01314458)
(28901, 0.01351928)
(28951, 0.01417105)
(29001, 0.01634359)
(29051, 0.01660620)
(29101, 0.01537183)
(29151, 0.01355157)
(29201, 0.01499782)
(29251, 0.01527313)
(29301, 0.01423108)
(29351, 0.01407639)
(29401, 0.01572252)
(29451, 0.01471461)
(29501, 0.01328798)
(29551, 0.01415655)
(29601, 0.01401860)
(29651, 0.01534972)
(29701, 0.01461562)
(29751, 0.01387784)
(29801, 0.01301108)
(29851, 0.01509019)
(29901, 0.01520276)
(29951, 0.01452210)
(30001, 0.01405804)
(30051, 0.01396206)
(30101, 0.01502145)
(30151, 0.01272362)
(30201, 0.01556819)
(30251, 0.01479227)
(30301, 0.01308188)
(30351, 0.01469362)
(30401, 0.01771781)
(30451, 0.01410806)
(30501, 0.01551497)
(30551, 0.01460167)
(30601, 0.01429113)
(30651, 0.01311918)
(30701, 0.01485342)
(30751, 0.01495253)
(30801, 0.01411287)
(30851, 0.01268003)
(30901, 0.01362060)
(30951, 0.01233194)
(31001, 0.01319801)
(31051, 0.01395051)
(31101, 0.01405916)
(31151, 0.01472061)
(31201, 0.01511562)
(31251, 0.01330459)
(31301, 0.01251628)
(31351, 0.01434658)
(31401, 0.01431404)
(31451, 0.01370138)
(31501, 0.01320881)
(31551, 0.01378573)
(31601, 0.01580497)
(31651, 0.01422669)
(31701, 0.01538482)
(31751, 0.01879930)
(31801, 0.01417673)
(31851, 0.01358505)
(31901, 0.01413910)
(31951, 0.01335634)
(32001, 0.01387167)
(32051, 0.01262916)
(32101, 0.01659689)
(32151, 0.01334628)
(32201, 0.01409444)
(32251, 0.01427566)
(32301, 0.01370813)
(32351, 0.01369407)
(32401, 0.01565700)
(32451, 0.01250237)
(32501, 0.01377009)
(32551, 0.01441007)
(32601, 0.01327265)
(32651, 0.01366598)
(32701, 0.01308196)
(32751, 0.01356244)
(32801, 0.01470270)
(32851, 0.01298563)
(32901, 0.01471495)
(32951, 0.01209773)
(33001, 0.01520509)
(33051, 0.01242783)
(33101, 0.01295985)
(33151, 0.01257120)
(33201, 0.01255212)
(33251, 0.01319797)
(33301, 0.01322194)
(33351, 0.01490167)
(33401, 0.01353705)
(33451, 0.01475240)
(33501, 0.01282621)
(33551, 0.01394724)
(33601, 0.01406801)
(33651, 0.01219026)
(33701, 0.01238271)
(33751, 0.01440939)
(33801, 0.01165480)
(33851, 0.01321070)
(33901, 0.01249682)
(33951, 0.01250162)
(34001, 0.01379240)
(34051, 0.01255986)
(34101, 0.01362946)
(34151, 0.01307619)
(34201, 0.01330707)
(34251, 0.01382815)
(34301, 0.01581926)
(34351, 0.01386759)
(34401, 0.01350159)
(34451, 0.01436908)
(34501, 0.01525899)
(34551, 0.01547611)
(34601, 0.01460861)
(34651, 0.01287813)
(34701, 0.01274115)
(34751, 0.01414778)
(34801, 0.01330631)
(34851, 0.01434544)
(34901, 0.01371183)
(34951, 0.01271741)
(35001, 0.01372075)
(35051, 0.01393129)
(35101, 0.01292204)
(35151, 0.01447192)
(35201, 0.01339880)
(35251, 0.01396028)
(35301, 0.01323074)
(35351, 0.01269925)
(35401, 0.01328282)
(35451, 0.01469377)
(35501, 0.01388022)
(35551, 0.01198814)
(35601, 0.01409315)
(35651, 0.01329377)
(35701, 0.01349163)
(35751, 0.01465552)
(35801, 0.01247286)
(35851, 0.01171080)
(35901, 0.01260148)
(35951, 0.01342778)
(36001, 0.01280502)
(36051, 0.01290309)
(36101, 0.01420098)
(36151, 0.01340208)
(36201, 0.01202970)
(36251, 0.01342479)
(36301, 0.01483539)
(36351, 0.01194976)
(36401, 0.01359036)
(36451, 0.01248146)
(36501, 0.01281076)
(36551, 0.01209488)
(36601, 0.01222106)
(36651, 0.01271917)
(36701, 0.01541527)
(36751, 0.01342164)
(36801, 0.01258119)
(36851, 0.01303972)
(36901, 0.01400772)
(36951, 0.01333411)
(37001, 0.01296140)
(37051, 0.01350049)
(37101, 0.01458333)
(37151, 0.01339274)
(37201, 0.01408516)
(37251, 0.01394963)
(37301, 0.01492825)
(37351, 0.01335475)
(37401, 0.01320235)
(37451, 0.01399824)
(37501, 0.01249576)
(37551, 0.01338039)
(37601, 0.01179570)
(37651, 0.01357303)
(37701, 0.01193470)
(37751, 0.01414743)
(37801, 0.01292564)
(37851, 0.01409453)
(37901, 0.01378480)
(37951, 0.01285358)
(38001, 0.01238769)
(38051, 0.01452803)
(38101, 0.01292103)
(38151, 0.01561952)
(38201, 0.01207456)
(38251, 0.01266104)
(38301, 0.01378666)
(38351, 0.01325470)
(38401, 0.01255272)
(38451, 0.01268588)
(38501, 0.01383965)
(38551, 0.01252159)
(38601, 0.01317495)
(38651, 0.01190780)
(38701, 0.01310223)
(38751, 0.01351450)
(38801, 0.01314578)
(38851, 0.01320394)
(38901, 0.01203606)
(38951, 0.01372368)
(39001, 0.01343852)
(39051, 0.01243458)
(39101, 0.01443990)
(39151, 0.01412052)
(39201, 0.01334055)
(39251, 0.01328920)
(39301, 0.01201423)
(39351, 0.01258395)
(39401, 0.01449105)
(39451, 0.01239315)
(39501, 0.01415773)
(39551, 0.01205139)
(39601, 0.01249192)
(39651, 0.01273706)
(39701, 0.01423024)
(39751, 0.01213768)
(39801, 0.01171899)
(39851, 0.01306726)
(39901, 0.01282887)
(39951, 0.01299411)
(40001, 0.01151683)
(40051, 0.01353254)
(40101, 0.01209031)
(40151, 0.01341182)
(40201, 0.01409886)
(40251, 0.01221278)
(40301, 0.01292774)
(40351, 0.01303776)
(40401, 0.01301073)
(40451, 0.01201429)
(40501, 0.01415768)
(40551, 0.01219610)
(40601, 0.01307608)
(40651, 0.01437567)
(40701, 0.01262676)
(40751, 0.01308421)
(40801, 0.01303809)
(40851, 0.01349311)
(40901, 0.01353254)
(40951, 0.01255180)
(41001, 0.01194843)
(41051, 0.01168875)
(41101, 0.01401841)
(41151, 0.01244586)
(41201, 0.01392012)
(41251, 0.01408810)
(41301, 0.01175746)
(41351, 0.01217468)
(41401, 0.01280311)
(41451, 0.01148391)
(41501, 0.01197373)
(41551, 0.01336856)
(41601, 0.01329276)
(41651, 0.01178066)
(41701, 0.01277306)
(41751, 0.01272336)
(41801, 0.01223958)
(41851, 0.01451965)
(41901, 0.01414037)
(41951, 0.01282089)
(42001, 0.01405482)
(42051, 0.01244768)
(42101, 0.01346080)
(42151, 0.01332958)
(42201, 0.01318224)
(42251, 0.01341197)
(42301, 0.01324572)
(42351, 0.01323637)
(42401, 0.01189896)
(42451, 0.01208409)
(42501, 0.01293195)
(42551, 0.01280723)
(42601, 0.01194698)
(42651, 0.01196639)
(42701, 0.01102139)
(42751, 0.01190607)
(42801, 0.01430411)
(42851, 0.01242057)
(42901, 0.01395062)
(42951, 0.01380069)
(43001, 0.01347147)
(43051, 0.01323597)
(43101, 0.01251193)
(43151, 0.01263677)
(43201, 0.01403268)
(43251, 0.01304348)
(43301, 0.01205841)
(43351, 0.01684138)
(43401, 0.01269029)
(43451, 0.01222571)
(43501, 0.01213687)
(43551, 0.01154051)
(43601, 0.01269541)
(43651, 0.01254310)
(43701, 0.01120216)
(43751, 0.01403115)
(43801, 0.01260436)
(43851, 0.01259677)
(43901, 0.01240461)
(43951, 0.01585007)
(44001, 0.01218637)
(44051, 0.01270686)
(44101, 0.01163878)
(44151, 0.01145108)
(44201, 0.01292172)
(44251, 0.01226899)
(44301, 0.01279567)
(44351, 0.01158879)
(44401, 0.01274037)
(44451, 0.01206636)
(44501, 0.01196587)
(44551, 0.01253612)
(44601, 0.01256479)
(44651, 0.01232584)
(44701, 0.01238111)
(44751, 0.01177338)
(44801, 0.01156276)
(44851, 0.01127756)
(44901, 0.01356503)
(44951, 0.01132665)
(45001, 0.01216065)
(45051, 0.01263008)
(45101, 0.01217945)
(45151, 0.01225230)
(45201, 0.01211538)
(45251, 0.01314099)
(45301, 0.01339998)
(45351, 0.01221145)
(45401, 0.01281594)
(45451, 0.01404514)
(45501, 0.01352796)
(45551, 0.01245204)
(45601, 0.01277994)
(45651, 0.01295126)
(45701, 0.01270939)
(45751, 0.01076468)
(45801, 0.01189130)
(45851, 0.01146517)
(45901, 0.01288833)
(45951, 0.01157105)
(46001, 0.01215289)
(46051, 0.01231764)
(46101, 0.01361819)
(46151, 0.01320003)
(46201, 0.01244838)
(46251, 0.01206703)
(46301, 0.01336383)
(46351, 0.01185818)
(46401, 0.01341351)
(46451, 0.01105473)
(46501, 0.01282303)
(46551, 0.01266626)
(46601, 0.01122147)
(46651, 0.01200974)
(46701, 0.01169234)
(46751, 0.01158397)
(46801, 0.01113961)
(46851, 0.01324777)
(46901, 0.01131793)
(46951, 0.01280927)
(47001, 0.01240384)
(47051, 0.01314505)
(47101, 0.01475621)
(47151, 0.01294145)
(47201, 0.01295898)
(47251, 0.01476593)
(47301, 0.01207497)
(47351, 0.01286126)
(47401, 0.01312892)
(47451, 0.01249794)
(47501, 0.01292598)
(47551, 0.01306596)
(47601, 0.01225262)
(47651, 0.01180032)
(47701, 0.01125673)
(47751, 0.01353430)
(47801, 0.01163815)
(47851, 0.01331443)
(47901, 0.01187633)
(47951, 0.01214315)
(48001, 0.01226516)
(48051, 0.01213195)
(48101, 0.01258945)
(48151, 0.01323942)
(48201, 0.01161897)
(48251, 0.01204277)
(48301, 0.01233725)
(48351, 0.01276164)
(48401, 0.01334451)
(48451, 0.01240388)
(48501, 0.01094373)
(48551, 0.01242001)
(48601, 0.01130846)
(48651, 0.01224631)
(48701, 0.01127425)
(48751, 0.01106722)
(48801, 0.01222222)
(48851, 0.01213911)
(48901, 0.01125330)
(48951, 0.01208844)
(49001, 0.01141298)
(49051, 0.01172772)
(49101, 0.01194636)
(49151, 0.01216994)
(49201, 0.01172464)
(49251, 0.01224165)
(49301, 0.01257391)
(49351, 0.01371768)
(49401, 0.01084997)
(49451, 0.01166071)
(49501, 0.01393583)
(49551, 0.01176774)
(49601, 0.01196645)
(49651, 0.01285342)
(49701, 0.01113543)
(49751, 0.01260721)
(49801, 0.01460610)
(49851, 0.01167788)
(49901, 0.01355302)
(49951, 0.01325692)
(50001, 0.01259409)
(50051, 0.01221685)
(50101, 0.01190891)
(50151, 0.01234457)
(50201, 0.01265793)
(50251, 0.01125354)
(50301, 0.01283799)
(50351, 0.01277036)
(50401, 0.01218889)
(50451, 0.01209395)
(50501, 0.01158556)
(50551, 0.01265942)
(50601, 0.01248654)
(50651, 0.01211893)
(50701, 0.01220360)
(50751, 0.01238021)
(50801, 0.01118742)
(50851, 0.01313503)
(50901, 0.01163799)
(50951, 0.01152733)
(51001, 0.01204040)
(51051, 0.01074792)
(51101, 0.01195654)
(51151, 0.01234420)
(51201, 0.01252759)
(51251, 0.01185016)
(51301, 0.01129077)
(51351, 0.01441823)
(51401, 0.01203571)
(51451, 0.01221744)
(51501, 0.01124149)
(51551, 0.01202912)
(51601, 0.01221698)
(51651, 0.01264215)
(51701, 0.01126486)
(51751, 0.01253918)
(51801, 0.01199067)
(51851, 0.01105100)
(51901, 0.01300923)
(51951, 0.01260208)
(52001, 0.01183739)
(52051, 0.01170078)
(52101, 0.01178367)
(52151, 0.01148655)
(52201, 0.01142654)
(52251, 0.01198220)
(52301, 0.01127661)
(52351, 0.01251763)
(52401, 0.01152436)
(52451, 0.01124820)
(52501, 0.01116118)
(52551, 0.01229452)
(52601, 0.01165282)
(52651, 0.01226117)
(52701, 0.01338963)
(52751, 0.01171804)
(52801, 0.01222991)
(52851, 0.01145727)
(52901, 0.01216515)
(52951, 0.01361666)
(53001, 0.01223936)
(53051, 0.01219605)
(53101, 0.01248315)
(53151, 0.01257830)
(53201, 0.01243205)
(53251, 0.01105613)
(53301, 0.01178609)
(53351, 0.01250583)
(53401, 0.01165692)
(53451, 0.01130815)
(53501, 0.01067760)
(53551, 0.01342853)
(53601, 0.01231302)
(53651, 0.01161170)
(53701, 0.01193028)
(53751, 0.01163256)
(53801, 0.01284329)
(53851, 0.01166050)
(53901, 0.01238666)
(53951, 0.01129041)
(54001, 0.01115093)
(54051, 0.01226797)
(54101, 0.01352313)
(54151, 0.01266270)
(54201, 0.01187157)
(54251, 0.01133368)
(54301, 0.01340404)
(54351, 0.01212104)
(54401, 0.01167295)
(54451, 0.01221367)
(54501, 0.01194243)
(54551, 0.01195528)
(54601, 0.01203721)
(54651, 0.01222636)
(54701, 0.01236492)
(54751, 0.01242409)
(54801, 0.01228076)
(54851, 0.01146265)
(54901, 0.01124488)
(54951, 0.01155913)
(55001, 0.01191850)
(55051, 0.01153340)
(55101, 0.01265804)
(55151, 0.01239381)
(55201, 0.01144637)
(55251, 0.01154297)
(55301, 0.01125061)
(55351, 0.01191139)
(55401, 0.01174046)
(55451, 0.01231973)
(55501, 0.01280680)
(55551, 0.01096020)
(55601, 0.01157391)
(55651, 0.01262355)
(55701, 0.01115256)
(55751, 0.01155586)
(55801, 0.01138859)
(55851, 0.01220627)
(55901, 0.01186049)
(55951, 0.01362959)
(56001, 0.01208270)
(56051, 0.01242006)
(56101, 0.01293797)
(56151, 0.01139031)
(56201, 0.01347801)
(56251, 0.01041853)
(56301, 0.01056344)
(56351, 0.01155711)
(56401, 0.01099492)
(56451, 0.01110510)
(56501, 0.01117619)
(56551, 0.01185679)
(56601, 0.01203155)
(56651, 0.01202935)
(56701, 0.01113312)
(56751, 0.01275818)
(56801, 0.01103323)
(56851, 0.01156790)
(56901, 0.01153946)
(56951, 0.01326289)
(57001, 0.01019130)
(57051, 0.01220275)
(57101, 0.01167666)
(57151, 0.01129113)
(57201, 0.01112026)
(57251, 0.01196067)
(57301, 0.01180017)
(57351, 0.01165908)
(57401, 0.01157975)
(57451, 0.01438746)
(57501, 0.01151652)
(57551, 0.01327270)
(57601, 0.01286568)
(57651, 0.01153774)
(57701, 0.01217657)
(57751, 0.01151201)
(57801, 0.01109135)
(57851, 0.01152595)
(57901, 0.01148542)
(57951, 0.01090118)
(58001, 0.01234702)
(58051, 0.01234281)
(58101, 0.01259160)
(58151, 0.01196650)
(58201, 0.01133125)
(58251, 0.01302207)
(58301, 0.01337583)
(58351, 0.01119744)
(58401, 0.01079378)
(58451, 0.01312870)
(58501, 0.01138049)
(58551, 0.01313430)
(58601, 0.01146166)
(58651, 0.01211367)
(58701, 0.01221058)
(58751, 0.01069126)
(58801, 0.01145888)
(58851, 0.01143569)
(58901, 0.01163898)
(58951, 0.01203049)
(59001, 0.01072425)
(59051, 0.01189371)
(59101, 0.01241399)
(59151, 0.01349227)
(59201, 0.01156161)
(59251, 0.01178921)
(59301, 0.01094552)
(59351, 0.01163228)
(59401, 0.01119324)
(59451, 0.01147190)
(59501, 0.01155642)
(59551, 0.01182695)
(59601, 0.01083856)
(59651, 0.01174028)
(59701, 0.01138354)
(59751, 0.01220183)
(59801, 0.01080094)
(59851, 0.01277650)
(59901, 0.01066862)
(59951, 0.01021958)
(60001, 0.01279211)
(60051, 0.01142032)
(60101, 0.01157785)
(60151, 0.01221663)
(60201, 0.01156750)
(60251, 0.01107788)
(60301, 0.01122077)
(60351, 0.01164993)
(60401, 0.01230196)
(60451, 0.01232413)
(60501, 0.01203510)
(60551, 0.01046257)
(60601, 0.01181778)
(60651, 0.01225408)
(60701, 0.01107997)
(60751, 0.01029529)
(60801, 0.01143319)
(60851, 0.01097904)
(60901, 0.01065691)
(60951, 0.01168164)
(61001, 0.01138656)
(61051, 0.01080893)
(61101, 0.01305374)
(61151, 0.01106825)
(61201, 0.01208155)
(61251, 0.01083725)
(61301, 0.01115916)
(61351, 0.01085591)
(61401, 0.01138673)
(61451, 0.01203182)
(61501, 0.01190270)
(61551, 0.01063238)
(61601, 0.01159430)
(61651, 0.01170799)
(61701, 0.01236956)
(61751, 0.01184821)
(61801, 0.01061795)
(61851, 0.01184644)
(61901, 0.01218607)
(61951, 0.01157334)
(62001, 0.01228912)
(62051, 0.01055940)
(62101, 0.01106116)
(62151, 0.01105788)
(62201, 0.01258115)
(62251, 0.01052889)
(62301, 0.01225609)
(62351, 0.01095957)
(62401, 0.01136034)
(62451, 0.01067560)
(62501, 0.01053020)
(62551, 0.00997302)
(62601, 0.01175624)
(62651, 0.01121996)
(62701, 0.01162105)
(62751, 0.01109931)
(62801, 0.01197853)
(62851, 0.01177869)
(62901, 0.01184967)
(62951, 0.01087286)
(63001, 0.01191127)
(63051, 0.01119029)
(63101, 0.01213418)
(63151, 0.01141951)
(63201, 0.01043801)
(63251, 0.01202550)
(63301, 0.01104793)
(63351, 0.01249873)
(63401, 0.01076542)
(63451, 0.01056490)
(63501, 0.01140531)
(63551, 0.01231946)
(63601, 0.01234231)
(63651, 0.01072483)
(63701, 0.01052180)
(63751, 0.01201135)
(63801, 0.01256776)
(63851, 0.01164540)
(63901, 0.01108792)
(63951, 0.01108885)
(64001, 0.01170570)
(64051, 0.01095079)
(64101, 0.01070774)
(64151, 0.01158818)
(64201, 0.01305295)
(64251, 0.01167639)
(64301, 0.01205064)
(64351, 0.01147514)
(64401, 0.01124963)
(64451, 0.01112365)
(64501, 0.01063614)
(64551, 0.01240883)
(64601, 0.01197712)
(64651, 0.01206666)
(64701, 0.01116526)
(64751, 0.01281093)
(64801, 0.01324018)
(64851, 0.01151165)
(64901, 0.01063163)
(64951, 0.01155125)
(65001, 0.01265370)
(65051, 0.01043905)
(65101, 0.01080062)
(65151, 0.01091910)
(65201, 0.01048318)
(65251, 0.01044676)
(65301, 0.01119343)
(65351, 0.01136841)
(65401, 0.01084223)
(65451, 0.01183858)
(65501, 0.01145208)
(65551, 0.01231151)
(65601, 0.01113348)
(65651, 0.01232446)
(65701, 0.01142097)
(65751, 0.01071974)
(65801, 0.01107070)
(65851, 0.01209646)
(65901, 0.01059501)
(65951, 0.01105044)
(66001, 0.01063842)
(66051, 0.01182891)
(66101, 0.01104280)
(66151, 0.01127696)
(66201, 0.01038686)
(66251, 0.01095546)
(66301, 0.01194170)
(66351, 0.01091191)
(66401, 0.01190046)
(66451, 0.01228146)
(66501, 0.01023668)
(66551, 0.01108440)
(66601, 0.01148713)
(66651, 0.01199587)
(66701, 0.01078631)
(66751, 0.01077028)
(66801, 0.01039738)
(66851, 0.01013543)
(66901, 0.01240639)
(66951, 0.01001368)
(67001, 0.01092380)
(67051, 0.01184279)
(67101, 0.01164224)
(67151, 0.01002094)
(67201, 0.01069018)
(67251, 0.01119550)
(67301, 0.01093356)
(67351, 0.01083655)
(67401, 0.01118464)
(67451, 0.01144427)
(67501, 0.01151370)
(67551, 0.01099867)
(67601, 0.01335235)
(67651, 0.01043948)
(67701, 0.01258799)
(67751, 0.01110179)
(67801, 0.01106634)
(67851, 0.01181499)
(67901, 0.01171209)
(67951, 0.01162312)
(68001, 0.01113828)
(68051, 0.01184208)
(68101, 0.01197250)
(68151, 0.01254946)
(68201, 0.01239384)
(68251, 0.01079241)
(68301, 0.01162120)
(68351, 0.01116233)
(68401, 0.01148532)
(68451, 0.01484527)
(68501, 0.01084584)
(68551, 0.01121335)
(68601, 0.01214552)
(68651, 0.01136488)
(68701, 0.01191178)
(68751, 0.01232476)
(68801, 0.01111589)
(68851, 0.01063115)
(68901, 0.01105465)
(68951, 0.01041863)
(69001, 0.01159790)
(69051, 0.01160734)
(69101, 0.01071136)
(69151, 0.01070036)
(69201, 0.01164617)
(69251, 0.01120403)
(69301, 0.01162173)
(69351, 0.01188145)
(69401, 0.01066929)
(69451, 0.01191460)
(69501, 0.01188419)
(69551, 0.01080704)
(69601, 0.01119901)
(69651, 0.01338420)
(69701, 0.01104697)
(69751, 0.01181543)
(69801, 0.01077286)
(69851, 0.01063698)
(69901, 0.01166454)
(69951, 0.01039105)
(70001, 0.01150992)
(70051, 0.01059229)
(70101, 0.01089228)
(70151, 0.01031955)
(70201, 0.01052423)
(70251, 0.01154540)
(70301, 0.01151621)
(70351, 0.01063690)
(70401, 0.01012572)
(70451, 0.01136629)
(70501, 0.01554239)
(70551, 0.01102094)
(70601, 0.01130992)
(70651, 0.01131925)
(70701, 0.00982994)
(70751, 0.01197474)
(70801, 0.01261461)
(70851, 0.01214342)
(70901, 0.01221676)
(70951, 0.01143736)
(71001, 0.01082222)
(71051, 0.01362446)
(71101, 0.01144774)
(71151, 0.01124666)
(71201, 0.01160025)
(71251, 0.01129798)
(71301, 0.01111100)
(71351, 0.01038146)
(71401, 0.00993908)
(71451, 0.01113363)
(71501, 0.01039256)
(71551, 0.01077022)
(71601, 0.01069964)
(71651, 0.01100810)
(71701, 0.01147877)
(71751, 0.01049464)
(71801, 0.01021189)
(71851, 0.01189749)
(71901, 0.01099847)
(71951, 0.01052861)
(72001, 0.01177762)
(72051, 0.01006039)
(72101, 0.01107245)
(72151, 0.01187092)
(72201, 0.01002685)
(72251, 0.01175170)
(72301, 0.01041732)
(72351, 0.01113700)
(72401, 0.01006596)
(72451, 0.01126371)
(72501, 0.01173596)
(72551, 0.01062791)
(72601, 0.01123109)
(72651, 0.01030193)
(72701, 0.01081628)
(72751, 0.01144136)
(72801, 0.01050578)
(72851, 0.01045496)
(72901, 0.01077175)
(72951, 0.01156094)
(73001, 0.01062861)
(73051, 0.00990830)
(73101, 0.01042941)
(73151, 0.01175410)
(73201, 0.01068674)
(73251, 0.01155056)
(73301, 0.01082841)
(73351, 0.01116495)
(73401, 0.01088625)
(73451, 0.01040871)
(73501, 0.01038711)
(73551, 0.01126692)
(73601, 0.01127534)
(73651, 0.01049433)
(73701, 0.01134929)
(73751, 0.00996512)
(73801, 0.01088281)
(73851, 0.01143075)
(73901, 0.01155409)
(73951, 0.01078390)
(74001, 0.01109232)
(74051, 0.01090640)
(74101, 0.01171228)
(74151, 0.01136204)
(74201, 0.01183830)
(74251, 0.01040526)
(74301, 0.01125897)
(74351, 0.01166959)
(74401, 0.01111948)
(74451, 0.01036374)
(74501, 0.01137389)
(74551, 0.01035804)
(74601, 0.01105664)
(74651, 0.01166592)
(74701, 0.01012051)
(74751, 0.01083455)
(74801, 0.01052898)
(74851, 0.01050523)
(74901, 0.01333795)
(74951, 0.01204406)
(75001, 0.00989680)
(75051, 0.01007335)
(75101, 0.01058118)
(75151, 0.01098703)
(75201, 0.01085624)
(75251, 0.01088049)
(75301, 0.01091793)
(75351, 0.01075341)
(75401, 0.01075567)
(75451, 0.01030544)
(75501, 0.01199743)
(75551, 0.01035638)
(75601, 0.01062239)
(75651, 0.01069097)
(75701, 0.01173259)
(75751, 0.01115803)
(75801, 0.01050589)
(75851, 0.01125656)
(75901, 0.01196652)
(75951, 0.01078636)
(76001, 0.01012595)
(76051, 0.01009268)
(76101, 0.00998007)
(76151, 0.01113382)
(76201, 0.01053156)
(76251, 0.01097681)
(76301, 0.01064865)
(76351, 0.01057576)
(76401, 0.01148830)
(76451, 0.00994809)
(76501, 0.01192160)
(76551, 0.01218258)
(76601, 0.01121046)
(76651, 0.01062337)
(76701, 0.01053604)
(76751, 0.01074513)
(76801, 0.01121893)
(76851, 0.01080817)
(76901, 0.01115586)
(76951, 0.01125089)
(77001, 0.01094614)
(77051, 0.01199575)
(77101, 0.01034061)
(77151, 0.01086323)
(77201, 0.01078922)
(77251, 0.01101638)
(77301, 0.01058186)
(77351, 0.01087628)
(77401, 0.01097638)
(77451, 0.00989489)
(77501, 0.01175507)
(77551, 0.01127559)
(77601, 0.01022022)
(77651, 0.01001085)
(77701, 0.01119928)
(77751, 0.01093168)
(77801, 0.00950076)
(77851, 0.01154509)
(77901, 0.01089903)
(77951, 0.01045113)
(78001, 0.01083657)
(78051, 0.01059248)
(78101, 0.01092878)
(78151, 0.01068672)
(78201, 0.01140750)
(78251, 0.01024566)
(78301, 0.01074247)
(78351, 0.01242674)
(78401, 0.01048571)
(78451, 0.01097876)
(78501, 0.01050634)
(78551, 0.01076896)
(78601, 0.01050964)
(78651, 0.01032477)
(78701, 0.01294397)
(78751, 0.01039413)
(78801, 0.01001332)
(78851, 0.01073015)
(78901, 0.01200354)
(78951, 0.01028665)
(79001, 0.01083759)
(79051, 0.01027944)
(79101, 0.01028238)
(79151, 0.01262794)
(79201, 0.01099759)
(79251, 0.01097741)
(79301, 0.01123772)
(79351, 0.01277456)
(79401, 0.01162221)
(79451, 0.01049327)
(79501, 0.01020516)
(79551, 0.01065180)
(79601, 0.01222395)
(79651, 0.01064679)
(79701, 0.01083933)
(79751, 0.01051059)
(79801, 0.01268468)
(79851, 0.00997522)
(79901, 0.01081901)
(79951, 0.01046685)
(80001, 0.01060960)
(80051, 0.01066034)
(80101, 0.01020683)
(80151, 0.01020361)
(80201, 0.01044794)
(80251, 0.00990194)
(80301, 0.01157541)
(80351, 0.00967523)
(80401, 0.01114925)
(80451, 0.01021784)
(80501, 0.01192061)
(80551, 0.01262878)
(80601, 0.01311625)
(80651, 0.01060132)
(80701, 0.01110804)
(80751, 0.00991744)
(80801, 0.01115615)
(80851, 0.00978156)
(80901, 0.01017095)
(80951, 0.01054344)
(81001, 0.01029940)
(81051, 0.01018550)
(81101, 0.01068750)
(81151, 0.01268359)
(81201, 0.01095589)
(81251, 0.01002372)
(81301, 0.01094792)
(81351, 0.01102416)
(81401, 0.01112747)
(81451, 0.01025386)
(81501, 0.01086896)
(81551, 0.01062274)
(81601, 0.01124708)
(81651, 0.00981666)
(81701, 0.01035652)
(81751, 0.01012851)
(81801, 0.01032129)
(81851, 0.01042014)
(81901, 0.01141308)
(81951, 0.01107642)
(82001, 0.01210091)
(82051, 0.00985864)
(82101, 0.01073012)
(82151, 0.01064380)
(82201, 0.01020083)
(82251, 0.01125256)
(82301, 0.01170824)
(82351, 0.00995146)
(82401, 0.01055546)
(82451, 0.01228614)
(82501, 0.01010453)
(82551, 0.01167699)
(82601, 0.01222087)
(82651, 0.01052263)
(82701, 0.01079789)
(82751, 0.01080656)
(82801, 0.01037831)
(82851, 0.01007064)
(82901, 0.01120381)
(82951, 0.00984450)
(83001, 0.00942624)
(83051, 0.01083544)
(83101, 0.01087831)
(83151, 0.00979445)
(83201, 0.01092447)
(83251, 0.01142140)
(83301, 0.00967346)
(83351, 0.01152388)
(83401, 0.00984709)
(83451, 0.01049648)
(83501, 0.01078722)
(83551, 0.01030589)
(83601, 0.01021654)
(83651, 0.01197893)
(83701, 0.01052637)
(83751, 0.00988732)
(83801, 0.01051895)
(83851, 0.01076951)
(83901, 0.01041385)
(83951, 0.01157917)
(84001, 0.01051343)
(84051, 0.01288262)
(84101, 0.01139114)
(84151, 0.00973672)
(84201, 0.01016721)
(84251, 0.01045367)
(84301, 0.01171417)
(84351, 0.01121088)
(84401, 0.01005659)
(84451, 0.01246393)
(84501, 0.01043875)
(84551, 0.01057509)
(84601, 0.01059152)
(84651, 0.01033807)
(84701, 0.01201149)
(84751, 0.01129063)
(84801, 0.01271704)
(84851, 0.01008921)
(84901, 0.01063624)
(84951, 0.01067455)
(85001, 0.01033804)
(85051, 0.01004169)
(85101, 0.01023170)
(85151, 0.01046713)
(85201, 0.01148058)
(85251, 0.01109593)
(85301, 0.01063871)
(85351, 0.01046088)
(85401, 0.01062922)
(85451, 0.01068464)
(85501, 0.01055975)
(85551, 0.01102744)
(85601, 0.01028953)
(85651, 0.01148951)
(85701, 0.01151783)
(85751, 0.01025943)
(85801, 0.01039322)
(85851, 0.01077483)
(85901, 0.01136814)
(85951, 0.01068420)
(86001, 0.00955849)
(86051, 0.01042696)
(86101, 0.01012537)
(86151, 0.00950340)
(86201, 0.01091412)
(86251, 0.00963378)
(86301, 0.01166972)
(86351, 0.01116096)
(86401, 0.01046765)
(86451, 0.00988023)
(86501, 0.00974864)
(86551, 0.01108098)
(86601, 0.01065780)
(86651, 0.01008068)
(86701, 0.01081876)
(86751, 0.01033638)
(86801, 0.00997263)
(86851, 0.01055690)
(86901, 0.01093291)
(86951, 0.01025231)
(87001, 0.00984929)
(87051, 0.01041326)
(87101, 0.01117584)
(87151, 0.01038320)
(87201, 0.00966566)
(87251, 0.01041347)
(87301, 0.00963347)
(87351, 0.01027751)
(87401, 0.01079866)
(87451, 0.01140890)
(87501, 0.01137943)
(87551, 0.01017709)
(87601, 0.01042614)
(87651, 0.00970090)
(87701, 0.01203572)
(87751, 0.01105578)
(87801, 0.01135560)
(87851, 0.01077926)
(87901, 0.00974386)
(87951, 0.01011069)
(88001, 0.01182592)
(88051, 0.01138002)
(88101, 0.01144522)
(88151, 0.01020013)
(88201, 0.01162961)
(88251, 0.00967137)
(88301, 0.01234959)
(88351, 0.01247932)
(88401, 0.00966551)
(88451, 0.01043258)
(88501, 0.01077989)
(88551, 0.00993293)
(88601, 0.01013722)
(88651, 0.01043197)
(88701, 0.01001648)
(88751, 0.01091898)
(88801, 0.01146285)
(88851, 0.01112458)
(88901, 0.01058668)
(88951, 0.00999258)
(89001, 0.01002424)
(89051, 0.01100132)
(89101, 0.00988651)
(89151, 0.01027697)
(89201, 0.00976437)
(89251, 0.01036760)
(89301, 0.00995043)
(89351, 0.01014205)
(89401, 0.01079685)
(89451, 0.00958709)
(89501, 0.01027764)
(89551, 0.01120375)
(89601, 0.01097538)
(89651, 0.01076997)
(89701, 0.01034739)
(89751, 0.01106712)
(89801, 0.01096900)
(89851, 0.00990977)
(89901, 0.01045912)
(89951, 0.01092295)
(90001, 0.00999240)
(90051, 0.01028261)
(90101, 0.01054670)
(90151, 0.01011551)
(90201, 0.01062600)
(90251, 0.00964672)
(90301, 0.00966763)
(90351, 0.01128999)
(90401, 0.01013469)
(90451, 0.01065228)
(90501, 0.00909407)
(90551, 0.01005944)
(90601, 0.01069788)
(90651, 0.01094560)
(90701, 0.01026537)
(90751, 0.00987533)
(90801, 0.01154712)
(90851, 0.01139625)
(90901, 0.01013832)
(90951, 0.01113753)
(91001, 0.01032522)
(91051, 0.01016128)
(91101, 0.00995725)
(91151, 0.01074449)
(91201, 0.01245210)
(91251, 0.01147137)
(91301, 0.01069089)
(91351, 0.01073123)
(91401, 0.01040481)
(91451, 0.01025788)
(91501, 0.01015535)
(91551, 0.01080109)
(91601, 0.01224019)
(91651, 0.01039703)
(91701, 0.00952515)
(91751, 0.01036670)
(91801, 0.01097469)
(91851, 0.01126865)
(91901, 0.00986036)
(91951, 0.01211544)
(92001, 0.01043257)
(92051, 0.00999032)
(92101, 0.01033232)
(92151, 0.01144756)
(92201, 0.00950969)
(92251, 0.01015282)
(92301, 0.00964210)
(92351, 0.01070632)
(92401, 0.00955550)
(92451, 0.01102245)
(92501, 0.00975174)
(92551, 0.01174363)
(92601, 0.00992191)
(92651, 0.01064755)
(92701, 0.01148841)
(92751, 0.01083389)
(92801, 0.01095624)
(92851, 0.01024532)
(92901, 0.00983081)
(92951, 0.00999939)
(93001, 0.00980636)
(93051, 0.01002914)
(93101, 0.01127605)
(93151, 0.00999491)
(93201, 0.00965264)
(93251, 0.00929011)
(93301, 0.01069618)
(93351, 0.00968419)
(93401, 0.00984908)
(93451, 0.01065655)
(93501, 0.01135255)
(93551, 0.00964184)
(93601, 0.00985461)
(93651, 0.00999489)
(93701, 0.00990059)
(93751, 0.00929994)
(93801, 0.00943694)
(93851, 0.00935926)
(93901, 0.01017528)
(93951, 0.00987737)
(94001, 0.00964488)
(94051, 0.01078483)
(94101, 0.00976519)
(94151, 0.01087072)
(94201, 0.00988956)
(94251, 0.01036967)
(94301, 0.00959277)
(94351, 0.01107168)
(94401, 0.01124242)
(94451, 0.01004848)
(94501, 0.00976038)
(94551, 0.00982127)
(94601, 0.00976548)
(94651, 0.01068810)
(94701, 0.00993071)
(94751, 0.00950602)
(94801, 0.00993604)
(94851, 0.01016690)
(94901, 0.00971548)
(94951, 0.00959623)
(95001, 0.01029406)
(95051, 0.01023255)
(95101, 0.01063661)
(95151, 0.01071633)
(95201, 0.01233126)
(95251, 0.01213285)
(95301, 0.01163008)
(95351, 0.01056823)
(95401, 0.01085316)
(95451, 0.00992799)
(95501, 0.01002810)
(95551, 0.00983669)
(95601, 0.00979172)
(95651, 0.00995510)
(95701, 0.01025091)
(95751, 0.00972493)
(95801, 0.01025013)
(95851, 0.01025254)
(95901, 0.01106107)
(95951, 0.00983434)
(96001, 0.00984210)
(96051, 0.01023896)
(96101, 0.01111226)
(96151, 0.00976483)
(96201, 0.01069682)
(96251, 0.01056823)
(96301, 0.00961222)
(96351, 0.01027361)
(96401, 0.01101343)
(96451, 0.01094324)
(96501, 0.00996919)
(96551, 0.01012071)
(96601, 0.00985411)
(96651, 0.00970986)
(96701, 0.01000934)
(96751, 0.01105950)
(96801, 0.01061204)
(96851, 0.01100008)
(96901, 0.01074386)
(96951, 0.00950492)
(97001, 0.01065862)
(97051, 0.01018674)
(97101, 0.00989664)
(97151, 0.01035962)
(97201, 0.00981511)
(97251, 0.01043142)
(97301, 0.01000692)
(97351, 0.01070680)
(97401, 0.00960934)
(97451, 0.01046530)
(97501, 0.01035263)
(97551, 0.01169763)
(97601, 0.00892504)
(97651, 0.01041656)
(97701, 0.01083351)
(97751, 0.01102111)
(97801, 0.01237342)
(97851, 0.01069779)
(97901, 0.01079261)
(97951, 0.01052944)
(98001, 0.01085435)
(98051, 0.01037059)
(98101, 0.01094025)
(98151, 0.00983087)
(98201, 0.01112304)
(98251, 0.01010994)
(98301, 0.01019790)
(98351, 0.00948812)
(98401, 0.01052551)
(98451, 0.01009908)
(98501, 0.01127290)
(98551, 0.00969029)
(98601, 0.01062282)
(98651, 0.00986092)
(98701, 0.01040374)
(98751, 0.00931763)
(98801, 0.01193791)
(98851, 0.01016729)
(98901, 0.00972881)
(98951, 0.01110858)
(99001, 0.01132998)
(99051, 0.01073460)
(99101, 0.01063132)
(99151, 0.01004939)
(99201, 0.01051561)
(99251, 0.00978398)
(99301, 0.00953424)
(99351, 0.01123508)
(99401, 0.01088070)
(99451, 0.01007787)
(99501, 0.00979002)
(99551, 0.01038127)
(99601, 0.00973331)
(99651, 0.01032534)
(99701, 0.00965647)
(99751, 0.01015834)
(99801, 0.00916986)
(99851, 0.00994640)
(99901, 0.01081894)
(99951, 0.00941772)
(100001, 0.00990163)
(100051, 0.01043345)
(100101, 0.01113787)
(100151, 0.00961000)
(100201, 0.01066236)
(100251, 0.00994813)
(100301, 0.01033912)
(100351, 0.01016159)
(100401, 0.01245016)
(100451, 0.00998415)
(100501, 0.01002579)
(100551, 0.01102792)
(100601, 0.01091497)
(100651, 0.00934150)
(100701, 0.01034336)
(100751, 0.01079127)
(100801, 0.01111114)
(100851, 0.01015894)
(100901, 0.01219490)
(100951, 0.00917681)
(101001, 0.01113291)
(101051, 0.00967663)
(101101, 0.01175043)
(101151, 0.00994007)
(101201, 0.01001863)
(101251, 0.00941266)
(101301, 0.01034504)
(101351, 0.01047401)
(101401, 0.00963271)
(101451, 0.01000515)
(101501, 0.01059631)
(101551, 0.00949866)
(101601, 0.00974408)
(101651, 0.01077960)
(101701, 0.01005700)
(101751, 0.01080287)
(101801, 0.01031489)
(101851, 0.00955432)
(101901, 0.01029470)
(101951, 0.01068899)
(102001, 0.01116479)
(102051, 0.01033542)
(102101, 0.01060384)
(102151, 0.01041442)
(102201, 0.01029642)
(102251, 0.01003776)
(102301, 0.00944731)
(102351, 0.01266056)
(102401, 0.00996779)
(102451, 0.00996586)
(102501, 0.00979964)
(102551, 0.00975126)
(102601, 0.01137347)
(102651, 0.01053564)
(102701, 0.00998628)
(102751, 0.01006561)
(102801, 0.01001938)
(102851, 0.01038795)
(102901, 0.01089320)
(102951, 0.00956160)
(103001, 0.00929680)
(103051, 0.00943535)
(103101, 0.01069374)
(103151, 0.00933676)
(103201, 0.01183968)
(103251, 0.01036493)
(103301, 0.01053085)
(103351, 0.00979992)
(103401, 0.01059087)
(103451, 0.01030216)
(103501, 0.00969117)
(103551, 0.00887236)
(103601, 0.01114983)
(103651, 0.01084008)
(103701, 0.00999843)
(103751, 0.01104834)
(103801, 0.00924710)
(103851, 0.01060668)
(103901, 0.00932861)
(103951, 0.01022181)
(104001, 0.01114181)
(104051, 0.01003724)
(104101, 0.01014015)
(104151, 0.01033892)
(104201, 0.01112737)
(104251, 0.00977126)
(104301, 0.01008575)
(104351, 0.01057916)
(104401, 0.01003099)
(104451, 0.01024623)
(104501, 0.00995592)
(104551, 0.01062811)
(104601, 0.01009471)
(104651, 0.01004423)
(104701, 0.01020476)
(104751, 0.01035978)
(104801, 0.00987425)
(104851, 0.00923093)
(104901, 0.01039958)
(104951, 0.01076319)
(105001, 0.00972483)
(105051, 0.00906301)
(105101, 0.00993897)
(105151, 0.01179772)
(105201, 0.01114307)
(105251, 0.01020015)
(105301, 0.00972028)
(105351, 0.00956441)
(105401, 0.01053029)
(105451, 0.01081025)
(105501, 0.01135143)
(105551, 0.00985792)
(105601, 0.01152725)
(105651, 0.01111121)
(105701, 0.01058244)
(105751, 0.00976781)
(105801, 0.01026902)
(105851, 0.00980938)
(105901, 0.00986248)
(105951, 0.00993951)
(106001, 0.01110941)
(106051, 0.00942182)
(106101, 0.00928829)
(106151, 0.00999385)
(106201, 0.01072023)
(106251, 0.00958637)
(106301, 0.01103139)
(106351, 0.00994175)
(106401, 0.00948534)
(106451, 0.01075585)
(106501, 0.01025053)
(106551, 0.01043193)
(106601, 0.01094730)
(106651, 0.00996362)
(106701, 0.00967607)
(106751, 0.00979514)
(106801, 0.00954719)
(106851, 0.01017625)
(106901, 0.01064623)
(106951, 0.01087655)
(107001, 0.00957305)
(107051, 0.00951082)
(107101, 0.01012224)
(107151, 0.00991829)
(107201, 0.01062805)
(107251, 0.01016348)
(107301, 0.01029155)
(107351, 0.01030294)
(107401, 0.01039364)
(107451, 0.01018777)
(107501, 0.01010703)
(107551, 0.00985619)
(107601, 0.01016296)
(107651, 0.01032132)
(107701, 0.01003227)
(107751, 0.00895229)
(107801, 0.00990682)
(107851, 0.00980264)
(107901, 0.00939641)
(107951, 0.01014134)
(108001, 0.00955066)
(108051, 0.00965767)
(108101, 0.00927207)
(108151, 0.00977784)
(108201, 0.00998708)
(108251, 0.01052959)
(108301, 0.01041805)
(108351, 0.00968212)
(108401, 0.00952381)
(108451, 0.01095840)
(108501, 0.01011332)
(108551, 0.01098465)
(108601, 0.01050646)
(108651, 0.00957170)
(108701, 0.00989814)
(108751, 0.01092010)
(108801, 0.00981176)
(108851, 0.00964692)
(108901, 0.01033177)
(108951, 0.01009061)
(109001, 0.01098672)
(109051, 0.00965738)
(109101, 0.00890847)
(109151, 0.01089292)
(109201, 0.00904029)
(109251, 0.00993137)
(109301, 0.00911035)
(109351, 0.00922337)
(109401, 0.00969796)
(109451, 0.01053412)
(109501, 0.01080034)
(109551, 0.00961887)
(109601, 0.00982121)
(109651, 0.00990470)
(109701, 0.01038929)
(109751, 0.00998715)
(109801, 0.01013679)
(109851, 0.00960465)
(109901, 0.01033932)
(109951, 0.01142250)
(110001, 0.00949005)
(110051, 0.00976590)
(110101, 0.01015873)
(110151, 0.00941925)
(110201, 0.00963031)
(110251, 0.01021818)
(110301, 0.00915550)
(110351, 0.00994593)
(110401, 0.00939972)
(110451, 0.00914990)
(110501, 0.00984560)
(110551, 0.00982537)
(110601, 0.01114666)
(110651, 0.01022723)
(110701, 0.01006674)
(110751, 0.00925632)
(110801, 0.01028764)
(110851, 0.00927974)
(110901, 0.01033077)
(110951, 0.00980592)
(111001, 0.01088048)
(111051, 0.00953873)
(111101, 0.01014725)
(111151, 0.01061442)
(111201, 0.01012117)
(111251, 0.01089221)
(111301, 0.00979359)
(111351, 0.01115769)
(111401, 0.00924884)
(111451, 0.00960982)
(111501, 0.01030528)
(111551, 0.00892729)
(111601, 0.01090870)
(111651, 0.01014716)
(111701, 0.01006611)
(111751, 0.01003327)
(111801, 0.00981216)
(111851, 0.01052707)
(111901, 0.00959668)
(111951, 0.01040540)
(112001, 0.00926943)
(112051, 0.00977734)
(112101, 0.00992754)
(112151, 0.00915517)
(112201, 0.00991896)
(112251, 0.01116242)
(112301, 0.00838765)
(112351, 0.01021109)
(112401, 0.00969549)
(112451, 0.00994907)
(112501, 0.00893920)
(112551, 0.00935971)
(112601, 0.00966952)
(112651, 0.00920509)
(112701, 0.00916131)
(112751, 0.00982430)
(112801, 0.00907284)
(112851, 0.01053552)
(112901, 0.00973526)
(112951, 0.00962158)
(113001, 0.01020366)
(113051, 0.01063806)
(113101, 0.00972494)
(113151, 0.00956543)
(113201, 0.00969120)
(113251, 0.00926084)
(113301, 0.01145533)
(113351, 0.00984759)
(113401, 0.00948301)
(113451, 0.00978642)
(113501, 0.00945338)
(113551, 0.01023583)
(113601, 0.01038669)
(113651, 0.00972615)
(113701, 0.00958817)
(113751, 0.00994946)
(113801, 0.01013722)
(113851, 0.01028196)
(113901, 0.00959769)
(113951, 0.00944156)
(114001, 0.00920391)
(114051, 0.01019218)
(114101, 0.00966342)
(114151, 0.01001991)
(114201, 0.00989042)
(114251, 0.00954502)
(114301, 0.01053848)
(114351, 0.00960775)
(114401, 0.01018118)
(114451, 0.00971774)
(114501, 0.00991696)
(114551, 0.01067045)
(114601, 0.01007137)
(114651, 0.00948642)
(114701, 0.01038887)
(114751, 0.00928657)
(114801, 0.00954870)
(114851, 0.01045576)
(114901, 0.01048974)
(114951, 0.00902031)
(115001, 0.00943794)
(115051, 0.01122454)
(115101, 0.00987739)
(115151, 0.01014257)
(115201, 0.00936988)
(115251, 0.01023600)
(115301, 0.00961816)
(115351, 0.00916419)
(115401, 0.01030405)
(115451, 0.00968694)
(115501, 0.00960342)
(115551, 0.00995002)
(115601, 0.01051250)
(115651, 0.01066281)
(115701, 0.01041927)
(115751, 0.00986852)
(115801, 0.01033921)
(115851, 0.01150055)
(115901, 0.00980579)
(115951, 0.01071965)
(116001, 0.01204235)
(116051, 0.00982624)
(116101, 0.00941207)
(116151, 0.01066793)
(116201, 0.00933811)
(116251, 0.00920331)
(116301, 0.01024093)
(116351, 0.00995310)
(116401, 0.01005068)
(116451, 0.00988524)
(116501, 0.01082361)
(116551, 0.01089662)
(116601, 0.00971768)
(116651, 0.00917034)
(116701, 0.01007270)
(116751, 0.01057933)
(116801, 0.00912345)
(116851, 0.01020835)
(116901, 0.00938845)
(116951, 0.00988181)
(117001, 0.00935457)
(117051, 0.00991501)
(117101, 0.00986561)
(117151, 0.00890602)
(117201, 0.01025873)
(117251, 0.01175533)
(117301, 0.01051808)
(117351, 0.01016002)
(117401, 0.00992302)
(117451, 0.00985283)
(117501, 0.01003964)
(117551, 0.00967271)
(117601, 0.01101101)
(117651, 0.00986239)
(117701, 0.00973610)
(117751, 0.00871952)
(117801, 0.01041853)
(117851, 0.00958395)
(117901, 0.00990595)
(117951, 0.01020649)
(118001, 0.00971229)
(118051, 0.00952930)
(118101, 0.01083824)
(118151, 0.00985371)
(118201, 0.01054240)
(118251, 0.00948924)
(118301, 0.01106781)
(118351, 0.00951406)
(118401, 0.00988854)
(118451, 0.00916850)
(118501, 0.00973192)
(118551, 0.00970865)
(118601, 0.01016268)
(118651, 0.00886247)
(118701, 0.00939949)
(118751, 0.00877075)
(118801, 0.00998523)
(118851, 0.01068854)
(118901, 0.00986329)
(118951, 0.00856579)
(119001, 0.00931055)
(119051, 0.01035047)
(119101, 0.01059005)
(119151, 0.01029609)
(119201, 0.01073536)
(119251, 0.00929070)
(119301, 0.01045796)
(119351, 0.00979623)
(119401, 0.00924775)
(119451, 0.01020374)
(119501, 0.01013451)
(119551, 0.01015951)
(119601, 0.00953600)
(119651, 0.01013845)
(119701, 0.00928019)
(119751, 0.01280045)
(119801, 0.01009932)
(119851, 0.00980424)
(119901, 0.01021701)
(119951, 0.00950019)
(120001, 0.00995927)
(120051, 0.01079009)
(120101, 0.00991368)
(120151, 0.00966238)
(120201, 0.01025755)
(120251, 0.01026339)
(120301, 0.01002868)
(120351, 0.00955251)
(120401, 0.00979620)
(120451, 0.01040037)
(120501, 0.00951264)
(120551, 0.01027135)
(120601, 0.01063038)
(120651, 0.00936640)
(120701, 0.00980791)
(120751, 0.01026337)
(120801, 0.01061737)
(120851, 0.00952136)
(120901, 0.00928847)
(120951, 0.00984052)
(121001, 0.01075355)
(121051, 0.00915012)
(121101, 0.00979026)
(121151, 0.00939166)
(121201, 0.01062247)
(121251, 0.00978578)
(121301, 0.00938099)
(121351, 0.00939089)
(121401, 0.00905042)
(121451, 0.01036470)
(121501, 0.00955060)
(121551, 0.01005743)
(121601, 0.01011277)
(121651, 0.00975125)
(121701, 0.00923369)
(121751, 0.00928245)
(121801, 0.00956905)
(121851, 0.01063884)
(121901, 0.00937233)
(121951, 0.00984691)
(122001, 0.00919291)
(122051, 0.00887659)
(122101, 0.00908164)
(122151, 0.00901111)
(122201, 0.01027790)
(122251, 0.00926339)
(122301, 0.00955797)
(122351, 0.00986535)
(122401, 0.00993105)
(122451, 0.01000624)
(122501, 0.00895789)
(122551, 0.01068273)
(122601, 0.00967208)
(122651, 0.01025832)
(122701, 0.01019435)
(122751, 0.01026520)
(122801, 0.00934692)
(122851, 0.00908574)
(122901, 0.00914350)
(122951, 0.00944263)
(123001, 0.00918371)
(123051, 0.00967119)
(123101, 0.00962935)
(123151, 0.01075824)
(123201, 0.01060323)
(123251, 0.01029907)
(123301, 0.00914209)
(123351, 0.01031447)
(123401, 0.00958952)
(123451, 0.00939913)
(123501, 0.00931142)
(123551, 0.01021159)
(123601, 0.00902915)
(123651, 0.01006594)
(123701, 0.00911580)
(123751, 0.01019637)
(123801, 0.00982230)
(123851, 0.00898184)
(123901, 0.00890935)
(123951, 0.01016932)
(124001, 0.00933641)
(124051, 0.00930585)
(124101, 0.01048921)
(124151, 0.00942045)
(124201, 0.01002702)
(124251, 0.00924424)
(124301, 0.00923178)
(124351, 0.01006616)
(124401, 0.00968258)
(124451, 0.00919336)
(124501, 0.01049182)
(124551, 0.01040825)
(124601, 0.01004328)
(124651, 0.01069662)
(124701, 0.01008583)
(124751, 0.00967100)
(124801, 0.00936460)
(124851, 0.01141083)
(124901, 0.01014936)
(124951, 0.00997724)
