(1, 0.69534880)
(51, 0.15653060)
(101, 0.14444040)
(151, 0.12971658)
(201, 0.11927871)
(251, 0.12907918)
(301, 0.12709206)
(351, 0.12236547)
(401, 0.11237241)
(451, 0.11270439)
(501, 0.11120360)
(551, 0.11315992)
(601, 0.11128120)
(651, 0.09742106)
(701, 0.10587547)
(751, 0.10252111)
(801, 0.10149992)
(851, 0.09051992)
(901, 0.10106292)
(951, 0.09017544)
(1001, 0.10973429)
(1051, 0.10043442)
(1101, 0.10844281)
(1151, 0.10249761)
(1201, 0.09313278)
(1251, 0.09292576)
(1301, 0.09667913)
(1351, 0.09425694)
(1401, 0.09925020)
(1451, 0.10183693)
(1501, 0.09369410)
(1551, 0.09086804)
(1601, 0.09117461)
(1651, 0.09825311)
(1701, 0.09893791)
(1751, 0.09464406)
(1801, 0.10554353)
(1851, 0.08644870)
(1901, 0.09822123)
(1951, 0.08928324)
(2001, 0.08989656)
(2051, 0.09081206)
(2101, 0.09501139)
(2151, 0.08745667)
(2201, 0.09325205)
(2251, 0.09075359)
(2301, 0.09138622)
(2351, 0.08813119)
(2401, 0.09177336)
(2451, 0.10033183)
(2501, 0.08552811)
(2551, 0.08772549)
(2601, 0.08667317)
(2651, 0.09081395)
(2701, 0.09784287)
(2751, 0.09324580)
(2801, 0.08124800)
(2851, 0.08925802)
(2901, 0.09636119)
(2951, 0.08153858)
(3001, 0.10052113)
(3051, 0.08777899)
(3101, 0.08763327)
(3151, 0.08361046)
(3201, 0.08149210)
(3251, 0.09511966)
(3301, 0.08917277)
(3351, 0.08192255)
(3401, 0.08832800)
(3451, 0.08436967)
(3501, 0.09012120)
(3551, 0.08577056)
(3601, 0.08281917)
(3651, 0.07972752)
(3701, 0.10373307)
(3751, 0.08629008)
(3801, 0.08260188)
(3851, 0.08759540)
(3901, 0.08141438)
(3951, 0.09926502)
(4001, 0.08092735)
(4051, 0.08221562)
(4101, 0.08220022)
(4151, 0.08792573)
(4201, 0.08690748)
(4251, 0.08562154)
(4301, 0.10697693)
(4351, 0.08519398)
(4401, 0.07885659)
(4451, 0.07605293)
(4501, 0.08646093)
(4551, 0.07988490)
(4601, 0.07908072)
(4651, 0.08524479)
(4701, 0.08085147)
(4751, 0.08172558)
(4801, 0.07742157)
(4851, 0.07574492)
(4901, 0.08531602)
(4951, 0.07768583)
(5001, 0.08280070)
(5051, 0.07510344)
(5101, 0.07864480)
(5151, 0.07815535)
(5201, 0.08873247)
(5251, 0.08236649)
(5301, 0.08096729)
(5351, 0.08751857)
(5401, 0.09335999)
(5451, 0.08908142)
(5501, 0.08632024)
(5551, 0.08262296)
(5601, 0.07536325)
(5651, 0.07695936)
(5701, 0.07645097)
(5751, 0.08658745)
(5801, 0.08294470)
(5851, 0.08292069)
(5901, 0.09259868)
(5951, 0.07579704)
(6001, 0.08350565)
(6051, 0.09931126)
(6101, 0.07885572)
(6151, 0.08456202)
(6201, 0.08366840)
(6251, 0.08510651)
(6301, 0.07781604)
(6351, 0.09004804)
(6401, 0.07878861)
(6451, 0.07108216)
(6501, 0.08826330)
(6551, 0.08749575)
(6601, 0.07840998)
(6651, 0.07513467)
(6701, 0.08186146)
(6751, 0.07197581)
(6801, 0.07670512)
(6851, 0.08383942)
(6901, 0.07317048)
(6951, 0.08235710)
(7001, 0.08721806)
(7051, 0.07673485)
(7101, 0.08177668)
(7151, 0.07916882)
(7201, 0.07742506)
(7251, 0.07700631)
(7301, 0.07979371)
(7351, 0.08064471)
(7401, 0.08781428)
(7451, 0.07856978)
(7501, 0.07958013)
(7551, 0.07957100)
(7601, 0.07669270)
(7651, 0.08393299)
(7701, 0.07363166)
(7751, 0.08050208)
(7801, 0.07114279)
(7851, 0.07822756)
(7901, 0.08184280)
(7951, 0.07948665)
(8001, 0.07853779)
(8051, 0.09015986)
(8101, 0.07194657)
(8151, 0.06834609)
(8201, 0.08574133)
(8251, 0.07728724)
(8301, 0.07330268)
(8351, 0.06960732)
(8401, 0.07206850)
(8451, 0.07226841)
(8501, 0.06818594)
(8551, 0.08123460)
(8601, 0.07070975)
(8651, 0.08560231)
(8701, 0.08127647)
(8751, 0.07460489)
(8801, 0.08454649)
(8851, 0.08001102)
(8901, 0.07381565)
(8951, 0.07750244)
(9001, 0.07214736)
(9051, 0.07593633)
(9101, 0.07840906)
(9151, 0.08021503)
(9201, 0.07288076)
(9251, 0.06669817)
(9301, 0.07794268)
(9351, 0.07466884)
(9401, 0.06839275)
(9451, 0.07630465)
(9501, 0.07656810)
(9551, 0.08697902)
(9601, 0.07356615)
(9651, 0.07303086)
(9701, 0.08522686)
(9751, 0.07465110)
(9801, 0.10090658)
(9851, 0.07564450)
(9901, 0.07828865)
(9951, 0.07947159)
(10001, 0.07429349)
(10051, 0.07271454)
(10101, 0.06542529)
(10151, 0.07698348)
(10201, 0.06929360)
(10251, 0.07382346)
(10301, 0.07988435)
(10351, 0.07908599)
(10401, 0.08604626)
(10451, 0.08668259)
(10501, 0.07656141)
(10551, 0.07961813)
(10601, 0.07677573)
(10651, 0.07356728)
(10701, 0.08139897)
(10751, 0.07330883)
(10801, 0.07401676)
(10851, 0.08159339)
(10901, 0.08114740)
(10951, 0.06681614)
(11001, 0.07655253)
(11051, 0.07089683)
(11101, 0.07934310)
(11151, 0.07142564)
(11201, 0.07387261)
(11251, 0.07815304)
(11301, 0.07964257)
(11351, 0.07187760)
(11401, 0.07969487)
(11451, 0.07953291)
(11501, 0.08750544)
(11551, 0.07441020)
(11601, 0.08322245)
(11651, 0.07336690)
(11701, 0.07833459)
(11751, 0.07434947)
(11801, 0.08304676)
(11851, 0.07979600)
(11901, 0.07727733)
(11951, 0.06993590)
(12001, 0.08031756)
(12051, 0.07465386)
(12101, 0.07154115)
(12151, 0.07922764)
(12201, 0.07844700)
(12251, 0.07293530)
(12301, 0.07662269)
(12351, 0.07173443)
(12401, 0.07703761)
(12451, 0.07776798)
(12501, 0.07158580)
(12551, 0.08123572)
(12601, 0.07155640)
(12651, 0.07291730)
(12701, 0.06937339)
(12751, 0.07052222)
(12801, 0.07163309)
(12851, 0.07447814)
(12901, 0.07336497)
(12951, 0.07367168)
(13001, 0.07570103)
(13051, 0.07998551)
(13101, 0.07854677)
(13151, 0.08290040)
(13201, 0.08755974)
(13251, 0.07503820)
(13301, 0.07994282)
(13351, 0.07573334)
(13401, 0.07553799)
(13451, 0.06993098)
(13501, 0.08188773)
(13551, 0.07115055)
(13601, 0.07839867)
(13651, 0.07076019)
(13701, 0.06733780)
(13751, 0.07620463)
(13801, 0.07426817)
(13851, 0.07108863)
(13901, 0.07569785)
(13951, 0.07129735)
(14001, 0.07889551)
(14051, 0.07931986)
(14101, 0.07902583)
(14151, 0.07596997)
(14201, 0.07052460)
(14251, 0.07267078)
(14301, 0.06381498)
(14351, 0.07404354)
(14401, 0.07494596)
(14451, 0.08243454)
(14501, 0.08542322)
(14551, 0.07719462)
(14601, 0.07370977)
(14651, 0.07046997)
(14701, 0.06805246)
(14751, 0.07136055)
(14801, 0.08199586)
(14851, 0.07012174)
(14901, 0.07226691)
(14951, 0.07204292)
(15001, 0.07943964)
(15051, 0.06575646)
(15101, 0.07157319)
(15151, 0.07699060)
(15201, 0.06324817)
(15251, 0.07261919)
(15301, 0.07004074)
(15351, 0.06598804)
(15401, 0.07749134)
(15451, 0.06320585)
(15501, 0.08134886)
(15551, 0.07227994)
(15601, 0.07214971)
(15651, 0.08493301)
(15701, 0.07682037)
(15751, 0.06498218)
(15801, 0.07391730)
(15851, 0.08346952)
(15901, 0.08123879)
(15951, 0.07423424)
(16001, 0.07181329)
(16051, 0.07218188)
(16101, 0.07057780)
(16151, 0.07331584)
(16201, 0.07873223)
(16251, 0.07720593)
(16301, 0.06659566)
(16351, 0.07723435)
(16401, 0.07599722)
(16451, 0.07066215)
(16501, 0.07201460)
(16551, 0.06862355)
(16601, 0.06598007)
(16651, 0.06174602)
(16701, 0.06707246)
(16751, 0.07839445)
(16801, 0.07040898)
(16851, 0.06855777)
(16901, 0.06645328)
(16951, 0.06665356)
(17001, 0.06875513)
(17051, 0.06589086)
(17101, 0.07725797)
(17151, 0.07147115)
(17201, 0.07164041)
(17251, 0.08131441)
(17301, 0.07261987)
(17351, 0.07151505)
(17401, 0.07341611)
(17451, 0.07436512)
(17501, 0.06727730)
(17551, 0.07211078)
(17601, 0.06816994)
(17651, 0.06296957)
(17701, 0.06781392)
(17751, 0.07565961)
(17801, 0.07182752)
(17851, 0.06212286)
(17901, 0.07602821)
(17951, 0.07182793)
(18001, 0.07488525)
(18051, 0.06864391)
(18101, 0.06874843)
(18151, 0.06914673)
(18201, 0.07420441)
(18251, 0.07590474)
(18301, 0.06428085)
(18351, 0.07085351)
(18401, 0.06777160)
(18451, 0.06675837)
(18501, 0.06379820)
(18551, 0.07370394)
(18601, 0.07714669)
(18651, 0.06665861)
(18701, 0.07057635)
(18751, 0.07075104)
(18801, 0.06324544)
(18851, 0.06843388)
(18901, 0.06726328)
(18951, 0.07493077)
(19001, 0.06936387)
(19051, 0.06923510)
(19101, 0.06959870)
(19151, 0.07271430)
(19201, 0.06732307)
(19251, 0.06671737)
(19301, 0.06896710)
(19351, 0.07147460)
(19401, 0.06557798)
(19451, 0.06932498)
(19501, 0.07149262)
(19551, 0.07190434)
(19601, 0.06570999)
(19651, 0.07170255)
(19701, 0.06565596)
(19751, 0.07216914)
(19801, 0.06539510)
(19851, 0.07079183)
(19901, 0.05937348)
(19951, 0.07608303)
(20001, 0.06862871)
(20051, 0.07433800)
(20101, 0.06886412)
(20151, 0.07743639)
(20201, 0.06955627)
(20251, 0.06199932)
(20301, 0.06489459)
(20351, 0.07136741)
(20401, 0.06965189)
(20451, 0.07215881)
(20501, 0.07201160)
(20551, 0.06544667)
(20601, 0.06648538)
(20651, 0.07997258)
(20701, 0.06744649)
(20751, 0.06527413)
(20801, 0.06916433)
(20851, 0.07025896)
(20901, 0.06737395)
(20951, 0.07672460)
(21001, 0.06408380)
(21051, 0.07310473)
(21101, 0.06927608)
(21151, 0.07209803)
(21201, 0.07509030)
(21251, 0.06573895)
(21301, 0.07757875)
(21351, 0.07049759)
(21401, 0.06511097)
(21451, 0.06642256)
(21501, 0.06620274)
(21551, 0.06810205)
(21601, 0.07454403)
(21651, 0.06650422)
(21701, 0.07875588)
(21751, 0.07258488)
(21801, 0.06251754)
(21851, 0.06840127)
(21901, 0.06574705)
(21951, 0.06867354)
(22001, 0.06861870)
(22051, 0.07002190)
(22101, 0.06039803)
(22151, 0.05988082)
(22201, 0.07485592)
(22251, 0.07454617)
(22301, 0.06104252)
(22351, 0.06595957)
(22401, 0.06442579)
(22451, 0.06848204)
(22501, 0.06472566)
(22551, 0.06567167)
(22601, 0.07145993)
(22651, 0.06702264)
(22701, 0.06741997)
(22751, 0.07044233)
(22801, 0.06020536)
(22851, 0.06216496)
(22901, 0.06733754)
(22951, 0.06874344)
(23001, 0.07373768)
(23051, 0.06784377)
(23101, 0.07249445)
(23151, 0.07256580)
(23201, 0.07449991)
(23251, 0.06502582)
(23301, 0.06703021)
(23351, 0.08164539)
(23401, 0.07153572)
(23451, 0.06758285)
(23501, 0.06202346)
(23551, 0.06809969)
(23601, 0.06268647)
(23651, 0.06732641)
(23701, 0.07213380)
(23751, 0.06210055)
(23801, 0.06298941)
(23851, 0.06972715)
(23901, 0.06482293)
(23951, 0.06267170)
(24001, 0.07344969)
(24051, 0.07001702)
(24101, 0.06787313)
(24151, 0.06699379)
(24201, 0.06689560)
(24251, 0.07673253)
(24301, 0.06199813)
(24351, 0.06568986)
(24401, 0.06994966)
(24451, 0.06484088)
(24501, 0.06734525)
(24551, 0.06967983)
(24601, 0.06810509)
(24651, 0.06467130)
(24701, 0.06890308)
(24751, 0.06928415)
(24801, 0.07283302)
(24851, 0.07475714)
(24901, 0.06803986)
(24951, 0.06875715)
(25001, 0.06377281)
(25051, 0.06197403)
(25101, 0.06219840)
(25151, 0.07075418)
(25201, 0.06297904)
(25251, 0.06887536)
(25301, 0.07298021)
(25351, 0.06286214)
(25401, 0.06453186)
(25451, 0.06766949)
(25501, 0.06349874)
(25551, 0.06540366)
(25601, 0.06710308)
(25651, 0.06411571)
(25701, 0.06342229)
(25751, 0.06312571)
(25801, 0.06782163)
(25851, 0.07046705)
(25901, 0.07200411)
(25951, 0.06448422)
(26001, 0.06942556)
(26051, 0.06165204)
(26101, 0.06699838)
(26151, 0.06197967)
(26201, 0.06032144)
(26251, 0.05738561)
(26301, 0.06591754)
(26351, 0.06302314)
(26401, 0.05939965)
(26451, 0.06764774)
(26501, 0.06948480)
(26551, 0.06971285)
(26601, 0.06569429)
(26651, 0.06755656)
(26701, 0.06849410)
(26751, 0.06284606)
(26801, 0.06525709)
(26851, 0.06347562)
(26901, 0.06615516)
(26951, 0.07090396)
(27001, 0.07252964)
(27051, 0.06537569)
(27101, 0.06483094)
(27151, 0.06384575)
(27201, 0.06502544)
(27251, 0.05984344)
(27301, 0.06670513)
(27351, 0.06778982)
(27401, 0.06553803)
(27451, 0.06561235)
(27501, 0.07498487)
(27551, 0.06391542)
(27601, 0.06714205)
(27651, 0.07446535)
(27701, 0.05866988)
(27751, 0.06511410)
(27801, 0.06371512)
(27851, 0.06830389)
(27901, 0.07393671)
(27951, 0.06684499)
(28001, 0.06514741)
(28051, 0.07130702)
(28101, 0.06674250)
(28151, 0.06719110)
(28201, 0.06665890)
(28251, 0.07057530)
(28301, 0.06709359)
(28351, 0.06348114)
(28401, 0.06732515)
(28451, 0.06852628)
(28501, 0.07042983)
(28551, 0.06903703)
(28601, 0.06552120)
(28651, 0.05987964)
(28701, 0.06079464)
(28751, 0.06071480)
(28801, 0.06611774)
(28851, 0.06750225)
(28901, 0.06024972)
(28951, 0.06870351)
(29001, 0.06159290)
(29051, 0.07708741)
(29101, 0.06773319)
(29151, 0.06052111)
(29201, 0.06256306)
(29251, 0.07269068)
(29301, 0.06588393)
(29351, 0.07066786)
(29401, 0.06549891)
(29451, 0.06687665)
(29501, 0.06647254)
(29551, 0.07020549)
(29601, 0.07475516)
(29651, 0.06883345)
(29701, 0.06370788)
(29751, 0.07178200)
(29801, 0.06383020)
(29851, 0.06502694)
(29901, 0.06188744)
(29951, 0.07133018)
(30001, 0.06463272)
(30051, 0.06772746)
(30101, 0.06457172)
(30151, 0.06160271)
(30201, 0.06599457)
(30251, 0.06422047)
(30301, 0.06293085)
(30351, 0.07223415)
(30401, 0.06372499)
(30451, 0.06082090)
(30501, 0.06234375)
(30551, 0.07227799)
(30601, 0.06124646)
(30651, 0.05757495)
(30701, 0.06498123)
(30751, 0.05893657)
(30801, 0.06194092)
(30851, 0.06143753)
(30901, 0.07281151)
(30951, 0.05618368)
(31001, 0.05910385)
(31051, 0.06165443)
(31101, 0.06762631)
(31151, 0.06471397)
(31201, 0.06420223)
(31251, 0.06532361)
(31301, 0.07611212)
(31351, 0.06557783)
(31401, 0.07367192)
(31451, 0.06790410)
(31501, 0.06128708)
(31551, 0.06530561)
(31601, 0.06280640)
(31651, 0.06147072)
(31701, 0.06671398)
(31751, 0.06280129)
(31801, 0.06401888)
(31851, 0.06021313)
(31901, 0.06505825)
(31951, 0.07072145)
(32001, 0.06361041)
(32051, 0.06539112)
(32101, 0.06898501)
(32151, 0.06865472)
(32201, 0.06450637)
(32251, 0.06458725)
(32301, 0.06111238)
(32351, 0.06192340)
(32401, 0.07191320)
(32451, 0.06942561)
(32501, 0.06221158)
(32551, 0.06982969)
(32601, 0.06090190)
(32651, 0.05891512)
(32701, 0.06780898)
(32751, 0.05827870)
(32801, 0.06506983)
(32851, 0.06513146)
(32901, 0.06897414)
(32951, 0.06465307)
(33001, 0.06028051)
(33051, 0.06459661)
(33101, 0.06615067)
(33151, 0.06527864)
(33201, 0.07341351)
(33251, 0.06736597)
(33301, 0.06061905)
(33351, 0.06225409)
(33401, 0.07409441)
(33451, 0.08005549)
(33501, 0.06596079)
(33551, 0.06560291)
(33601, 0.06031554)
(33651, 0.06619614)
(33701, 0.06431817)
(33751, 0.05912995)
(33801, 0.05849363)
(33851, 0.05543665)
(33901, 0.06155889)
(33951, 0.06204667)
(34001, 0.05822432)
(34051, 0.06055583)
(34101, 0.05372576)
(34151, 0.06240815)
(34201, 0.05736702)
(34251, 0.07039148)
(34301, 0.06863711)
(34351, 0.05733847)
(34401, 0.06586105)
(34451, 0.07314552)
(34501, 0.05700758)
(34551, 0.06121468)
(34601, 0.07375056)
(34651, 0.06605360)
(34701, 0.06380037)
(34751, 0.06313070)
(34801, 0.05932604)
(34851, 0.05492213)
(34901, 0.06033462)
(34951, 0.06549929)
(35001, 0.06408928)
(35051, 0.06238775)
(35101, 0.06156004)
(35151, 0.06279802)
(35201, 0.06200389)
(35251, 0.06943565)
(35301, 0.06580327)
(35351, 0.06411946)
(35401, 0.07156387)
(35451, 0.06832317)
(35501, 0.06570601)
(35551, 0.07913256)
(35601, 0.06647941)
(35651, 0.06194174)
(35701, 0.06421376)
(35751, 0.06459666)
(35801, 0.06647952)
(35851, 0.07008367)
(35901, 0.06442693)
(35951, 0.07352363)
(36001, 0.05610415)
(36051, 0.06284279)
(36101, 0.06268071)
(36151, 0.07013869)
(36201, 0.06143866)
(36251, 0.06150574)
(36301, 0.06034794)
(36351, 0.06633428)
(36401, 0.07520895)
(36451, 0.06468824)
(36501, 0.06330175)
(36551, 0.06520485)
(36601, 0.06651231)
(36651, 0.06892469)
(36701, 0.06224298)
(36751, 0.05564150)
(36801, 0.06546496)
(36851, 0.06244195)
(36901, 0.06810392)
(36951, 0.06139222)
(37001, 0.06575250)
(37051, 0.06981435)
(37101, 0.05890456)
(37151, 0.05938596)
(37201, 0.06194615)
(37251, 0.07164990)
(37301, 0.05988807)
(37351, 0.05793147)
(37401, 0.06843285)
(37451, 0.06582282)
(37501, 0.06255788)
(37551, 0.06370957)
(37601, 0.06578654)
(37651, 0.06295861)
(37701, 0.06016234)
(37751, 0.06056053)
(37801, 0.06054278)
(37851, 0.06483471)
(37901, 0.06114842)
(37951, 0.06781427)
(38001, 0.06208130)
(38051, 0.07046890)
(38101, 0.05988533)
(38151, 0.06424247)
(38201, 0.06142266)
(38251, 0.06413768)
(38301, 0.06208104)
(38351, 0.07218517)
(38401, 0.06277674)
(38451, 0.05988114)
(38501, 0.06503196)
(38551, 0.06739918)
(38601, 0.05960703)
(38651, 0.05541234)
(38701, 0.06277978)
(38751, 0.06730518)
(38801, 0.07123101)
(38851, 0.06230577)
(38901, 0.05556549)
(38951, 0.06352638)
(39001, 0.06206715)
(39051, 0.05680968)
(39101, 0.06466734)
(39151, 0.06107774)
(39201, 0.06052878)
(39251, 0.05639350)
(39301, 0.05843761)
(39351, 0.06929418)
(39401, 0.05793857)
(39451, 0.06184820)
(39501, 0.06628989)
(39551, 0.05936175)
(39601, 0.06178876)
(39651, 0.06413745)
(39701, 0.06128240)
(39751, 0.06338329)
(39801, 0.06343454)
(39851, 0.06708663)
(39901, 0.06908406)
(39951, 0.06920227)
(40001, 0.06236029)
(40051, 0.06030307)
(40101, 0.06367581)
(40151, 0.06174467)
(40201, 0.05614657)
(40251, 0.05982851)
(40301, 0.06263302)
(40351, 0.05883414)
(40401, 0.06693842)
(40451, 0.05929394)
(40501, 0.05857984)
(40551, 0.05536769)
(40601, 0.06087443)
(40651, 0.06323882)
(40701, 0.06251958)
(40751, 0.06365993)
(40801, 0.06103489)
(40851, 0.06287152)
(40901, 0.06647957)
(40951, 0.06382745)
(41001, 0.06039787)
(41051, 0.06443990)
(41101, 0.05728579)
(41151, 0.06360576)
(41201, 0.05735841)
(41251, 0.06222536)
(41301, 0.05897143)
(41351, 0.05989960)
(41401, 0.06523241)
(41451, 0.06658509)
(41501, 0.05986913)
(41551, 0.06526539)
(41601, 0.07305308)
(41651, 0.06232234)
(41701, 0.06557645)
(41751, 0.06280052)
(41801, 0.06143317)
(41851, 0.06240699)
(41901, 0.06411231)
(41951, 0.06190618)
(42001, 0.06704181)
(42051, 0.06647386)
(42101, 0.05899342)
(42151, 0.05794589)
(42201, 0.05493538)
(42251, 0.05810814)
(42301, 0.05940492)
(42351, 0.05911352)
(42401, 0.06526291)
(42451, 0.06031099)
(42501, 0.06332128)
(42551, 0.05783453)
(42601, 0.05770933)
(42651, 0.05981407)
(42701, 0.06171742)
(42751, 0.06207697)
(42801, 0.06398117)
(42851, 0.05987803)
(42901, 0.06105190)
(42951, 0.06001248)
(43001, 0.05960459)
(43051, 0.06139861)
(43101, 0.06018939)
(43151, 0.05504575)
(43201, 0.05943748)
(43251, 0.05329622)
(43301, 0.06344655)
(43351, 0.06562320)
(43401, 0.05853858)
(43451, 0.05641285)
(43501, 0.05957741)
(43551, 0.06489164)
(43601, 0.05742027)
(43651, 0.05866446)
(43701, 0.06242536)
(43751, 0.06979650)
(43801, 0.06420702)
(43851, 0.06360107)
(43901, 0.05891437)
(43951, 0.06333482)
(44001, 0.06175844)
(44051, 0.06180468)
(44101, 0.06060698)
(44151, 0.05998456)
(44201, 0.06112274)
(44251, 0.06054721)
(44301, 0.06375655)
(44351, 0.05968224)
(44401, 0.06080393)
(44451, 0.06883893)
(44501, 0.06019450)
(44551, 0.06638539)
(44601, 0.06472776)
(44651, 0.05738294)
(44701, 0.06314236)
(44751, 0.06279616)
(44801, 0.05917514)
(44851, 0.05759774)
(44901, 0.06737210)
(44951, 0.07013078)
(45001, 0.05115056)
(45051, 0.06315863)
(45101, 0.05628510)
(45151, 0.06422407)
(45201, 0.06254746)
(45251, 0.06838901)
(45301, 0.06057283)
(45351, 0.06096963)
(45401, 0.05991826)
(45451, 0.06351802)
(45501, 0.06470982)
(45551, 0.06142875)
(45601, 0.06006901)
(45651, 0.06212815)
(45701, 0.05728493)
(45751, 0.06496123)
(45801, 0.06340639)
(45851, 0.06437628)
(45901, 0.05348129)
(45951, 0.05513594)
(46001, 0.05914240)
(46051, 0.05330686)
(46101, 0.06199050)
(46151, 0.05490951)
(46201, 0.05880935)
(46251, 0.05898177)
(46301, 0.06809904)
(46351, 0.06288705)
(46401, 0.05949938)
(46451, 0.06400057)
(46501, 0.05295869)
(46551, 0.06211739)
(46601, 0.05998200)
(46651, 0.06579369)
(46701, 0.06206444)
(46751, 0.05566327)
(46801, 0.05834084)
(46851, 0.05856739)
(46901, 0.06733971)
(46951, 0.06252882)
(47001, 0.05458048)
(47051, 0.06274028)
(47101, 0.05628520)
(47151, 0.06107039)
(47201, 0.06104078)
(47251, 0.06446134)
(47301, 0.06619612)
(47351, 0.05963806)
(47401, 0.06248286)
(47451, 0.07023253)
(47501, 0.06235824)
(47551, 0.06905818)
(47601, 0.05163534)
(47651, 0.06298770)
(47701, 0.05497815)
(47751, 0.06400033)
(47801, 0.06637784)
(47851, 0.06603385)
(47901, 0.06184347)
(47951, 0.06194974)
(48001, 0.06057102)
(48051, 0.05566977)
(48101, 0.05696126)
(48151, 0.06005283)
(48201, 0.05754832)
(48251, 0.06509682)
(48301, 0.06234826)
(48351, 0.05990126)
(48401, 0.06141011)
(48451, 0.05843551)
(48501, 0.06368345)
(48551, 0.06061638)
(48601, 0.06285089)
(48651, 0.06797315)
(48701, 0.07429892)
(48751, 0.06601726)
(48801, 0.06844246)
(48851, 0.05858865)
(48901, 0.05909781)
(48951, 0.06281163)
(49001, 0.06620597)
(49051, 0.05519469)
(49101, 0.05829529)
(49151, 0.05632479)
(49201, 0.06301813)
(49251, 0.05573505)
(49301, 0.06041250)
(49351, 0.05699064)
(49401, 0.05583571)
(49451, 0.05879178)
(49501, 0.06932951)
(49551, 0.05735100)
(49601, 0.06255964)
(49651, 0.06034232)
(49701, 0.05653123)
(49751, 0.05853681)
(49801, 0.05675714)
(49851, 0.05671617)
(49901, 0.05935246)
(49951, 0.05806950)
(50001, 0.06545059)
(50051, 0.06520094)
(50101, 0.06821499)
(50151, 0.05467535)
(50201, 0.06126740)
(50251, 0.05357313)
(50301, 0.05726022)
(50351, 0.05902937)
(50401, 0.05527604)
(50451, 0.06350138)
(50501, 0.06148481)
(50551, 0.06863501)
(50601, 0.05853602)
(50651, 0.05987324)
(50701, 0.06249268)
(50751, 0.06030007)
(50801, 0.05632428)
(50851, 0.05413077)
(50901, 0.05730862)
(50951, 0.05837702)
(51001, 0.05920446)
(51051, 0.05829817)
(51101, 0.05789966)
(51151, 0.06740259)
(51201, 0.05664921)
(51251, 0.05964598)
(51301, 0.05889074)
(51351, 0.05965278)
(51401, 0.05479372)
(51451, 0.07115697)
(51501, 0.05986530)
(51551, 0.06282088)
(51601, 0.06161429)
(51651, 0.05938731)
(51701, 0.05645458)
(51751, 0.06327788)
(51801, 0.05636979)
(51851, 0.06160761)
(51901, 0.05708161)
(51951, 0.05659073)
(52001, 0.05967271)
(52051, 0.05779641)
(52101, 0.06339233)
(52151, 0.06462666)
(52201, 0.05728050)
(52251, 0.05071222)
(52301, 0.05606184)
(52351, 0.06319925)
(52401, 0.05514678)
(52451, 0.06561130)
(52501, 0.05746936)
(52551, 0.06039119)
(52601, 0.05933649)
(52651, 0.05697057)
(52701, 0.05593823)
(52751, 0.05967462)
(52801, 0.05810288)
(52851, 0.06213091)
(52901, 0.06036193)
(52951, 0.05611226)
(53001, 0.05431425)
(53051, 0.06562566)
(53101, 0.06252881)
(53151, 0.06013323)
(53201, 0.05608658)
(53251, 0.05652724)
(53301, 0.05850991)
(53351, 0.05914498)
(53401, 0.06759095)
(53451, 0.05587459)
(53501, 0.05910909)
(53551, 0.06888165)
(53601, 0.06727330)
(53651, 0.06370429)
(53701, 0.05196695)
(53751, 0.06000978)
(53801, 0.05895795)
(53851, 0.05256627)
(53901, 0.06430171)
(53951, 0.06289479)
(54001, 0.05818212)
(54051, 0.05731082)
(54101, 0.06188729)
(54151, 0.05621390)
(54201, 0.06158454)
(54251, 0.06201927)
(54301, 0.05466439)
(54351, 0.05848870)
(54401, 0.05599790)
(54451, 0.06238487)
(54501, 0.05734421)
(54551, 0.06001878)
(54601, 0.05954789)
(54651, 0.05320669)
(54701, 0.06133612)
(54751, 0.06113325)
(54801, 0.06030331)
(54851, 0.05535829)
(54901, 0.05878548)
(54951, 0.05551450)
(55001, 0.06057359)
(55051, 0.05385724)
(55101, 0.05364187)
(55151, 0.06251676)
(55201, 0.06731739)
(55251, 0.06188440)
(55301, 0.05724208)
(55351, 0.05489730)
(55401, 0.06439554)
(55451, 0.06269944)
(55501, 0.06111717)
(55551, 0.06299166)
(55601, 0.05429298)
(55651, 0.06110891)
(55701, 0.06048011)
(55751, 0.06537610)
(55801, 0.05761087)
(55851, 0.05944718)
(55901, 0.06300854)
(55951, 0.05982376)
(56001, 0.06377701)
(56051, 0.06209139)
(56101, 0.05884607)
(56151, 0.06389533)
(56201, 0.05900760)
(56251, 0.05825045)
(56301, 0.05450260)
(56351, 0.05489096)
(56401, 0.06099988)
(56451, 0.06801053)
(56501, 0.05743835)
(56551, 0.06165183)
(56601, 0.05678279)
(56651, 0.05604210)
(56701, 0.06376661)
(56751, 0.06070453)
(56801, 0.05329984)
(56851, 0.07188847)
(56901, 0.05865655)
(56951, 0.05758811)
(57001, 0.06682326)
(57051, 0.05709497)
(57101, 0.06038826)
(57151, 0.06167211)
(57201, 0.05606009)
(57251, 0.07094666)
(57301, 0.06118229)
(57351, 0.05629633)
(57401, 0.06121315)
(57451, 0.05375184)
(57501, 0.06253877)
(57551, 0.05818682)
(57601, 0.05689595)
(57651, 0.05816064)
(57701, 0.06061364)
(57751, 0.06408761)
(57801, 0.06110822)
(57851, 0.05926160)
(57901, 0.06235820)
(57951, 0.05622921)
(58001, 0.05845377)
(58051, 0.06037241)
(58101, 0.05841333)
(58151, 0.05953203)
(58201, 0.05530227)
(58251, 0.05765769)
(58301, 0.05567057)
(58351, 0.05406175)
(58401, 0.06543339)
(58451, 0.05969830)
(58501, 0.05935398)
(58551, 0.06169111)
(58601, 0.05736995)
(58651, 0.06244801)
(58701, 0.06128654)
(58751, 0.05950459)
(58801, 0.05613484)
(58851, 0.05817045)
(58901, 0.05451337)
(58951, 0.06062230)
(59001, 0.05586091)
(59051, 0.06135916)
(59101, 0.05989490)
(59151, 0.06031636)
(59201, 0.05819638)
(59251, 0.06168351)
(59301, 0.06068701)
(59351, 0.06058750)
(59401, 0.06144774)
(59451, 0.06058176)
(59501, 0.06019347)
(59551, 0.06059083)
(59601, 0.05726851)
(59651, 0.06831862)
(59701, 0.05905927)
(59751, 0.05374299)
(59801, 0.05438867)
(59851, 0.06263046)
(59901, 0.06505349)
(59951, 0.06984026)
(60001, 0.06500961)
(60051, 0.06501096)
(60101, 0.06006812)
(60151, 0.05742441)
(60201, 0.06394055)
(60251, 0.05241008)
(60301, 0.05504281)
(60351, 0.06492797)
(60401, 0.05718591)
(60451, 0.05815260)
(60501, 0.05628955)
(60551, 0.05955489)
(60601, 0.05332601)
(60651, 0.06258106)
(60701, 0.06401698)
(60751, 0.05913770)
(60801, 0.06158108)
(60851, 0.05721142)
(60901, 0.06278811)
(60951, 0.05678561)
(61001, 0.05391869)
(61051, 0.06125796)
(61101, 0.05564481)
(61151, 0.05558920)
(61201, 0.06286401)
(61251, 0.06053073)
(61301, 0.05361136)
(61351, 0.06569278)
(61401, 0.05386639)
(61451, 0.05057988)
(61501, 0.05938614)
(61551, 0.06265847)
(61601, 0.06060271)
(61651, 0.06054752)
(61701, 0.06154711)
(61751, 0.06627420)
(61801, 0.06151422)
(61851, 0.05586391)
(61901, 0.05716901)
(61951, 0.07115751)
(62001, 0.06015619)
(62051, 0.05701207)
(62101, 0.05736271)
(62151, 0.05542329)
(62201, 0.05630011)
(62251, 0.06408504)
(62301, 0.06183229)
(62351, 0.06098261)
(62401, 0.05648216)
(62451, 0.05764803)
(62501, 0.05764233)
(62551, 0.05204094)
(62601, 0.05441006)
(62651, 0.05358839)
(62701, 0.06400815)
(62751, 0.05819432)
(62801, 0.05760692)
(62851, 0.06047345)
(62901, 0.05521027)
(62951, 0.06247969)
(63001, 0.05713443)
(63051, 0.06469611)
(63101, 0.05659066)
(63151, 0.06053771)
(63201, 0.05321744)
(63251, 0.05753853)
(63301, 0.05644625)
(63351, 0.06146092)
(63401, 0.05804842)
(63451, 0.05862375)
(63501, 0.05360861)
(63551, 0.06175314)
(63601, 0.05948434)
(63651, 0.05853835)
(63701, 0.05802244)
(63751, 0.05567733)
(63801, 0.05878699)
(63851, 0.06066933)
(63901, 0.05803762)
(63951, 0.05846832)
(64001, 0.06031737)
(64051, 0.05869467)
(64101, 0.05927090)
(64151, 0.05711187)
(64201, 0.06033390)
(64251, 0.05291791)
(64301, 0.05613194)
(64351, 0.05855392)
(64401, 0.05571898)
(64451, 0.06195806)
(64501, 0.05821260)
(64551, 0.05870039)
(64601, 0.05671934)
(64651, 0.05680528)
(64701, 0.05592524)
(64751, 0.05263304)
(64801, 0.06613697)
(64851, 0.05872138)
(64901, 0.05772851)
(64951, 0.05490427)
(65001, 0.05887828)
(65051, 0.05661171)
(65101, 0.05414961)
(65151, 0.06963719)
(65201, 0.05658666)
(65251, 0.06009709)
(65301, 0.06093541)
(65351, 0.06351383)
(65401, 0.05371716)
(65451, 0.05683083)
(65501, 0.05697467)
(65551, 0.05494104)
(65601, 0.05569388)
(65651, 0.05817976)
(65701, 0.05395585)
(65751, 0.06231873)
(65801, 0.05864565)
(65851, 0.05864976)
(65901, 0.05542597)
(65951, 0.06301598)
(66001, 0.05376984)
(66051, 0.05585277)
(66101, 0.05606218)
(66151, 0.05596172)
(66201, 0.06284759)
(66251, 0.05370566)
(66301, 0.05446399)
(66351, 0.06070245)
(66401, 0.05850974)
(66451, 0.05990021)
(66501, 0.05657344)
(66551, 0.05791234)
(66601, 0.06287319)
(66651, 0.05604790)
(66701, 0.05600214)
(66751, 0.05994645)
(66801, 0.06170966)
(66851, 0.05360226)
(66901, 0.06038236)
(66951, 0.06230417)
(67001, 0.05917187)
(67051, 0.05916575)
(67101, 0.05480231)
(67151, 0.05906665)
(67201, 0.06033512)
(67251, 0.05713702)
(67301, 0.05404314)
(67351, 0.06129769)
(67401, 0.05318924)
(67451, 0.05971668)
(67501, 0.06001909)
(67551, 0.05781950)
(67601, 0.05649410)
(67651, 0.06375888)
(67701, 0.06125241)
(67751, 0.05356845)
(67801, 0.06202698)
(67851, 0.05340616)
(67901, 0.05731542)
(67951, 0.05810978)
(68001, 0.05673941)
(68051, 0.05189003)
(68101, 0.05758676)
(68151, 0.06314002)
(68201, 0.05479459)
(68251, 0.05773980)
(68301, 0.05570189)
(68351, 0.06247934)
(68401, 0.05901734)
(68451, 0.05853409)
(68501, 0.05260621)
(68551, 0.05460380)
(68601, 0.06112828)
(68651, 0.05240209)
(68701, 0.05440043)
(68751, 0.06162026)
(68801, 0.05760734)
(68851, 0.05417926)
(68901, 0.06345036)
(68951, 0.05576554)
(69001, 0.06127739)
(69051, 0.05189082)
(69101, 0.06388470)
(69151, 0.05293056)
(69201, 0.05727464)
(69251, 0.05550518)
(69301, 0.05419112)
(69351, 0.06004687)
(69401, 0.06192911)
(69451, 0.05689583)
(69501, 0.05891524)
(69551, 0.05689435)
(69601, 0.05926464)
(69651, 0.05953877)
(69701, 0.06222224)
(69751, 0.05176117)
(69801, 0.05979970)
(69851, 0.05869195)
(69901, 0.05552110)
(69951, 0.06191739)
(70001, 0.05674217)
(70051, 0.06040848)
(70101, 0.05284375)
(70151, 0.05619135)
(70201, 0.06116869)
(70251, 0.05575195)
(70301, 0.05798879)
(70351, 0.06389842)
(70401, 0.06020776)
(70451, 0.06270309)
(70501, 0.05809293)
(70551, 0.05760664)
(70601, 0.06336596)
(70651, 0.06058070)
(70701, 0.05767931)
(70751, 0.05662880)
(70801, 0.06035788)
(70851, 0.06316261)
(70901, 0.06041422)
(70951, 0.06584015)
(71001, 0.06452561)
(71051, 0.05545461)
(71101, 0.06548794)
(71151, 0.06595274)
(71201, 0.07364826)
(71251, 0.05837604)
(71301, 0.06273039)
(71351, 0.05999671)
(71401, 0.05790845)
(71451, 0.06001650)
(71501, 0.05498104)
(71551, 0.06171751)
(71601, 0.05508189)
(71651, 0.05584166)
(71701, 0.06238665)
(71751, 0.05487768)
(71801, 0.05815648)
(71851, 0.05543923)
(71901, 0.05741420)
(71951, 0.05552766)
(72001, 0.05188688)
(72051, 0.05834010)
(72101, 0.05538574)
(72151, 0.05262740)
(72201, 0.05130394)
(72251, 0.05528840)
(72301, 0.05609244)
(72351, 0.06013627)
(72401, 0.05172541)
(72451, 0.05437007)
(72501, 0.05819261)
(72551, 0.05667567)
(72601, 0.05380836)
(72651, 0.06487095)
(72701, 0.05409948)
(72751, 0.05953744)
(72801, 0.05428265)
(72851, 0.04944985)
(72901, 0.05518438)
(72951, 0.05252372)
(73001, 0.06108854)
(73051, 0.05374890)
(73101, 0.05565896)
(73151, 0.05921966)
(73201, 0.05066238)
(73251, 0.05415633)
(73301, 0.05277425)
(73351, 0.05199768)
(73401, 0.05180136)
(73451, 0.05593150)
(73501, 0.06518105)
(73551, 0.06162876)
(73601, 0.05482956)
(73651, 0.05696209)
(73701, 0.05648362)
(73751, 0.05386278)
(73801, 0.05529451)
(73851, 0.06284547)
(73901, 0.05552852)
(73951, 0.05486344)
(74001, 0.05446387)
(74051, 0.05700718)
(74101, 0.05300752)
(74151, 0.05882045)
(74201, 0.05699708)
(74251, 0.05905872)
(74301, 0.05504383)
(74351, 0.05205488)
(74401, 0.05527183)
(74451, 0.05498356)
(74501, 0.06196529)
(74551, 0.05360100)
(74601, 0.05871598)
(74651, 0.05143040)
(74701, 0.05988656)
(74751, 0.05577470)
(74801, 0.05888960)
(74851, 0.05091302)
(74901, 0.05922579)
(74951, 0.05808493)
(75001, 0.05549923)
(75051, 0.05430442)
(75101, 0.05559769)
(75151, 0.05033486)
(75201, 0.06049916)
(75251, 0.06226966)
(75301, 0.05372282)
(75351, 0.05623909)
(75401, 0.05909384)
(75451, 0.05156979)
(75501, 0.05581429)
(75551, 0.06358839)
(75601, 0.05341212)
(75651, 0.05737246)
(75701, 0.05703254)
(75751, 0.05499758)
(75801, 0.05335809)
(75851, 0.05443921)
(75901, 0.06001645)
(75951, 0.05808630)
(76001, 0.05485106)
(76051, 0.05489533)
(76101, 0.05879312)
(76151, 0.05239391)
(76201, 0.05584170)
(76251, 0.05490943)
(76301, 0.05714832)
(76351, 0.05637032)
(76401, 0.05841206)
(76451, 0.06225132)
(76501, 0.05497716)
(76551, 0.05119815)
(76601, 0.05603940)
(76651, 0.05578033)
(76701, 0.05767392)
(76751, 0.06639285)
(76801, 0.05797753)
(76851, 0.05374609)
(76901, 0.05548625)
(76951, 0.05379984)
(77001, 0.06260609)
(77051, 0.05033638)
(77101, 0.05941321)
(77151, 0.05185774)
(77201, 0.06488518)
(77251, 0.06058983)
(77301, 0.04974204)
(77351, 0.06389772)
(77401, 0.05746524)
(77451, 0.05425353)
(77501, 0.05235801)
(77551, 0.06084094)
(77601, 0.05745253)
(77651, 0.06214688)
(77701, 0.05116707)
(77751, 0.06331670)
(77801, 0.05133713)
(77851, 0.05339782)
(77901, 0.05460092)
(77951, 0.05927859)
(78001, 0.05237141)
(78051, 0.05393038)
(78101, 0.06036764)
(78151, 0.05793193)
(78201, 0.06186843)
(78251, 0.05451443)
(78301, 0.05850597)
(78351, 0.05805594)
(78401, 0.05669994)
(78451, 0.05827723)
(78501, 0.05363371)
(78551, 0.06216823)
(78601, 0.05975196)
(78651, 0.05428105)
(78701, 0.06056651)
(78751, 0.06040337)
(78801, 0.05899912)
(78851, 0.05513173)
(78901, 0.05692248)
(78951, 0.06239496)
(79001, 0.06116570)
(79051, 0.05478705)
(79101, 0.05735524)
(79151, 0.05527886)
(79201, 0.05532423)
(79251, 0.05707362)
(79301, 0.06256486)
(79351, 0.05434643)
(79401, 0.05536282)
(79451, 0.05834205)
(79501, 0.04654447)
(79551, 0.05248851)
(79601, 0.05325388)
(79651, 0.05781420)
(79701, 0.04838488)
(79751, 0.05361740)
(79801, 0.05569974)
(79851, 0.06184570)
(79901, 0.05418621)
(79951, 0.05711385)
(80001, 0.05252844)
(80051, 0.05323134)
(80101, 0.05417372)
(80151, 0.05219494)
(80201, 0.05778645)
(80251, 0.05982910)
(80301, 0.05634779)
(80351, 0.05834322)
(80401, 0.06173299)
(80451, 0.05813595)
(80501, 0.05434715)
(80551, 0.05720344)
(80601, 0.05145106)
(80651, 0.05786001)
(80701, 0.04919500)
(80751, 0.05768052)
(80801, 0.05447203)
(80851, 0.05578871)
(80901, 0.05573431)
(80951, 0.06178887)
(81001, 0.05040383)
(81051, 0.05145203)
(81101, 0.05374552)
(81151, 0.05626448)
(81201, 0.05975477)
(81251, 0.05072611)
(81301, 0.06506200)
(81351, 0.05791397)
(81401, 0.05337969)
(81451, 0.05986150)
(81501, 0.06880233)
(81551, 0.06083179)
(81601, 0.05102753)
(81651, 0.06168972)
(81701, 0.05692123)
(81751, 0.06189492)
(81801, 0.05656253)
(81851, 0.04956189)
(81901, 0.05119196)
(81951, 0.05276504)
(82001, 0.05593094)
(82051, 0.05962748)
(82101, 0.05546989)
(82151, 0.05560255)
(82201, 0.05263788)
(82251, 0.05902766)
(82301, 0.05615073)
(82351, 0.05507935)
(82401, 0.05779590)
(82451, 0.06261932)
(82501, 0.06377786)
(82551, 0.05803505)
(82601, 0.05789815)
(82651, 0.05718165)
(82701, 0.05701264)
(82751, 0.05701390)
(82801, 0.05636964)
(82851, 0.06561863)
(82901, 0.05360083)
(82951, 0.05806620)
(83001, 0.05736585)
(83051, 0.05321549)
(83101, 0.06023033)
(83151, 0.05916808)
(83201, 0.05614156)
(83251, 0.05494322)
(83301, 0.05914884)
(83351, 0.05400904)
(83401, 0.05592702)
(83451, 0.05426861)
(83501, 0.05448852)
(83551, 0.06140304)
(83601, 0.05824528)
(83651, 0.05765055)
(83701, 0.06133851)
(83751, 0.05326492)
(83801, 0.05864035)
(83851, 0.05797607)
(83901, 0.05111072)
(83951, 0.06461088)
(84001, 0.06326314)
(84051, 0.05316769)
(84101, 0.05822435)
(84151, 0.05765216)
(84201, 0.05951532)
(84251, 0.05433452)
(84301, 0.06068299)
(84351, 0.05979693)
(84401, 0.05755698)
(84451, 0.05343953)
(84501, 0.05648626)
(84551, 0.05162231)
(84601, 0.06131691)
(84651, 0.05383857)
(84701, 0.05199062)
(84751, 0.05228918)
(84801, 0.05346749)
(84851, 0.05576278)
(84901, 0.06124923)
(84951, 0.05512320)
(85001, 0.05724469)
(85051, 0.05587072)
(85101, 0.05651287)
(85151, 0.05203956)
(85201, 0.05622613)
(85251, 0.05698005)
(85301, 0.05795205)
(85351, 0.06093027)
(85401, 0.05885840)
(85451, 0.06490207)
(85501, 0.05853919)
(85551, 0.05982779)
(85601, 0.05687580)
(85651, 0.06088569)
(85701, 0.05809850)
(85751, 0.05087745)
(85801, 0.05014653)
(85851, 0.05360853)
(85901, 0.05752403)
(85951, 0.05277959)
(86001, 0.05448640)
(86051, 0.05710896)
(86101, 0.05525041)
(86151, 0.05362819)
(86201, 0.05797183)
(86251, 0.05683089)
(86301, 0.05347719)
(86351, 0.05577549)
(86401, 0.05763666)
(86451, 0.05959276)
(86501, 0.05080479)
(86551, 0.05628108)
(86601, 0.05580603)
(86651, 0.05236021)
(86701, 0.04994168)
(86751, 0.06170812)
(86801, 0.05778784)
(86851, 0.05356314)
(86901, 0.05774232)
(86951, 0.05448177)
(87001, 0.05194167)
(87051, 0.06636130)
(87101, 0.05632854)
(87151, 0.05876739)
(87201, 0.05704713)
(87251, 0.05705044)
(87301, 0.05131485)
(87351, 0.05055591)
(87401, 0.05755913)
(87451, 0.05467353)
(87501, 0.05324677)
(87551, 0.05931656)
(87601, 0.04989032)
(87651, 0.05375021)
(87701, 0.05525130)
(87751, 0.05950623)
(87801, 0.05394839)
(87851, 0.05436278)
(87901, 0.06025282)
(87951, 0.05499057)
(88001, 0.05766607)
(88051, 0.05768946)
(88101, 0.06084468)
(88151, 0.05612578)
(88201, 0.05967830)
(88251, 0.05658947)
(88301, 0.05015095)
(88351, 0.05433891)
(88401, 0.05816121)
(88451, 0.05133605)
(88501, 0.05403305)
(88551, 0.05582401)
(88601, 0.05757838)
(88651, 0.05343819)
(88701, 0.05483956)
(88751, 0.05289982)
(88801, 0.05230696)
(88851, 0.05012357)
(88901, 0.05252635)
(88951, 0.05336332)
(89001, 0.05659371)
(89051, 0.05800065)
(89101, 0.06112170)
(89151, 0.05496680)
(89201, 0.06190507)
(89251, 0.05334871)
(89301, 0.05544845)
(89351, 0.06099245)
(89401, 0.06306038)
(89451, 0.05170484)
(89501, 0.05683185)
(89551, 0.05995007)
(89601, 0.05731237)
(89651, 0.05374230)
(89701, 0.05276841)
(89751, 0.05317457)
(89801, 0.05308601)
(89851, 0.05167360)
(89901, 0.05741007)
(89951, 0.05334842)
(90001, 0.04871268)
(90051, 0.05292537)
(90101, 0.05681784)
(90151, 0.05603085)
(90201, 0.05014414)
(90251, 0.05311605)
(90301, 0.05654140)
(90351, 0.05638536)
(90401, 0.05190084)
(90451, 0.05666955)
(90501, 0.05421779)
(90551, 0.05610804)
(90601, 0.05768706)
(90651, 0.05713509)
(90701, 0.05053084)
(90751, 0.04970864)
(90801, 0.05522704)
(90851, 0.05548440)
(90901, 0.05524852)
(90951, 0.05135065)
(91001, 0.05316629)
(91051, 0.06322016)
(91101, 0.05321744)
(91151, 0.05404367)
(91201, 0.05589271)
(91251, 0.05176144)
(91301, 0.05231501)
(91351, 0.05779792)
(91401, 0.06083889)
(91451, 0.05489739)
(91501, 0.05344290)
(91551, 0.05556124)
(91601, 0.05514564)
(91651, 0.05405627)
(91701, 0.05501336)
(91751, 0.06274226)
(91801, 0.05386623)
(91851, 0.05973891)
(91901, 0.06050197)
(91951, 0.06310242)
(92001, 0.05627389)
(92051, 0.06354478)
(92101, 0.05427491)
(92151, 0.05731413)
(92201, 0.05993878)
(92251, 0.05525709)
(92301, 0.05318791)
(92351, 0.05109864)
(92401, 0.05362570)
(92451, 0.05331648)
(92501, 0.05701174)
(92551, 0.05953163)
(92601, 0.05732496)
(92651, 0.05619784)
(92701, 0.05321686)
(92751, 0.05294506)
(92801, 0.05160035)
(92851, 0.05545457)
(92901, 0.05650298)
(92951, 0.05403186)
(93001, 0.05515387)
(93051, 0.05287978)
(93101, 0.06035688)
(93151, 0.05304917)
(93201, 0.06102258)
(93251, 0.05804029)
(93301, 0.04980471)
(93351, 0.05841207)
(93401, 0.04988052)
(93451, 0.05377100)
(93501, 0.05077705)
(93551, 0.05959892)
(93601, 0.05087066)
(93651, 0.05384338)
(93701, 0.05238320)
(93751, 0.05926047)
(93801, 0.05281546)
(93851, 0.05404369)
(93901, 0.05957177)
(93951, 0.05763247)
(94001, 0.05518522)
(94051, 0.06462555)
(94101, 0.05330295)
(94151, 0.05186566)
(94201, 0.05764432)
(94251, 0.06050628)
(94301, 0.06103793)
(94351, 0.04829683)
(94401, 0.04924546)
(94451, 0.04962119)
(94501, 0.05497639)
(94551, 0.05863746)
(94601, 0.05138895)
(94651, 0.05786322)
(94701, 0.05097455)
(94751, 0.05655609)
(94801, 0.05527147)
(94851, 0.05934433)
(94901, 0.05561997)
(94951, 0.05541648)
(95001, 0.05495905)
(95051, 0.05438843)
(95101, 0.04650272)
(95151, 0.05901900)
(95201, 0.05510093)
(95251, 0.05628917)
(95301, 0.05223909)
(95351, 0.05602947)
(95401, 0.05305264)
(95451, 0.06120226)
(95501, 0.05647004)
(95551, 0.05445882)
(95601, 0.06022639)
(95651, 0.05637200)
(95701, 0.05484082)
(95751, 0.05842354)
(95801, 0.05943703)
(95851, 0.05617452)
(95901, 0.05499609)
(95951, 0.05092593)
(96001, 0.05212833)
(96051, 0.05612683)
(96101, 0.06166249)
(96151, 0.05443828)
(96201, 0.05591647)
(96251, 0.05987197)
(96301, 0.05880232)
(96351, 0.05445318)
(96401, 0.05525603)
(96451, 0.05719519)
(96501, 0.05789535)
(96551, 0.05263109)
(96601, 0.05373806)
(96651, 0.05062691)
(96701, 0.05147383)
(96751, 0.05548090)
(96801, 0.04757620)
(96851, 0.05217307)
(96901, 0.05420946)
(96951, 0.05722850)
(97001, 0.05276936)
(97051, 0.04865183)
(97101, 0.05492253)
(97151, 0.05636256)
(97201, 0.05361236)
(97251, 0.05472982)
(97301, 0.05014022)
(97351, 0.05644235)
(97401, 0.05503327)
(97451, 0.05550153)
(97501, 0.05611269)
(97551, 0.05978518)
(97601, 0.05371997)
(97651, 0.06011596)
(97701, 0.05450996)
(97751, 0.05948802)
(97801, 0.04564315)
(97851, 0.04992194)
(97901, 0.04895271)
(97951, 0.05258570)
(98001, 0.04985506)
(98051, 0.04939900)
(98101, 0.05272653)
(98151, 0.05775163)
(98201, 0.06131907)
(98251, 0.05307411)
(98301, 0.05108447)
(98351, 0.05480102)
(98401, 0.05606296)
(98451, 0.05045910)
(98501, 0.05966587)
(98551, 0.05404359)
(98601, 0.05236046)
(98651, 0.04905472)
(98701, 0.05142305)
(98751, 0.05521003)
(98801, 0.05553911)
(98851, 0.06274245)
(98901, 0.05049039)
(98951, 0.06067148)
(99001, 0.05492392)
(99051, 0.05214143)
(99101, 0.05546783)
(99151, 0.05663545)
(99201, 0.05437338)
(99251, 0.05364115)
(99301, 0.05342827)
(99351, 0.05308402)
(99401, 0.05610946)
(99451, 0.05858322)
(99501, 0.06068661)
(99551, 0.05783890)
(99601, 0.05572072)
(99651, 0.05307622)
(99701, 0.05238428)
(99751, 0.05485559)
(99801, 0.06157590)
(99851, 0.06211592)
(99901, 0.05429113)
(99951, 0.05234180)
(100001, 0.05107796)
(100051, 0.06012132)
(100101, 0.05072028)
(100151, 0.06253403)
(100201, 0.05140651)
(100251, 0.05359356)
(100301, 0.06091704)
(100351, 0.05413623)
(100401, 0.05716217)
(100451, 0.05921004)
(100501, 0.05121036)
(100551, 0.05539290)
(100601, 0.05695155)
(100651, 0.05794778)
(100701, 0.05033933)
(100751, 0.05483314)
(100801, 0.05098870)
(100851, 0.05566097)
(100901, 0.05181072)
(100951, 0.06087178)
(101001, 0.05104201)
(101051, 0.05375444)
(101101, 0.05707670)
(101151, 0.05618147)
(101201, 0.05822854)
(101251, 0.05272000)
(101301, 0.06512643)
(101351, 0.05620261)
(101401, 0.05294377)
(101451, 0.05745018)
(101501, 0.05384009)
(101551, 0.05488311)
(101601, 0.04854424)
(101651, 0.05295714)
(101701, 0.05288471)
(101751, 0.05090734)
(101801, 0.05985524)
(101851, 0.05611578)
(101901, 0.04738026)
(101951, 0.06180694)
(102001, 0.05170340)
(102051, 0.05768072)
(102101, 0.06084271)
(102151, 0.05542345)
(102201, 0.04949243)
(102251, 0.06100436)
(102301, 0.05069515)
(102351, 0.05580395)
(102401, 0.05043404)
(102451, 0.05249549)
(102501, 0.05058800)
(102551, 0.05359938)
(102601, 0.05304218)
(102651, 0.05441244)
(102701, 0.04957700)
(102751, 0.05268510)
(102801, 0.05432433)
(102851, 0.05179920)
(102901, 0.05153196)
(102951, 0.05312077)
(103001, 0.05598472)
(103051, 0.05280516)
(103101, 0.05371173)
(103151, 0.05799029)
(103201, 0.05530829)
(103251, 0.05943284)
(103301, 0.05721319)
(103351, 0.06067494)
(103401, 0.05459836)
(103451, 0.05401907)
(103501, 0.05154236)
(103551, 0.05961676)
(103601, 0.05512713)
(103651, 0.05574425)
(103701, 0.05977995)
(103751, 0.05333700)
(103801, 0.05461093)
(103851, 0.05743624)
(103901, 0.05510477)
(103951, 0.05569326)
(104001, 0.05295239)
(104051, 0.05457561)
(104101, 0.04850504)
(104151, 0.05029235)
(104201, 0.05627782)
(104251, 0.06082098)
(104301, 0.05625991)
(104351, 0.05577039)
(104401, 0.05330265)
(104451, 0.05222261)
(104501, 0.04847025)
(104551, 0.05516404)
(104601, 0.05429046)
(104651, 0.05811866)
(104701, 0.05345498)
(104751, 0.05261482)
(104801, 0.05237184)
(104851, 0.05180177)
(104901, 0.04886017)
(104951, 0.04955410)
(105001, 0.05426358)
(105051, 0.05321300)
(105101, 0.05478919)
(105151, 0.06115049)
(105201, 0.05615118)
(105251, 0.05424624)
(105301, 0.05402315)
(105351, 0.05176411)
(105401, 0.04617474)
(105451, 0.05787750)
(105501, 0.05330798)
(105551, 0.05265251)
(105601, 0.05557211)
(105651, 0.05815885)
(105701, 0.05780865)
(105751, 0.05791773)
(105801, 0.05683174)
(105851, 0.05239002)
(105901, 0.05872944)
(105951, 0.06077614)
(106001, 0.05800416)
(106051, 0.05054941)
(106101, 0.04598287)
(106151, 0.06108323)
(106201, 0.05532109)
(106251, 0.06151250)
(106301, 0.05607844)
(106351, 0.05044467)
(106401, 0.05227099)
(106451, 0.05731431)
(106501, 0.05594432)
(106551, 0.05134150)
(106601, 0.04912595)
(106651, 0.05455496)
(106701, 0.05766536)
(106751, 0.05230273)
(106801, 0.05409397)
(106851, 0.05474666)
(106901, 0.04972915)
(106951, 0.05518764)
(107001, 0.05635698)
(107051, 0.05389980)
(107101, 0.05387279)
(107151, 0.05309413)
(107201, 0.04696103)
(107251, 0.05445898)
(107301, 0.05368153)
(107351, 0.06122319)
(107401, 0.05289076)
(107451, 0.05293339)
(107501, 0.04998200)
(107551, 0.04999774)
(107601, 0.05615951)
(107651, 0.05212394)
(107701, 0.05028217)
(107751, 0.04990872)
(107801, 0.05406532)
(107851, 0.05355255)
(107901, 0.05117683)
(107951, 0.05382998)
(108001, 0.04819119)
(108051, 0.05160393)
(108101, 0.05437429)
(108151, 0.05598197)
(108201, 0.04908460)
(108251, 0.05167932)
(108301, 0.05529702)
(108351, 0.05679896)
(108401, 0.05435285)
(108451, 0.05324991)
(108501, 0.05302535)
(108551, 0.05458869)
(108601, 0.04874749)
(108651, 0.06100261)
(108701, 0.04975272)
(108751, 0.05307837)
(108801, 0.05115713)
(108851, 0.04785619)
(108901, 0.05259048)
(108951, 0.05371872)
(109001, 0.04963418)
(109051, 0.05183245)
(109101, 0.05766439)
(109151, 0.05302960)
(109201, 0.05584249)
(109251, 0.05225201)
(109301, 0.05296453)
(109351, 0.05772790)
(109401, 0.05275262)
(109451, 0.05121361)
(109501, 0.05515777)
(109551, 0.05994609)
(109601, 0.05560970)
(109651, 0.04904993)
(109701, 0.05748238)
(109751, 0.05370121)
(109801, 0.05794350)
(109851, 0.05329969)
(109901, 0.04789621)
(109951, 0.05188582)
(110001, 0.05119086)
(110051, 0.05562539)
(110101, 0.04904371)
(110151, 0.06712302)
(110201, 0.05261527)
(110251, 0.05866183)
(110301, 0.05279777)
(110351, 0.05461082)
(110401, 0.04877299)
(110451, 0.05388165)
(110501, 0.05172506)
(110551, 0.05888101)
(110601, 0.05282653)
(110651, 0.04803310)
(110701, 0.05560064)
(110751, 0.05434738)
(110801, 0.04946559)
(110851, 0.05581010)
(110901, 0.05206698)
(110951, 0.05572122)
(111001, 0.05721189)
(111051, 0.05231698)
(111101, 0.05815222)
(111151, 0.05257523)
(111201, 0.05430878)
(111251, 0.05311371)
(111301, 0.05302632)
(111351, 0.05408622)
(111401, 0.05409961)
(111451, 0.05686669)
(111501, 0.05383619)
(111551, 0.05473541)
(111601, 0.05613890)
(111651, 0.06165680)
(111701, 0.05758341)
(111751, 0.05587227)
(111801, 0.05070005)
(111851, 0.05012738)
(111901, 0.05210378)
(111951, 0.05465361)
(112001, 0.05958508)
(112051, 0.05180383)
(112101, 0.05427425)
(112151, 0.05289778)
(112201, 0.05198438)
(112251, 0.05788800)
(112301, 0.05367950)
(112351, 0.05509982)
(112401, 0.05073312)
(112451, 0.05603989)
(112501, 0.05473005)
(112551, 0.06278513)
(112601, 0.04988520)
(112651, 0.05440549)
(112701, 0.05667720)
(112751, 0.05711541)
(112801, 0.05134853)
(112851, 0.05024710)
(112901, 0.05282993)
(112951, 0.05170843)
(113001, 0.04824661)
(113051, 0.05488365)
(113101, 0.05382811)
(113151, 0.05346425)
(113201, 0.05778826)
(113251, 0.05213848)
(113301, 0.05536627)
(113351, 0.05430857)
(113401, 0.05484656)
(113451, 0.06223280)
(113501, 0.05972844)
(113551, 0.05384893)
(113601, 0.05487769)
(113651, 0.05568505)
(113701, 0.05534051)
(113751, 0.05169932)
(113801, 0.05487309)
(113851, 0.05363796)
(113901, 0.04735336)
(113951, 0.05865164)
(114001, 0.05112765)
(114051, 0.05670802)
(114101, 0.05122161)
(114151, 0.05872660)
(114201, 0.05271989)
(114251, 0.04911850)
(114301, 0.05271827)
(114351, 0.05959365)
(114401, 0.05585381)
(114451, 0.04786729)
(114501, 0.05911430)
(114551, 0.05237391)
(114601, 0.05904715)
(114651, 0.04991373)
(114701, 0.05716927)
(114751, 0.05559718)
(114801, 0.05364959)
(114851, 0.05300778)
(114901, 0.06455904)
(114951, 0.04665294)
(115001, 0.05553586)
(115051, 0.05388838)
(115101, 0.05880575)
(115151, 0.05188724)
(115201, 0.05344176)
(115251, 0.05751202)
(115301, 0.05413081)
(115351, 0.05369833)
(115401, 0.05478565)
(115451, 0.06743438)
(115501, 0.05022769)
(115551, 0.05788453)
(115601, 0.05661406)
(115651, 0.05105536)
(115701, 0.05500710)
(115751, 0.05491263)
(115801, 0.05468211)
(115851, 0.05034322)
(115901, 0.05272832)
(115951, 0.05635350)
(116001, 0.05402772)
(116051, 0.05021637)
(116101, 0.05400614)
(116151, 0.05646873)
(116201, 0.05456915)
(116251, 0.05571656)
(116301, 0.04836413)
(116351, 0.05363601)
(116401, 0.05580220)
(116451, 0.05833470)
(116501, 0.05052764)
(116551, 0.05573514)
(116601, 0.05587361)
(116651, 0.05626298)
(116701, 0.05512773)
(116751, 0.05305002)
(116801, 0.05091983)
(116851, 0.05060198)
(116901, 0.05406784)
(116951, 0.04803016)
(117001, 0.05419273)
(117051, 0.04755445)
(117101, 0.06405780)
(117151, 0.05578391)
(117201, 0.05397493)
(117251, 0.05192533)
(117301, 0.04780293)
(117351, 0.05642329)
(117401, 0.05562026)
(117451, 0.05129105)
(117501, 0.05086361)
(117551, 0.05808766)
(117601, 0.05103995)
(117651, 0.05328045)
(117701, 0.05707966)
(117751, 0.05420217)
(117801, 0.05444091)
(117851, 0.04588202)
(117901, 0.05256312)
(117951, 0.05744867)
(118001, 0.05852368)
(118051, 0.05161855)
(118101, 0.04998062)
(118151, 0.05314839)
(118201, 0.05096979)
(118251, 0.05420466)
(118301, 0.05105172)
(118351, 0.05885809)
(118401, 0.05639247)
(118451, 0.05391936)
(118501, 0.05323702)
(118551, 0.05404991)
(118601, 0.05334799)
(118651, 0.05498369)
(118701, 0.05939719)
(118751, 0.04835648)
(118801, 0.05572602)
(118851, 0.05380642)
(118901, 0.05428262)
(118951, 0.05727927)
(119001, 0.05457044)
(119051, 0.05541793)
(119101, 0.05870840)
(119151, 0.05371091)
(119201, 0.05114587)
(119251, 0.05269690)
(119301, 0.05708878)
(119351, 0.05450369)
(119401, 0.05005573)
(119451, 0.05180240)
(119501, 0.05345929)
(119551, 0.05600666)
(119601, 0.05145746)
(119651, 0.05540901)
(119701, 0.05433423)
(119751, 0.05657255)
(119801, 0.05094213)
(119851, 0.05241576)
(119901, 0.05155563)
(119951, 0.05730130)
(120001, 0.05673753)
(120051, 0.05047791)
(120101, 0.04927214)
(120151, 0.04728628)
(120201, 0.06162623)
(120251, 0.05227063)
(120301, 0.04848333)
(120351, 0.05163027)
(120401, 0.05575006)
(120451, 0.05888436)
(120501, 0.04894565)
(120551, 0.05739827)
(120601, 0.05158626)
(120651, 0.04902969)
(120701, 0.05485700)
(120751, 0.05432667)
(120801, 0.05619144)
(120851, 0.05149655)
(120901, 0.05789133)
(120951, 0.06237438)
(121001, 0.04931900)
(121051, 0.05775627)
(121101, 0.04977433)
(121151, 0.05248265)
(121201, 0.04986087)
(121251, 0.05111904)
(121301, 0.05040675)
(121351, 0.05910075)
(121401, 0.04806981)
(121451, 0.05083272)
(121501, 0.04971761)
(121551, 0.05164120)
(121601, 0.05530313)
(121651, 0.05426069)
(121701, 0.05398195)
(121751, 0.05228951)
(121801, 0.05819970)
(121851, 0.05609811)
(121901, 0.05244720)
(121951, 0.05418892)
(122001, 0.05547653)
(122051, 0.05691011)
(122101, 0.05290511)
(122151, 0.04969296)
(122201, 0.05383312)
(122251, 0.05128318)
(122301, 0.05583834)
(122351, 0.05391511)
(122401, 0.04998404)
(122451, 0.05076551)
(122501, 0.05441634)
(122551, 0.05003691)
(122601, 0.05142852)
(122651, 0.05790092)
(122701, 0.05459341)
(122751, 0.05327808)
(122801, 0.05477462)
(122851, 0.04857994)
(122901, 0.05416133)
(122951, 0.05512651)
(123001, 0.05369942)
(123051, 0.05187330)
(123101, 0.05741826)
(123151, 0.05523159)
(123201, 0.04928052)
(123251, 0.05162145)
(123301, 0.05797264)
(123351, 0.05706138)
(123401, 0.05418874)
(123451, 0.05118976)
(123501, 0.05974232)
(123551, 0.05350984)
(123601, 0.05454984)
(123651, 0.05433644)
(123701, 0.04967900)
(123751, 0.05527012)
(123801, 0.05554992)
(123851, 0.05573912)
(123901, 0.05939305)
(123951, 0.04961887)
(124001, 0.05444265)
(124051, 0.05340722)
(124101, 0.05227951)
(124151, 0.05286230)
(124201, 0.06299512)
(124251, 0.06076697)
(124301, 0.05135424)
(124351, 0.05310164)
(124401, 0.05605324)
(124451, 0.05335632)
(124501, 0.04744898)
(124551, 0.05316811)
(124601, 0.05337283)
(124651, 0.05895661)
(124701, 0.05347588)
(124751, 0.05979911)
(124801, 0.05013886)
(124851, 0.05219653)
(124901, 0.05879843)
(124951, 0.05082021)
