(1, 0.49893960)
(51, 0.11088404)
(101, 0.09408570)
(151, 0.08543343)
(201, 0.08055928)
(251, 0.08132949)
(301, 0.07865039)
(351, 0.07485316)
(401, 0.07189196)
(451, 0.07181931)
(501, 0.06813933)
(551, 0.07103270)
(601, 0.06849636)
(651, 0.06351985)
(701, 0.06711502)
(751, 0.06554336)
(801, 0.06464492)
(851, 0.05940657)
(901, 0.06449624)
(951, 0.05800500)
(1001, 0.06602111)
(1051, 0.06186377)
(1101, 0.06550714)
(1151, 0.06329565)
(1201, 0.05885643)
(1251, 0.05999029)
(1301, 0.06160472)
(1351, 0.05864915)
(1401, 0.06160977)
(1451, 0.06269580)
(1501, 0.05944846)
(1551, 0.05891436)
(1601, 0.05819310)
(1651, 0.06013212)
(1701, 0.06079413)
(1751, 0.05988454)
(1801, 0.06345001)
(1851, 0.05408202)
(1901, 0.06042328)
(1951, 0.05648272)
(2001, 0.05760366)
(2051, 0.05660523)
(2101, 0.05856480)
(2151, 0.05611604)
(2201, 0.05725237)
(2251, 0.05711163)
(2301, 0.05726255)
(2351, 0.05595870)
(2401, 0.05697599)
(2451, 0.05990274)
(2501, 0.05443776)
(2551, 0.05700948)
(2601, 0.05360241)
(2651, 0.05747906)
(2701, 0.05814672)
(2751, 0.05756667)
(2801, 0.05242241)
(2851, 0.05725387)
(2901, 0.05823362)
(2951, 0.05151848)
(3001, 0.06051001)
(3051, 0.05539243)
(3101, 0.05443331)
(3151, 0.05289462)
(3201, 0.05171662)
(3251, 0.05676232)
(3301, 0.05408212)
(3351, 0.05309773)
(3401, 0.05474023)
(3451, 0.05247296)
(3501, 0.05534058)
(3551, 0.05399105)
(3601, 0.05307635)
(3651, 0.05129679)
(3701, 0.06028911)
(3751, 0.05369752)
(3801, 0.05361823)
(3851, 0.05333391)
(3901, 0.05310974)
(3951, 0.05822382)
(4001, 0.05188241)
(4051, 0.05161661)
(4101, 0.05190260)
(4151, 0.05450421)
(4201, 0.05381547)
(4251, 0.05258571)
(4301, 0.05980152)
(4351, 0.05214300)
(4401, 0.04937639)
(4451, 0.04817745)
(4501, 0.05143389)
(4551, 0.05177542)
(4601, 0.04996107)
(4651, 0.05448381)
(4701, 0.04889442)
(4751, 0.05193676)
(4801, 0.04916603)
(4851, 0.04854576)
(4901, 0.05283608)
(4951, 0.05012302)
(5001, 0.05034601)
(5051, 0.04695005)
(5101, 0.04899896)
(5151, 0.04960034)
(5201, 0.05359304)
(5251, 0.05064618)
(5301, 0.04997696)
(5351, 0.05290253)
(5401, 0.05445641)
(5451, 0.05195229)
(5501, 0.05308843)
(5551, 0.05019090)
(5601, 0.04836076)
(5651, 0.05001516)
(5701, 0.05001994)
(5751, 0.05280707)
(5801, 0.05184957)
(5851, 0.05013199)
(5901, 0.05342161)
(5951, 0.04854706)
(6001, 0.05053014)
(6051, 0.05684003)
(6101, 0.04987755)
(6151, 0.05146758)
(6201, 0.05067273)
(6251, 0.05092056)
(6301, 0.04806161)
(6351, 0.05463568)
(6401, 0.04963273)
(6451, 0.04545472)
(6501, 0.05189087)
(6551, 0.05154877)
(6601, 0.04876885)
(6651, 0.04820620)
(6701, 0.04907817)
(6751, 0.04580807)
(6801, 0.04816932)
(6851, 0.05076333)
(6901, 0.04760214)
(6951, 0.04961322)
(7001, 0.05271383)
(7051, 0.04753907)
(7101, 0.04878390)
(7151, 0.04857244)
(7201, 0.04997760)
(7251, 0.04899175)
(7301, 0.04940864)
(7351, 0.04961715)
(7401, 0.05217745)
(7451, 0.04861206)
(7501, 0.04857462)
(7551, 0.04988739)
(7601, 0.04977081)
(7651, 0.05153259)
(7701, 0.04802505)
(7751, 0.04979364)
(7801, 0.04582065)
(7851, 0.04845167)
(7901, 0.04953475)
(7951, 0.05031923)
(8001, 0.04796407)
(8051, 0.05231684)
(8101, 0.04689788)
(8151, 0.04456539)
(8201, 0.05244865)
(8251, 0.04757163)
(8301, 0.04640622)
(8351, 0.04508361)
(8401, 0.04684456)
(8451, 0.04666724)
(8501, 0.04490965)
(8551, 0.04894070)
(8601, 0.04573259)
(8651, 0.05009336)
(8701, 0.04852820)
(8751, 0.04732483)
(8801, 0.05143693)
(8851, 0.05117786)
(8901, 0.04614141)
(8951, 0.04834117)
(9001, 0.04606758)
(9051, 0.04746416)
(9101, 0.04927910)
(9151, 0.04872146)
(9201, 0.04745783)
(9251, 0.04300870)
(9301, 0.04809705)
(9351, 0.04778541)
(9401, 0.04465209)
(9451, 0.04679944)
(9501, 0.04711233)
(9551, 0.05048862)
(9601, 0.04559422)
(9651, 0.04753215)
(9701, 0.05157514)
(9751, 0.04616671)
(9801, 0.05554018)
(9851, 0.04670729)
(9901, 0.04870389)
(9951, 0.04846742)
(10001, 0.04704925)
(10051, 0.04632875)
(10101, 0.04428189)
(10151, 0.04774288)
(10201, 0.04256840)
(10251, 0.04663153)
(10301, 0.04964918)
(10351, 0.04760949)
(10401, 0.05013772)
(10451, 0.05007161)
(10501, 0.04631510)
(10551, 0.04856632)
(10601, 0.04739175)
(10651, 0.04525414)
(10701, 0.04836234)
(10751, 0.04650168)
(10801, 0.04575612)
(10851, 0.04878566)
(10901, 0.04930717)
(10951, 0.04349338)
(11001, 0.04736384)
(11051, 0.04578381)
(11101, 0.04880641)
(11151, 0.04498069)
(11201, 0.04644077)
(11251, 0.04906006)
(11301, 0.04846964)
(11351, 0.04546549)
(11401, 0.04865514)
(11451, 0.04844496)
(11501, 0.05241023)
(11551, 0.04686338)
(11601, 0.04972704)
(11651, 0.04629463)
(11701, 0.04852942)
(11751, 0.04554034)
(11801, 0.05021615)
(11851, 0.04631731)
(11901, 0.04654261)
(11951, 0.04438711)
(12001, 0.04755058)
(12051, 0.04711778)
(12101, 0.04536068)
(12151, 0.04708412)
(12201, 0.04758356)
(12251, 0.04674113)
(12301, 0.04663122)
(12351, 0.04528688)
(12401, 0.04601948)
(12451, 0.04832004)
(12501, 0.04463139)
(12551, 0.04893429)
(12601, 0.04493435)
(12651, 0.04602505)
(12701, 0.04454051)
(12751, 0.04457570)
(12801, 0.04538689)
(12851, 0.04572498)
(12901, 0.04516975)
(12951, 0.04522970)
(13001, 0.04691105)
(13051, 0.04879647)
(13101, 0.04720743)
(13151, 0.05089132)
(13201, 0.05046837)
(13251, 0.04724624)
(13301, 0.04740072)
(13351, 0.04718812)
(13401, 0.04628161)
(13451, 0.04379023)
(13501, 0.04930335)
(13551, 0.04522116)
(13601, 0.04696325)
(13651, 0.04396160)
(13701, 0.04370387)
(13751, 0.04731258)
(13801, 0.04695543)
(13851, 0.04468538)
(13901, 0.04694045)
(13951, 0.04316835)
(14001, 0.04777073)
(14051, 0.04724433)
(14101, 0.04773695)
(14151, 0.04636069)
(14201, 0.04386964)
(14251, 0.04509089)
(14301, 0.04215999)
(14351, 0.04554720)
(14401, 0.04581847)
(14451, 0.04944589)
(14501, 0.05141401)
(14551, 0.04699801)
(14601, 0.04544361)
(14651, 0.04388728)
(14701, 0.04328598)
(14751, 0.04465596)
(14801, 0.04774784)
(14851, 0.04330641)
(14901, 0.04489589)
(14951, 0.04408440)
(15001, 0.04737290)
(15051, 0.04189400)
(15101, 0.04597978)
(15151, 0.04626602)
(15201, 0.04099269)
(15251, 0.04606774)
(15301, 0.04388544)
(15351, 0.04293403)
(15401, 0.04796919)
(15451, 0.04153349)
(15501, 0.04793618)
(15551, 0.04407454)
(15601, 0.04593998)
(15651, 0.04940047)
(15701, 0.04586343)
(15751, 0.04088873)
(15801, 0.04403312)
(15851, 0.04804655)
(15901, 0.04746618)
(15951, 0.04539734)
(16001, 0.04506873)
(16051, 0.04512062)
(16101, 0.04424690)
(16151, 0.04500749)
(16201, 0.04632901)
(16251, 0.04701464)
(16301, 0.04269503)
(16351, 0.04723827)
(16401, 0.04660917)
(16451, 0.04317672)
(16501, 0.04411683)
(16551, 0.04271160)
(16601, 0.04207760)
(16651, 0.04121899)
(16701, 0.04199948)
(16751, 0.04548106)
(16801, 0.04460475)
(16851, 0.04292796)
(16901, 0.04225392)
(16951, 0.04255558)
(17001, 0.04174456)
(17051, 0.04220391)
(17101, 0.04644310)
(17151, 0.04423629)
(17201, 0.04467225)
(17251, 0.04817544)
(17301, 0.04458389)
(17351, 0.04401866)
(17401, 0.04481567)
(17451, 0.04555575)
(17501, 0.04305799)
(17551, 0.04410907)
(17601, 0.04290012)
(17651, 0.04054064)
(17701, 0.04370723)
(17751, 0.04464812)
(17801, 0.04419614)
(17851, 0.04075817)
(17901, 0.04632640)
(17951, 0.04395904)
(18001, 0.04576335)
(18051, 0.04257176)
(18101, 0.04362868)
(18151, 0.04340909)
(18201, 0.04537044)
(18251, 0.04606137)
(18301, 0.04101939)
(18351, 0.04434302)
(18401, 0.04221650)
(18451, 0.04209562)
(18501, 0.03952897)
(18551, 0.04525584)
(18601, 0.04667594)
(18651, 0.04176276)
(18701, 0.04374523)
(18751, 0.04301670)
(18801, 0.04081949)
(18851, 0.04386321)
(18901, 0.04212402)
(18951, 0.04508964)
(19001, 0.04280988)
(19051, 0.04343141)
(19101, 0.04418598)
(19151, 0.04400750)
(19201, 0.04206449)
(19251, 0.04113546)
(19301, 0.04317407)
(19351, 0.04334013)
(19401, 0.04080141)
(19451, 0.04315523)
(19501, 0.04432848)
(19551, 0.04410459)
(19601, 0.04172302)
(19651, 0.04414758)
(19701, 0.04145221)
(19751, 0.04442949)
(19801, 0.04311790)
(19851, 0.04383137)
(19901, 0.03948445)
(19951, 0.04527219)
(20001, 0.04158455)
(20051, 0.04457011)
(20101, 0.04254866)
(20151, 0.04420722)
(20201, 0.04251604)
(20251, 0.04026306)
(20301, 0.04162637)
(20351, 0.04406737)
(20401, 0.04267967)
(20451, 0.04465381)
(20501, 0.04413556)
(20551, 0.04107843)
(20601, 0.04208715)
(20651, 0.04659375)
(20701, 0.04182922)
(20751, 0.04051859)
(20801, 0.04197584)
(20851, 0.04281950)
(20901, 0.04195460)
(20951, 0.04612153)
(21001, 0.04112538)
(21051, 0.04423667)
(21101, 0.04260677)
(21151, 0.04374256)
(21201, 0.04460177)
(21251, 0.04066799)
(21301, 0.04485398)
(21351, 0.04230492)
(21401, 0.04129292)
(21451, 0.04182277)
(21501, 0.04097782)
(21551, 0.04267111)
(21601, 0.04469443)
(21651, 0.04195217)
(21701, 0.04506760)
(21751, 0.04385559)
(21801, 0.04056658)
(21851, 0.04207173)
(21901, 0.04198414)
(21951, 0.04242388)
(22001, 0.04317976)
(22051, 0.04332262)
(22101, 0.03866563)
(22151, 0.03872009)
(22201, 0.04434370)
(22251, 0.04542511)
(22301, 0.03904998)
(22351, 0.04168060)
(22401, 0.04121363)
(22451, 0.04262696)
(22501, 0.04107025)
(22551, 0.04035168)
(22601, 0.04319998)
(22651, 0.04168339)
(22701, 0.04261185)
(22751, 0.04331191)
(22801, 0.03948721)
(22851, 0.03988843)
(22901, 0.04237880)
(22951, 0.04184557)
(23001, 0.04356209)
(23051, 0.04206636)
(23101, 0.04405347)
(23151, 0.04362593)
(23201, 0.04533746)
(23251, 0.04075716)
(23301, 0.04125595)
(23351, 0.04680010)
(23401, 0.04303889)
(23451, 0.04232081)
(23501, 0.03906127)
(23551, 0.04364192)
(23601, 0.04027793)
(23651, 0.04242332)
(23701, 0.04372739)
(23751, 0.04061678)
(23801, 0.04010380)
(23851, 0.04269360)
(23901, 0.04073262)
(23951, 0.03950942)
(24001, 0.04373118)
(24051, 0.04302515)
(24101, 0.04221609)
(24151, 0.04264720)
(24201, 0.04084782)
(24251, 0.04600920)
(24301, 0.03985690)
(24351, 0.04071477)
(24401, 0.04289354)
(24451, 0.04062893)
(24501, 0.04123780)
(24551, 0.04285085)
(24601, 0.04227002)
(24651, 0.04120403)
(24701, 0.04138815)
(24751, 0.04247232)
(24801, 0.04428834)
(24851, 0.04351949)
(24901, 0.04192398)
(24951, 0.04275762)
(25001, 0.04039733)
(25051, 0.03942634)
(25101, 0.03993398)
(25151, 0.04158369)
(25201, 0.04005910)
(25251, 0.04256276)
(25301, 0.04430229)
(25351, 0.03967217)
(25401, 0.04085868)
(25451, 0.04157734)
(25501, 0.04116346)
(25551, 0.04138656)
(25601, 0.04090501)
(25651, 0.04068618)
(25701, 0.03958950)
(25751, 0.03977384)
(25801, 0.04178247)
(25851, 0.04317525)
(25901, 0.04456174)
(25951, 0.04083653)
(26001, 0.04270263)
(26051, 0.03938723)
(26101, 0.04101086)
(26151, 0.03922683)
(26201, 0.03869953)
(26251, 0.03776759)
(26301, 0.04054317)
(26351, 0.03932336)
(26401, 0.03817280)
(26451, 0.04176450)
(26501, 0.04277539)
(26551, 0.04366874)
(26601, 0.03988088)
(26651, 0.04185952)
(26701, 0.04183124)
(26751, 0.04018416)
(26801, 0.04033948)
(26851, 0.03980001)
(26901, 0.04028441)
(26951, 0.04342458)
(27001, 0.04276830)
(27051, 0.04139945)
(27101, 0.04022695)
(27151, 0.04072564)
(27201, 0.04102912)
(27251, 0.03892347)
(27301, 0.04069060)
(27351, 0.04100343)
(27401, 0.04030214)
(27451, 0.04055567)
(27501, 0.04360080)
(27551, 0.04096634)
(27601, 0.04110936)
(27651, 0.04375989)
(27701, 0.03879666)
(27751, 0.03980618)
(27801, 0.04080641)
(27851, 0.04186016)
(27901, 0.04408564)
(27951, 0.04042041)
(28001, 0.03934709)
(28051, 0.04303024)
(28101, 0.04019331)
(28151, 0.04181298)
(28201, 0.04172611)
(28251, 0.04276888)
(28301, 0.04098647)
(28351, 0.04029242)
(28401, 0.04174783)
(28451, 0.04103900)
(28501, 0.04326667)
(28551, 0.04167270)
(28601, 0.03966683)
(28651, 0.03809913)
(28701, 0.03826959)
(28751, 0.03870361)
(28801, 0.04099790)
(28851, 0.04098669)
(28901, 0.03843905)
(28951, 0.04190369)
(29001, 0.03925437)
(29051, 0.04486242)
(29101, 0.04285370)
(29151, 0.03839282)
(29201, 0.03901989)
(29251, 0.04347220)
(29301, 0.04063662)
(29351, 0.04240537)
(29401, 0.04059855)
(29451, 0.04131830)
(29501, 0.04043829)
(29551, 0.04259380)
(29601, 0.04289947)
(29651, 0.04203227)
(29701, 0.03952575)
(29751, 0.04336210)
(29801, 0.03865596)
(29851, 0.04116433)
(29901, 0.03825236)
(29951, 0.04354659)
(30001, 0.04089303)
(30051, 0.04094970)
(30101, 0.03932231)
(30151, 0.03957531)
(30201, 0.03951918)
(30251, 0.03955660)
(30301, 0.03920545)
(30351, 0.04217083)
(30401, 0.04003117)
(30451, 0.03884041)
(30501, 0.03858702)
(30551, 0.04229936)
(30601, 0.03846807)
(30651, 0.03770470)
(30701, 0.04122014)
(30751, 0.03782026)
(30801, 0.03883373)
(30851, 0.03895814)
(30901, 0.04263466)
(30951, 0.03660949)
(31001, 0.03808347)
(31051, 0.03804909)
(31101, 0.04152528)
(31151, 0.04013646)
(31201, 0.04001898)
(31251, 0.04054195)
(31301, 0.04452699)
(31351, 0.03939240)
(31401, 0.04343614)
(31451, 0.04178540)
(31501, 0.03860153)
(31551, 0.04032148)
(31601, 0.03924317)
(31651, 0.03865514)
(31701, 0.04060435)
(31751, 0.03939126)
(31801, 0.04023452)
(31851, 0.03867000)
(31901, 0.04011166)
(31951, 0.04157829)
(32001, 0.03953880)
(32051, 0.04004618)
(32101, 0.04136446)
(32151, 0.04037689)
(32201, 0.04086180)
(32251, 0.04049220)
(32301, 0.03827968)
(32351, 0.03900106)
(32401, 0.04280088)
(32451, 0.04206633)
(32501, 0.03905530)
(32551, 0.04233938)
(32601, 0.03825359)
(32651, 0.03804766)
(32701, 0.04086798)
(32751, 0.03654317)
(32801, 0.04053057)
(32851, 0.03989946)
(32901, 0.04126409)
(32951, 0.04042112)
(33001, 0.03770205)
(33051, 0.03992048)
(33101, 0.04055052)
(33151, 0.03898058)
(33201, 0.04142135)
(33251, 0.04018025)
(33301, 0.03803991)
(33351, 0.03930180)
(33401, 0.04195594)
(33451, 0.04583559)
(33501, 0.04106694)
(33551, 0.04028738)
(33601, 0.03904292)
(33651, 0.04064718)
(33701, 0.03937791)
(33751, 0.03779352)
(33801, 0.03774869)
(33851, 0.03555272)
(33901, 0.03828727)
(33951, 0.03907799)
(34001, 0.03698485)
(34051, 0.03780561)
(34101, 0.03544773)
(34151, 0.03819604)
(34201, 0.03761517)
(34251, 0.04162680)
(34301, 0.04160364)
(34351, 0.03713770)
(34401, 0.04051877)
(34451, 0.04246548)
(34501, 0.03649540)
(34551, 0.03796012)
(34601, 0.04340521)
(34651, 0.04023777)
(34701, 0.03918309)
(34751, 0.04004866)
(34801, 0.03795158)
(34851, 0.03677018)
(34901, 0.03883573)
(34951, 0.03963896)
(35001, 0.03923572)
(35051, 0.03960989)
(35101, 0.03857221)
(35151, 0.03946455)
(35201, 0.03852637)
(35251, 0.04084451)
(35301, 0.04071851)
(35351, 0.03953971)
(35401, 0.04106495)
(35451, 0.04093327)
(35501, 0.04103942)
(35551, 0.04302570)
(35601, 0.04063966)
(35651, 0.03860737)
(35701, 0.03947487)
(35751, 0.03962614)
(35801, 0.04069830)
(35851, 0.04121440)
(35901, 0.03952664)
(35951, 0.04287142)
(36001, 0.03632382)
(36051, 0.03963821)
(36101, 0.03938643)
(36151, 0.04232349)
(36201, 0.03899788)
(36251, 0.03853355)
(36301, 0.03817189)
(36351, 0.04030382)
(36401, 0.04370341)
(36451, 0.03953896)
(36501, 0.03888293)
(36551, 0.04001700)
(36601, 0.04071137)
(36651, 0.04180748)
(36701, 0.03896456)
(36751, 0.03584442)
(36801, 0.03989914)
(36851, 0.03789975)
(36901, 0.04099010)
(36951, 0.03890793)
(37001, 0.03965422)
(37051, 0.04116390)
(37101, 0.03707937)
(37151, 0.03717303)
(37201, 0.03837371)
(37251, 0.04209296)
(37301, 0.03762200)
(37351, 0.03670661)
(37401, 0.04127138)
(37451, 0.04037314)
(37501, 0.03886726)
(37551, 0.04014028)
(37601, 0.03976581)
(37651, 0.03867066)
(37701, 0.03791138)
(37751, 0.03812789)
(37801, 0.03783685)
(37851, 0.03953244)
(37901, 0.03890435)
(37951, 0.04032453)
(38001, 0.03903867)
(38051, 0.04150728)
(38101, 0.03788678)
(38151, 0.03913309)
(38201, 0.03866877)
(38251, 0.03933338)
(38301, 0.03869560)
(38351, 0.04192900)
(38401, 0.03873136)
(38451, 0.03774749)
(38501, 0.03999227)
(38551, 0.04068656)
(38601, 0.03751409)
(38651, 0.03608829)
(38701, 0.03902031)
(38751, 0.04110320)
(38801, 0.04296252)
(38851, 0.03799559)
(38901, 0.03593538)
(38951, 0.03861801)
(39001, 0.03800527)
(39051, 0.03612049)
(39101, 0.03963074)
(39151, 0.03846427)
(39201, 0.03745238)
(39251, 0.03648889)
(39301, 0.03724486)
(39351, 0.04109156)
(39401, 0.03740963)
(39451, 0.03798165)
(39501, 0.04053647)
(39551, 0.03842187)
(39601, 0.03764557)
(39651, 0.03945121)
(39701, 0.03804613)
(39751, 0.03817764)
(39801, 0.03863401)
(39851, 0.03942823)
(39901, 0.04162185)
(39951, 0.04079222)
(40001, 0.03886161)
(40051, 0.03770498)
(40101, 0.03940088)
(40151, 0.03780930)
(40201, 0.03598651)
(40251, 0.03807031)
(40301, 0.03855342)
(40351, 0.03793917)
(40401, 0.04055839)
(40451, 0.03740127)
(40501, 0.03669183)
(40551, 0.03568401)
(40601, 0.03818616)
(40651, 0.03879527)
(40701, 0.03830097)
(40751, 0.03879070)
(40801, 0.03816313)
(40851, 0.03903336)
(40901, 0.03998493)
(40951, 0.03854448)
(41001, 0.03742422)
(41051, 0.03798655)
(41101, 0.03614141)
(41151, 0.03925686)
(41201, 0.03643018)
(41251, 0.03807846)
(41301, 0.03735054)
(41351, 0.03772442)
(41401, 0.03988764)
(41451, 0.03996953)
(41501, 0.03785504)
(41551, 0.04032257)
(41601, 0.04285996)
(41651, 0.03827491)
(41701, 0.03941414)
(41751, 0.03842795)
(41801, 0.03836549)
(41851, 0.03911654)
(41901, 0.03917462)
(41951, 0.03866326)
(42001, 0.03933631)
(42051, 0.04041351)
(42101, 0.03708705)
(42151, 0.03689856)
(42201, 0.03590497)
(42251, 0.03666620)
(42301, 0.03731303)
(42351, 0.03739578)
(42401, 0.03945678)
(42451, 0.03828600)
(42501, 0.03877072)
(42551, 0.03723881)
(42601, 0.03675592)
(42651, 0.03759933)
(42701, 0.03807722)
(42751, 0.03843475)
(42801, 0.03895059)
(42851, 0.03770090)
(42901, 0.03801129)
(42951, 0.03819351)
(43001, 0.03720490)
(43051, 0.03792110)
(43101, 0.03805641)
(43151, 0.03485677)
(43201, 0.03689699)
(43251, 0.03497401)
(43301, 0.03831181)
(43351, 0.03873510)
(43401, 0.03693013)
(43451, 0.03638116)
(43501, 0.03722479)
(43551, 0.03934837)
(43601, 0.03716610)
(43651, 0.03663187)
(43701, 0.03848454)
(43751, 0.04168865)
(43801, 0.03956856)
(43851, 0.03885589)
(43901, 0.03787990)
(43951, 0.03852806)
(44001, 0.03825540)
(44051, 0.03796222)
(44101, 0.03750004)
(44151, 0.03787729)
(44201, 0.03784923)
(44251, 0.03701103)
(44301, 0.03837333)
(44351, 0.03815853)
(44401, 0.03782940)
(44451, 0.03964097)
(44501, 0.03761449)
(44551, 0.03954901)
(44601, 0.03892068)
(44651, 0.03658967)
(44701, 0.03789741)
(44751, 0.03839702)
(44801, 0.03633172)
(44851, 0.03654123)
(44901, 0.04025264)
(44951, 0.04022449)
(45001, 0.03356071)
(45051, 0.03876358)
(45101, 0.03571116)
(45151, 0.03905788)
(45201, 0.03815516)
(45251, 0.03989864)
(45301, 0.03739195)
(45351, 0.03663536)
(45401, 0.03688886)
(45451, 0.03832096)
(45501, 0.03882648)
(45551, 0.03774016)
(45601, 0.03643277)
(45651, 0.03694494)
(45701, 0.03600294)
(45751, 0.03868508)
(45801, 0.03906536)
(45851, 0.03887888)
(45901, 0.03499619)
(45951, 0.03505966)
(46001, 0.03721417)
(46051, 0.03443596)
(46101, 0.03871544)
(46151, 0.03538039)
(46201, 0.03621663)
(46251, 0.03679018)
(46301, 0.04009992)
(46351, 0.03811146)
(46401, 0.03775458)
(46451, 0.03861439)
(46501, 0.03433058)
(46551, 0.03773480)
(46601, 0.03659178)
(46651, 0.03958632)
(46701, 0.03748781)
(46751, 0.03585434)
(46801, 0.03692624)
(46851, 0.03647444)
(46901, 0.04025501)
(46951, 0.03712767)
(47001, 0.03517113)
(47051, 0.03714727)
(47101, 0.03588951)
(47151, 0.03789009)
(47201, 0.03780435)
(47251, 0.03934829)
(47301, 0.03940174)
(47351, 0.03671698)
(47401, 0.03743929)
(47451, 0.04057789)
(47501, 0.03853772)
(47551, 0.04056701)
(47601, 0.03327863)
(47651, 0.03888856)
(47701, 0.03557247)
(47751, 0.03896232)
(47801, 0.03828439)
(47851, 0.03951393)
(47901, 0.03731895)
(47951, 0.03722810)
(48001, 0.03725016)
(48051, 0.03546646)
(48101, 0.03552344)
(48151, 0.03733667)
(48201, 0.03649820)
(48251, 0.03960608)
(48301, 0.03813083)
(48351, 0.03648532)
(48401, 0.03803955)
(48451, 0.03705948)
(48501, 0.03843481)
(48551, 0.03723955)
(48601, 0.03842309)
(48651, 0.04013215)
(48701, 0.04211535)
(48751, 0.04008232)
(48801, 0.04035127)
(48851, 0.03609496)
(48901, 0.03672947)
(48951, 0.03761152)
(49001, 0.03969064)
(49051, 0.03504991)
(49101, 0.03678749)
(49151, 0.03614992)
(49201, 0.03793143)
(49251, 0.03604877)
(49301, 0.03757282)
(49351, 0.03553553)
(49401, 0.03555452)
(49451, 0.03661524)
(49501, 0.04034454)
(49551, 0.03612565)
(49601, 0.03794013)
(49651, 0.03676305)
(49701, 0.03568809)
(49751, 0.03631733)
(49801, 0.03591105)
(49851, 0.03619453)
(49901, 0.03648058)
(49951, 0.03674643)
(50001, 0.03864721)
(50051, 0.03940060)
(50101, 0.04077541)
(50151, 0.03443957)
(50201, 0.03739885)
(50251, 0.03498789)
(50301, 0.03681030)
(50351, 0.03748522)
(50401, 0.03455036)
(50451, 0.03809036)
(50501, 0.03767822)
(50551, 0.03908790)
(50601, 0.03702964)
(50651, 0.03681923)
(50701, 0.03753507)
(50751, 0.03785611)
(50801, 0.03512915)
(50851, 0.03355135)
(50901, 0.03597810)
(50951, 0.03709892)
(51001, 0.03724605)
(51051, 0.03762756)
(51101, 0.03638039)
(51151, 0.04016078)
(51201, 0.03601477)
(51251, 0.03688863)
(51301, 0.03682594)
(51351, 0.03672560)
(51401, 0.03519938)
(51451, 0.04143946)
(51501, 0.03727717)
(51551, 0.03820199)
(51601, 0.03796088)
(51651, 0.03776912)
(51701, 0.03570375)
(51751, 0.03804255)
(51801, 0.03612224)
(51851, 0.03789888)
(51901, 0.03688894)
(51951, 0.03582218)
(52001, 0.03706089)
(52051, 0.03565943)
(52101, 0.03860105)
(52151, 0.03918842)
(52201, 0.03600802)
(52251, 0.03278544)
(52301, 0.03552829)
(52351, 0.03742367)
(52401, 0.03496630)
(52451, 0.03881366)
(52501, 0.03649112)
(52551, 0.03748066)
(52601, 0.03750958)
(52651, 0.03573379)
(52701, 0.03496704)
(52751, 0.03669590)
(52801, 0.03627428)
(52851, 0.03829711)
(52901, 0.03665283)
(52951, 0.03590576)
(53001, 0.03424904)
(53051, 0.03933720)
(53101, 0.03802863)
(53151, 0.03723882)
(53201, 0.03550450)
(53251, 0.03554518)
(53301, 0.03663257)
(53351, 0.03604379)
(53401, 0.04029402)
(53451, 0.03444576)
(53501, 0.03645252)
(53551, 0.04108577)
(53601, 0.03868266)
(53651, 0.03742502)
(53701, 0.03292339)
(53751, 0.03675640)
(53801, 0.03720508)
(53851, 0.03385808)
(53901, 0.03835575)
(53951, 0.03810328)
(54001, 0.03625483)
(54051, 0.03599960)
(54101, 0.03766062)
(54151, 0.03533740)
(54201, 0.03748227)
(54251, 0.03810811)
(54301, 0.03512676)
(54351, 0.03646612)
(54401, 0.03537358)
(54451, 0.03846589)
(54501, 0.03607755)
(54551, 0.03740317)
(54601, 0.03702737)
(54651, 0.03339544)
(54701, 0.03738934)
(54751, 0.03820074)
(54801, 0.03703588)
(54851, 0.03507414)
(54901, 0.03644089)
(54951, 0.03530897)
(55001, 0.03653810)
(55051, 0.03460773)
(55101, 0.03426052)
(55151, 0.03826700)
(55201, 0.03865332)
(55251, 0.03746662)
(55301, 0.03635836)
(55351, 0.03469875)
(55401, 0.03813321)
(55451, 0.03777679)
(55501, 0.03736127)
(55551, 0.03822087)
(55601, 0.03429819)
(55651, 0.03786400)
(55701, 0.03695324)
(55751, 0.03891261)
(55801, 0.03551850)
(55851, 0.03700213)
(55901, 0.03735026)
(55951, 0.03629077)
(56001, 0.03867213)
(56051, 0.03781717)
(56101, 0.03617825)
(56151, 0.03837565)
(56201, 0.03589420)
(56251, 0.03584170)
(56301, 0.03437684)
(56351, 0.03518804)
(56401, 0.03644221)
(56451, 0.03960343)
(56501, 0.03578860)
(56551, 0.03815957)
(56601, 0.03551890)
(56651, 0.03548057)
(56701, 0.03808935)
(56751, 0.03736120)
(56801, 0.03476747)
(56851, 0.04155014)
(56901, 0.03710752)
(56951, 0.03606341)
(57001, 0.03894851)
(57051, 0.03568912)
(57101, 0.03745046)
(57151, 0.03771340)
(57201, 0.03516880)
(57251, 0.04116419)
(57301, 0.03702169)
(57351, 0.03580021)
(57401, 0.03707097)
(57451, 0.03472983)
(57501, 0.03823663)
(57551, 0.03539007)
(57601, 0.03615666)
(57651, 0.03610825)
(57701, 0.03590540)
(57751, 0.03770977)
(57801, 0.03760930)
(57851, 0.03695202)
(57901, 0.03748164)
(57951, 0.03577253)
(58001, 0.03557866)
(58051, 0.03717866)
(58101, 0.03630649)
(58151, 0.03734197)
(58201, 0.03477848)
(58251, 0.03567963)
(58301, 0.03509331)
(58351, 0.03389505)
(58401, 0.03907073)
(58451, 0.03597771)
(58501, 0.03644424)
(58551, 0.03702106)
(58601, 0.03553926)
(58651, 0.03754874)
(58701, 0.03815817)
(58751, 0.03649589)
(58801, 0.03524562)
(58851, 0.03574566)
(58901, 0.03489535)
(58951, 0.03681957)
(59001, 0.03500804)
(59051, 0.03727291)
(59101, 0.03674168)
(59151, 0.03725306)
(59201, 0.03630509)
(59251, 0.03655900)
(59301, 0.03727021)
(59351, 0.03629028)
(59401, 0.03771831)
(59451, 0.03629418)
(59501, 0.03669800)
(59551, 0.03638997)
(59601, 0.03558875)
(59651, 0.03932082)
(59701, 0.03624490)
(59751, 0.03454820)
(59801, 0.03502725)
(59851, 0.03747144)
(59901, 0.03854560)
(59951, 0.04038757)
(60001, 0.03773630)
(60051, 0.03782931)
(60101, 0.03723879)
(60151, 0.03518119)
(60201, 0.03847587)
(60251, 0.03335802)
(60301, 0.03516796)
(60351, 0.03900376)
(60401, 0.03612968)
(60451, 0.03628669)
(60501, 0.03546832)
(60551, 0.03660696)
(60601, 0.03384245)
(60651, 0.03754250)
(60701, 0.03866117)
(60751, 0.03643973)
(60801, 0.03781432)
(60851, 0.03552592)
(60901, 0.03814578)
(60951, 0.03590329)
(61001, 0.03403219)
(61051, 0.03663133)
(61101, 0.03577212)
(61151, 0.03505535)
(61201, 0.03797925)
(61251, 0.03771358)
(61301, 0.03383501)
(61351, 0.03799468)
(61401, 0.03472006)
(61451, 0.03386813)
(61501, 0.03593573)
(61551, 0.03761067)
(61601, 0.03729793)
(61651, 0.03700384)
(61701, 0.03708692)
(61751, 0.03929238)
(61801, 0.03725971)
(61851, 0.03517036)
(61901, 0.03579579)
(61951, 0.04071023)
(62001, 0.03734580)
(62051, 0.03587721)
(62101, 0.03624863)
(62151, 0.03487809)
(62201, 0.03593588)
(62251, 0.03896054)
(62301, 0.03691087)
(62351, 0.03760282)
(62401, 0.03534046)
(62451, 0.03557073)
(62501, 0.03586799)
(62551, 0.03312868)
(62601, 0.03440147)
(62651, 0.03403373)
(62701, 0.03831712)
(62751, 0.03608974)
(62801, 0.03549162)
(62851, 0.03643470)
(62901, 0.03524756)
(62951, 0.03805859)
(63001, 0.03613379)
(63051, 0.03830905)
(63101, 0.03556931)
(63151, 0.03597923)
(63201, 0.03365464)
(63251, 0.03631742)
(63301, 0.03549832)
(63351, 0.03753553)
(63401, 0.03603891)
(63451, 0.03573667)
(63501, 0.03439881)
(63551, 0.03778713)
(63601, 0.03651620)
(63651, 0.03627528)
(63701, 0.03608837)
(63751, 0.03466658)
(63801, 0.03644578)
(63851, 0.03682851)
(63901, 0.03512176)
(63951, 0.03632563)
(64001, 0.03630951)
(64051, 0.03597509)
(64101, 0.03723422)
(64151, 0.03590052)
(64201, 0.03644788)
(64251, 0.03424051)
(64301, 0.03488434)
(64351, 0.03631882)
(64401, 0.03490870)
(64451, 0.03705123)
(64501, 0.03507212)
(64551, 0.03660759)
(64601, 0.03542024)
(64651, 0.03519827)
(64701, 0.03451007)
(64751, 0.03333452)
(64801, 0.03922676)
(64851, 0.03654512)
(64901, 0.03610267)
(64951, 0.03436154)
(65001, 0.03625861)
(65051, 0.03523526)
(65101, 0.03467478)
(65151, 0.03955511)
(65201, 0.03531722)
(65251, 0.03607722)
(65301, 0.03643055)
(65351, 0.03837758)
(65401, 0.03365482)
(65451, 0.03532581)
(65501, 0.03559541)
(65551, 0.03458071)
(65601, 0.03490994)
(65651, 0.03555990)
(65701, 0.03401946)
(65751, 0.03683579)
(65801, 0.03518531)
(65851, 0.03601518)
(65901, 0.03490673)
(65951, 0.03661911)
(66001, 0.03413956)
(66051, 0.03534776)
(66101, 0.03549354)
(66151, 0.03420804)
(66201, 0.03737498)
(66251, 0.03391322)
(66301, 0.03455482)
(66351, 0.03724957)
(66401, 0.03588735)
(66451, 0.03650911)
(66501, 0.03552476)
(66551, 0.03648002)
(66601, 0.03783087)
(66651, 0.03503767)
(66701, 0.03546044)
(66751, 0.03737956)
(66801, 0.03665673)
(66851, 0.03454279)
(66901, 0.03648044)
(66951, 0.03702588)
(67001, 0.03639177)
(67051, 0.03616399)
(67101, 0.03523661)
(67151, 0.03647315)
(67201, 0.03700730)
(67251, 0.03552040)
(67301, 0.03389817)
(67351, 0.03709341)
(67401, 0.03431867)
(67451, 0.03632380)
(67501, 0.03707346)
(67551, 0.03629966)
(67601, 0.03505400)
(67651, 0.03736356)
(67701, 0.03696158)
(67751, 0.03397167)
(67801, 0.03653802)
(67851, 0.03438468)
(67901, 0.03530116)
(67951, 0.03519887)
(68001, 0.03476616)
(68051, 0.03347741)
(68101, 0.03572878)
(68151, 0.03740837)
(68201, 0.03355460)
(68251, 0.03519498)
(68301, 0.03469836)
(68351, 0.03750269)
(68401, 0.03611160)
(68451, 0.03600293)
(68501, 0.03355931)
(68551, 0.03520450)
(68601, 0.03734759)
(68651, 0.03352183)
(68701, 0.03487188)
(68751, 0.03716961)
(68801, 0.03551725)
(68851, 0.03408713)
(68901, 0.03786715)
(68951, 0.03458882)
(69001, 0.03713116)
(69051, 0.03352361)
(69101, 0.03782783)
(69151, 0.03391258)
(69201, 0.03513459)
(69251, 0.03492205)
(69301, 0.03455377)
(69351, 0.03615715)
(69401, 0.03685220)
(69451, 0.03524128)
(69501, 0.03553514)
(69551, 0.03545975)
(69601, 0.03563562)
(69651, 0.03529326)
(69701, 0.03698602)
(69751, 0.03364306)
(69801, 0.03654660)
(69851, 0.03564576)
(69901, 0.03493864)
(69951, 0.03640013)
(70001, 0.03509618)
(70051, 0.03754069)
(70101, 0.03398661)
(70151, 0.03462094)
(70201, 0.03643978)
(70251, 0.03470235)
(70301, 0.03505177)
(70351, 0.03828571)
(70401, 0.03714966)
(70451, 0.03778545)
(70501, 0.03588972)
(70551, 0.03491015)
(70601, 0.03603482)
(70651, 0.03668666)
(70701, 0.03545222)
(70751, 0.03517837)
(70801, 0.03604639)
(70851, 0.03768859)
(70901, 0.03669909)
(70951, 0.03838328)
(71001, 0.03622089)
(71051, 0.03487895)
(71101, 0.03820486)
(71151, 0.03801123)
(71201, 0.04043128)
(71251, 0.03566128)
(71301, 0.03677767)
(71351, 0.03627127)
(71401, 0.03532237)
(71451, 0.03585216)
(71501, 0.03418888)
(71551, 0.03744750)
(71601, 0.03443190)
(71651, 0.03525044)
(71701, 0.03667948)
(71751, 0.03439913)
(71801, 0.03672610)
(71851, 0.03449450)
(71901, 0.03563881)
(71951, 0.03515950)
(72001, 0.03382970)
(72051, 0.03532114)
(72101, 0.03554965)
(72151, 0.03334635)
(72201, 0.03365433)
(72251, 0.03547025)
(72301, 0.03518548)
(72351, 0.03572856)
(72401, 0.03323347)
(72451, 0.03444219)
(72501, 0.03560034)
(72551, 0.03498356)
(72601, 0.03422027)
(72651, 0.03765202)
(72701, 0.03471126)
(72751, 0.03648591)
(72801, 0.03452474)
(72851, 0.03234397)
(72901, 0.03452142)
(72951, 0.03333647)
(73001, 0.03665314)
(73051, 0.03408507)
(73101, 0.03487615)
(73151, 0.03598940)
(73201, 0.03273194)
(73251, 0.03440165)
(73301, 0.03327446)
(73351, 0.03296336)
(73401, 0.03314470)
(73451, 0.03413352)
(73501, 0.03895532)
(73551, 0.03695219)
(73601, 0.03477669)
(73651, 0.03502647)
(73701, 0.03574180)
(73751, 0.03361248)
(73801, 0.03407029)
(73851, 0.03704599)
(73901, 0.03397939)
(73951, 0.03465724)
(74001, 0.03427979)
(74051, 0.03590573)
(74101, 0.03352224)
(74151, 0.03503367)
(74201, 0.03490951)
(74251, 0.03600714)
(74301, 0.03463423)
(74351, 0.03307873)
(74401, 0.03437851)
(74451, 0.03450873)
(74501, 0.03659871)
(74551, 0.03357256)
(74601, 0.03623544)
(74651, 0.03288895)
(74701, 0.03638791)
(74751, 0.03530899)
(74801, 0.03572862)
(74851, 0.03281300)
(74901, 0.03630535)
(74951, 0.03606422)
(75001, 0.03537139)
(75051, 0.03340518)
(75101, 0.03469588)
(75151, 0.03258328)
(75201, 0.03653383)
(75251, 0.03716617)
(75301, 0.03342230)
(75351, 0.03478695)
(75401, 0.03627374)
(75451, 0.03226129)
(75501, 0.03447925)
(75551, 0.03692182)
(75601, 0.03407320)
(75651, 0.03505708)
(75701, 0.03559912)
(75751, 0.03449757)
(75801, 0.03386955)
(75851, 0.03416673)
(75901, 0.03597536)
(75951, 0.03538113)
(76001, 0.03406441)
(76051, 0.03384412)
(76101, 0.03668841)
(76151, 0.03327499)
(76201, 0.03532166)
(76251, 0.03499482)
(76301, 0.03546436)
(76351, 0.03567107)
(76401, 0.03604846)
(76451, 0.03684857)
(76501, 0.03454961)
(76551, 0.03244871)
(76601, 0.03493577)
(76651, 0.03444706)
(76701, 0.03585368)
(76751, 0.03803044)
(76801, 0.03594474)
(76851, 0.03363619)
(76901, 0.03453669)
(76951, 0.03409490)
(77001, 0.03683184)
(77051, 0.03208852)
(77101, 0.03615447)
(77151, 0.03373976)
(77201, 0.03821040)
(77251, 0.03649577)
(77301, 0.03259608)
(77351, 0.03695135)
(77401, 0.03565263)
(77451, 0.03413418)
(77501, 0.03347500)
(77551, 0.03632754)
(77601, 0.03528404)
(77651, 0.03683653)
(77701, 0.03233349)
(77751, 0.03720335)
(77801, 0.03283574)
(77851, 0.03479447)
(77901, 0.03431842)
(77951, 0.03599185)
(78001, 0.03378264)
(78051, 0.03362807)
(78101, 0.03604266)
(78151, 0.03539935)
(78201, 0.03648576)
(78251, 0.03471305)
(78301, 0.03522493)
(78351, 0.03554498)
(78401, 0.03521932)
(78451, 0.03477466)
(78501, 0.03295416)
(78551, 0.03647628)
(78601, 0.03622620)
(78651, 0.03388918)
(78701, 0.03586194)
(78751, 0.03638223)
(78801, 0.03585829)
(78851, 0.03492858)
(78901, 0.03549965)
(78951, 0.03623309)
(79001, 0.03645516)
(79051, 0.03397824)
(79101, 0.03461748)
(79151, 0.03435169)
(79201, 0.03448383)
(79251, 0.03519461)
(79301, 0.03684996)
(79351, 0.03337401)
(79401, 0.03479331)
(79451, 0.03451587)
(79501, 0.03076051)
(79551, 0.03303655)
(79601, 0.03291027)
(79651, 0.03526057)
(79701, 0.03162233)
(79751, 0.03389744)
(79801, 0.03399142)
(79851, 0.03659234)
(79901, 0.03421291)
(79951, 0.03531060)
(80001, 0.03376669)
(80051, 0.03349374)
(80101, 0.03426165)
(80151, 0.03245341)
(80201, 0.03543999)
(80251, 0.03653352)
(80301, 0.03464476)
(80351, 0.03532447)
(80401, 0.03668624)
(80451, 0.03566434)
(80501, 0.03383449)
(80551, 0.03493262)
(80601, 0.03262546)
(80651, 0.03497084)
(80701, 0.03224292)
(80751, 0.03504688)
(80801, 0.03395837)
(80851, 0.03488312)
(80901, 0.03387638)
(80951, 0.03637621)
(81001, 0.03329227)
(81051, 0.03327353)
(81101, 0.03373883)
(81151, 0.03448979)
(81201, 0.03587011)
(81251, 0.03268707)
(81301, 0.03746931)
(81351, 0.03607523)
(81401, 0.03359491)
(81451, 0.03578335)
(81501, 0.03867546)
(81551, 0.03655981)
(81601, 0.03255396)
(81651, 0.03694057)
(81701, 0.03512391)
(81751, 0.03713595)
(81801, 0.03546567)
(81851, 0.03190069)
(81901, 0.03282065)
(81951, 0.03343654)
(82001, 0.03501997)
(82051, 0.03573220)
(82101, 0.03411020)
(82151, 0.03415543)
(82201, 0.03309881)
(82251, 0.03542948)
(82301, 0.03511567)
(82351, 0.03408517)
(82401, 0.03516340)
(82451, 0.03709393)
(82501, 0.03693521)
(82551, 0.03559732)
(82601, 0.03513525)
(82651, 0.03499902)
(82701, 0.03381885)
(82751, 0.03477623)
(82801, 0.03524283)
(82851, 0.03790984)
(82901, 0.03350120)
(82951, 0.03578223)
(83001, 0.03519638)
(83051, 0.03309749)
(83101, 0.03561566)
(83151, 0.03607351)
(83201, 0.03372024)
(83251, 0.03375549)
(83301, 0.03618754)
(83351, 0.03350409)
(83401, 0.03491381)
(83451, 0.03465012)
(83501, 0.03345318)
(83551, 0.03730677)
(83601, 0.03558860)
(83651, 0.03469510)
(83701, 0.03724363)
(83751, 0.03348755)
(83801, 0.03610951)
(83851, 0.03536577)
(83901, 0.03287213)
(83951, 0.03736701)
(84001, 0.03667348)
(84051, 0.03317240)
(84101, 0.03577512)
(84151, 0.03549709)
(84201, 0.03586097)
(84251, 0.03402340)
(84301, 0.03653166)
(84351, 0.03533061)
(84401, 0.03548774)
(84451, 0.03356855)
(84501, 0.03478344)
(84551, 0.03268930)
(84601, 0.03598195)
(84651, 0.03358930)
(84701, 0.03331877)
(84751, 0.03292290)
(84801, 0.03337589)
(84851, 0.03404789)
(84901, 0.03646500)
(84951, 0.03460121)
(85001, 0.03447008)
(85051, 0.03444370)
(85101, 0.03498115)
(85151, 0.03331828)
(85201, 0.03527816)
(85251, 0.03492531)
(85301, 0.03571987)
(85351, 0.03706246)
(85401, 0.03550928)
(85451, 0.03754956)
(85501, 0.03532838)
(85551, 0.03596773)
(85601, 0.03439369)
(85651, 0.03567511)
(85701, 0.03559071)
(85751, 0.03205020)
(85801, 0.03163546)
(85851, 0.03310677)
(85901, 0.03468723)
(85951, 0.03364899)
(86001, 0.03400935)
(86051, 0.03408212)
(86101, 0.03381494)
(86151, 0.03345613)
(86201, 0.03486935)
(86251, 0.03479354)
(86301, 0.03362425)
(86351, 0.03436546)
(86401, 0.03479543)
(86451, 0.03601803)
(86501, 0.03217173)
(86551, 0.03450317)
(86601, 0.03414211)
(86651, 0.03283463)
(86701, 0.03159688)
(86751, 0.03620719)
(86801, 0.03409946)
(86851, 0.03389777)
(86901, 0.03499172)
(86951, 0.03348240)
(87001, 0.03283789)
(87051, 0.03875406)
(87101, 0.03493507)
(87151, 0.03570168)
(87201, 0.03499225)
(87251, 0.03488411)
(87301, 0.03197755)
(87351, 0.03218837)
(87401, 0.03493679)
(87451, 0.03426194)
(87501, 0.03383207)
(87551, 0.03560166)
(87601, 0.03226368)
(87651, 0.03323906)
(87701, 0.03390482)
(87751, 0.03611211)
(87801, 0.03381960)
(87851, 0.03386951)
(87901, 0.03556481)
(87951, 0.03417118)
(88001, 0.03505185)
(88051, 0.03559211)
(88101, 0.03635945)
(88151, 0.03513373)
(88201, 0.03580316)
(88251, 0.03470409)
(88301, 0.03269460)
(88351, 0.03368758)
(88401, 0.03507216)
(88451, 0.03295921)
(88501, 0.03348003)
(88551, 0.03413837)
(88601, 0.03543254)
(88651, 0.03403312)
(88701, 0.03402363)
(88751, 0.03354346)
(88801, 0.03305002)
(88851, 0.03188835)
(88901, 0.03314831)
(88951, 0.03368604)
(89001, 0.03435155)
(89051, 0.03518488)
(89101, 0.03648999)
(89151, 0.03365305)
(89201, 0.03669823)
(89251, 0.03348840)
(89301, 0.03384391)
(89351, 0.03566786)
(89401, 0.03651180)
(89451, 0.03361062)
(89501, 0.03535457)
(89551, 0.03602617)
(89601, 0.03567735)
(89651, 0.03362673)
(89701, 0.03293240)
(89751, 0.03363030)
(89801, 0.03296835)
(89851, 0.03276596)
(89901, 0.03455913)
(89951, 0.03410134)
(90001, 0.03159873)
(90051, 0.03292105)
(90101, 0.03435558)
(90151, 0.03436124)
(90201, 0.03224299)
(90251, 0.03385382)
(90301, 0.03431218)
(90351, 0.03501058)
(90401, 0.03277896)
(90451, 0.03489701)
(90501, 0.03377979)
(90551, 0.03453922)
(90601, 0.03503522)
(90651, 0.03525007)
(90701, 0.03194717)
(90751, 0.03175388)
(90801, 0.03473936)
(90851, 0.03397074)
(90901, 0.03378615)
(90951, 0.03301197)
(91001, 0.03334313)
(91051, 0.03682019)
(91101, 0.03403642)
(91151, 0.03306673)
(91201, 0.03425163)
(91251, 0.03278862)
(91301, 0.03273755)
(91351, 0.03501844)
(91401, 0.03647642)
(91451, 0.03437952)
(91501, 0.03383128)
(91551, 0.03394997)
(91601, 0.03389605)
(91651, 0.03313213)
(91701, 0.03388340)
(91751, 0.03690762)
(91801, 0.03404580)
(91851, 0.03659381)
(91901, 0.03638087)
(91951, 0.03693069)
(92001, 0.03496578)
(92051, 0.03705732)
(92101, 0.03317171)
(92151, 0.03489266)
(92201, 0.03492951)
(92251, 0.03407950)
(92301, 0.03293166)
(92351, 0.03273820)
(92401, 0.03279241)
(92451, 0.03347258)
(92501, 0.03502904)
(92551, 0.03573569)
(92601, 0.03484161)
(92651, 0.03426629)
(92701, 0.03296584)
(92751, 0.03318195)
(92801, 0.03343226)
(92851, 0.03404924)
(92901, 0.03456477)
(92951, 0.03366506)
(93001, 0.03383633)
(93051, 0.03312193)
(93101, 0.03502325)
(93151, 0.03297803)
(93201, 0.03613754)
(93251, 0.03464067)
(93301, 0.03172456)
(93351, 0.03566178)
(93401, 0.03173829)
(93451, 0.03348836)
(93501, 0.03265094)
(93551, 0.03616286)
(93601, 0.03207891)
(93651, 0.03305919)
(93701, 0.03296539)
(93751, 0.03643508)
(93801, 0.03323144)
(93851, 0.03322559)
(93901, 0.03563003)
(93951, 0.03458843)
(94001, 0.03442305)
(94051, 0.03752514)
(94101, 0.03350698)
(94151, 0.03242849)
(94201, 0.03363167)
(94251, 0.03545108)
(94301, 0.03616145)
(94351, 0.03059985)
(94401, 0.03165372)
(94451, 0.03149090)
(94501, 0.03409887)
(94551, 0.03516783)
(94601, 0.03236558)
(94651, 0.03524794)
(94701, 0.03263158)
(94751, 0.03462154)
(94801, 0.03408975)
(94851, 0.03581679)
(94901, 0.03481255)
(94951, 0.03388809)
(95001, 0.03406344)
(95051, 0.03403173)
(95101, 0.03044911)
(95151, 0.03464964)
(95201, 0.03388680)
(95251, 0.03443207)
(95301, 0.03289774)
(95351, 0.03454636)
(95401, 0.03383058)
(95451, 0.03655724)
(95501, 0.03402531)
(95551, 0.03395876)
(95601, 0.03601741)
(95651, 0.03383678)
(95701, 0.03424935)
(95751, 0.03520811)
(95801, 0.03642109)
(95851, 0.03463545)
(95901, 0.03444408)
(95951, 0.03254431)
(96001, 0.03301437)
(96051, 0.03494950)
(96101, 0.03613950)
(96151, 0.03396073)
(96201, 0.03483428)
(96251, 0.03572184)
(96301, 0.03563427)
(96351, 0.03387778)
(96401, 0.03386339)
(96451, 0.03536855)
(96501, 0.03536120)
(96551, 0.03354058)
(96601, 0.03388250)
(96651, 0.03216745)
(96701, 0.03209519)
(96751, 0.03400745)
(96801, 0.03041003)
(96851, 0.03345366)
(96901, 0.03328184)
(96951, 0.03477003)
(97001, 0.03304897)
(97051, 0.03138956)
(97101, 0.03422095)
(97151, 0.03470263)
(97201, 0.03364827)
(97251, 0.03360506)
(97301, 0.03179847)
(97351, 0.03468237)
(97401, 0.03443353)
(97451, 0.03434479)
(97501, 0.03435299)
(97551, 0.03543318)
(97601, 0.03386228)
(97651, 0.03579975)
(97701, 0.03390084)
(97751, 0.03567890)
(97801, 0.03022955)
(97851, 0.03206271)
(97901, 0.03083872)
(97951, 0.03305300)
(98001, 0.03154035)
(98051, 0.03153279)
(98101, 0.03289938)
(98151, 0.03496576)
(98201, 0.03654128)
(98251, 0.03365629)
(98301, 0.03216971)
(98351, 0.03376016)
(98401, 0.03418894)
(98451, 0.03285035)
(98501, 0.03480974)
(98551, 0.03399131)
(98601, 0.03284989)
(98651, 0.03197179)
(98701, 0.03249064)
(98751, 0.03321642)
(98801, 0.03392773)
(98851, 0.03689903)
(98901, 0.03243118)
(98951, 0.03580543)
(99001, 0.03416979)
(99051, 0.03236710)
(99101, 0.03454826)
(99151, 0.03480395)
(99201, 0.03434901)
(99251, 0.03344411)
(99301, 0.03351601)
(99351, 0.03370051)
(99401, 0.03462061)
(99451, 0.03579684)
(99501, 0.03552751)
(99551, 0.03459475)
(99601, 0.03455098)
(99651, 0.03248709)
(99701, 0.03282397)
(99751, 0.03302935)
(99801, 0.03657953)
(99851, 0.03653711)
(99901, 0.03340171)
(99951, 0.03261408)
(100001, 0.03161301)
(100051, 0.03568587)
(100101, 0.03203847)
(100151, 0.03703110)
(100201, 0.03259398)
(100251, 0.03306791)
(100301, 0.03618503)
(100351, 0.03416199)
(100401, 0.03478831)
(100451, 0.03595771)
(100501, 0.03301762)
(100551, 0.03401668)
(100601, 0.03431291)
(100651, 0.03509115)
(100701, 0.03274939)
(100751, 0.03406723)
(100801, 0.03187222)
(100851, 0.03472336)
(100901, 0.03304476)
(100951, 0.03633571)
(101001, 0.03301580)
(101051, 0.03279561)
(101101, 0.03464771)
(101151, 0.03421229)
(101201, 0.03493926)
(101251, 0.03313501)
(101301, 0.03812195)
(101351, 0.03499744)
(101401, 0.03340246)
(101451, 0.03461645)
(101501, 0.03349930)
(101551, 0.03296779)
(101601, 0.03152362)
(101651, 0.03327074)
(101701, 0.03327189)
(101751, 0.03224324)
(101801, 0.03557159)
(101851, 0.03426483)
(101901, 0.03088236)
(101951, 0.03685756)
(102001, 0.03312285)
(102051, 0.03533947)
(102101, 0.03574709)
(102151, 0.03435654)
(102201, 0.03181116)
(102251, 0.03585455)
(102301, 0.03224899)
(102351, 0.03441041)
(102401, 0.03167932)
(102451, 0.03264182)
(102501, 0.03257193)
(102551, 0.03331608)
(102601, 0.03273022)
(102651, 0.03372324)
(102701, 0.03200013)
(102751, 0.03285242)
(102801, 0.03372461)
(102851, 0.03235614)
(102901, 0.03315216)
(102951, 0.03328047)
(103001, 0.03458593)
(103051, 0.03280969)
(103101, 0.03337632)
(103151, 0.03407289)
(103201, 0.03370922)
(103251, 0.03509464)
(103301, 0.03484814)
(103351, 0.03565941)
(103401, 0.03365816)
(103451, 0.03312210)
(103501, 0.03208601)
(103551, 0.03584558)
(103601, 0.03412503)
(103651, 0.03436181)
(103701, 0.03531816)
(103751, 0.03331268)
(103801, 0.03407508)
(103851, 0.03416937)
(103901, 0.03375682)
(103951, 0.03442596)
(104001, 0.03278707)
(104051, 0.03362928)
(104101, 0.03136219)
(104151, 0.03218714)
(104201, 0.03454899)
(104251, 0.03527213)
(104301, 0.03431115)
(104351, 0.03435376)
(104401, 0.03323070)
(104451, 0.03253254)
(104501, 0.03166582)
(104551, 0.03324581)
(104601, 0.03342505)
(104651, 0.03453488)
(104701, 0.03378284)
(104751, 0.03263879)
(104801, 0.03279135)
(104851, 0.03273842)
(104901, 0.03144951)
(104951, 0.03193511)
(105001, 0.03349211)
(105051, 0.03385991)
(105101, 0.03436858)
(105151, 0.03577217)
(105201, 0.03380938)
(105251, 0.03340923)
(105301, 0.03346204)
(105351, 0.03228962)
(105401, 0.03079039)
(105451, 0.03468466)
(105501, 0.03336021)
(105551, 0.03260313)
(105601, 0.03439752)
(105651, 0.03456475)
(105701, 0.03469127)
(105751, 0.03502079)
(105801, 0.03482686)
(105851, 0.03252135)
(105901, 0.03439353)
(105951, 0.03610446)
(106001, 0.03467124)
(106051, 0.03208472)
(106101, 0.02951254)
(106151, 0.03633082)
(106201, 0.03397326)
(106251, 0.03700439)
(106301, 0.03413700)
(106351, 0.03196713)
(106401, 0.03314668)
(106451, 0.03475057)
(106501, 0.03436682)
(106551, 0.03240984)
(106601, 0.03158531)
(106651, 0.03361877)
(106701, 0.03439684)
(106751, 0.03315984)
(106801, 0.03310028)
(106851, 0.03417248)
(106901, 0.03110385)
(106951, 0.03429065)
(107001, 0.03408809)
(107051, 0.03275496)
(107101, 0.03338886)
(107151, 0.03245978)
(107201, 0.03093389)
(107251, 0.03406885)
(107301, 0.03390281)
(107351, 0.03583800)
(107401, 0.03315232)
(107451, 0.03286453)
(107501, 0.03191796)
(107551, 0.03180615)
(107601, 0.03497230)
(107651, 0.03245940)
(107701, 0.03216038)
(107751, 0.03187285)
(107801, 0.03326369)
(107851, 0.03321066)
(107901, 0.03260421)
(107951, 0.03358166)
(108001, 0.03154829)
(108051, 0.03250052)
(108101, 0.03310037)
(108151, 0.03456832)
(108201, 0.03164900)
(108251, 0.03322446)
(108301, 0.03272679)
(108351, 0.03476894)
(108401, 0.03356441)
(108451, 0.03261162)
(108501, 0.03299792)
(108551, 0.03368107)
(108601, 0.03212387)
(108651, 0.03643637)
(108701, 0.03176710)
(108751, 0.03258282)
(108801, 0.03235630)
(108851, 0.03077388)
(108901, 0.03318745)
(108951, 0.03256242)
(109001, 0.03169960)
(109051, 0.03255116)
(109101, 0.03465378)
(109151, 0.03242960)
(109201, 0.03364538)
(109251, 0.03270003)
(109301, 0.03285703)
(109351, 0.03521548)
(109401, 0.03293985)
(109451, 0.03193584)
(109501, 0.03438275)
(109551, 0.03574454)
(109601, 0.03372418)
(109651, 0.03155087)
(109701, 0.03460628)
(109751, 0.03280285)
(109801, 0.03492764)
(109851, 0.03348239)
(109901, 0.03101557)
(109951, 0.03203319)
(110001, 0.03246324)
(110051, 0.03403166)
(110101, 0.03112682)
(110151, 0.03755276)
(110201, 0.03226957)
(110251, 0.03474459)
(110301, 0.03281894)
(110351, 0.03365865)
(110401, 0.03176943)
(110451, 0.03327892)
(110501, 0.03280973)
(110551, 0.03506326)
(110601, 0.03249690)
(110651, 0.03075864)
(110701, 0.03335036)
(110751, 0.03375622)
(110801, 0.03184471)
(110851, 0.03418828)
(110901, 0.03251771)
(110951, 0.03378599)
(111001, 0.03415670)
(111051, 0.03242807)
(111101, 0.03461334)
(111151, 0.03273425)
(111201, 0.03355150)
(111251, 0.03253869)
(111301, 0.03346650)
(111351, 0.03372531)
(111401, 0.03356156)
(111451, 0.03458661)
(111501, 0.03365544)
(111551, 0.03351162)
(111601, 0.03505040)
(111651, 0.03655302)
(111701, 0.03454933)
(111751, 0.03463641)
(111801, 0.03201307)
(111851, 0.03141445)
(111901, 0.03278013)
(111951, 0.03341762)
(112001, 0.03502581)
(112051, 0.03256018)
(112101, 0.03341405)
(112151, 0.03258796)
(112201, 0.03261387)
(112251, 0.03495499)
(112301, 0.03337672)
(112351, 0.03372150)
(112401, 0.03237540)
(112451, 0.03410629)
(112501, 0.03357841)
(112551, 0.03690910)
(112601, 0.03202699)
(112651, 0.03343606)
(112701, 0.03406231)
(112751, 0.03468530)
(112801, 0.03240426)
(112851, 0.03207628)
(112901, 0.03255216)
(112951, 0.03296185)
(113001, 0.03079212)
(113051, 0.03356332)
(113101, 0.03342463)
(113151, 0.03265520)
(113201, 0.03451007)
(113251, 0.03335994)
(113301, 0.03341361)
(113351, 0.03362372)
(113401, 0.03319618)
(113451, 0.03666458)
(113501, 0.03616414)
(113551, 0.03316928)
(113601, 0.03400553)
(113651, 0.03338648)
(113701, 0.03394971)
(113751, 0.03233596)
(113801, 0.03378739)
(113851, 0.03332356)
(113901, 0.03129652)
(113951, 0.03570109)
(114001, 0.03255057)
(114051, 0.03382832)
(114101, 0.03274427)
(114151, 0.03588753)
(114201, 0.03280123)
(114251, 0.03121622)
(114301, 0.03191385)
(114351, 0.03587243)
(114401, 0.03423717)
(114451, 0.03041047)
(114501, 0.03532618)
(114551, 0.03287401)
(114601, 0.03485050)
(114651, 0.03192084)
(114701, 0.03477466)
(114751, 0.03416264)
(114801, 0.03268777)
(114851, 0.03332134)
(114901, 0.03771414)
(114951, 0.03016210)
(115001, 0.03404933)
(115051, 0.03310316)
(115101, 0.03565137)
(115151, 0.03230565)
(115201, 0.03353008)
(115251, 0.03527169)
(115301, 0.03335454)
(115351, 0.03231793)
(115401, 0.03418097)
(115451, 0.03772577)
(115501, 0.03215249)
(115551, 0.03417834)
(115601, 0.03425818)
(115651, 0.03157158)
(115701, 0.03403885)
(115751, 0.03333331)
(115801, 0.03350603)
(115851, 0.03145466)
(115901, 0.03239292)
(115951, 0.03439025)
(116001, 0.03370060)
(116051, 0.03148513)
(116101, 0.03338171)
(116151, 0.03436138)
(116201, 0.03391095)
(116251, 0.03397445)
(116301, 0.03091911)
(116351, 0.03320224)
(116401, 0.03401322)
(116451, 0.03463238)
(116501, 0.03187391)
(116551, 0.03406306)
(116601, 0.03444124)
(116651, 0.03446485)
(116701, 0.03340478)
(116751, 0.03287317)
(116801, 0.03215024)
(116851, 0.03159734)
(116901, 0.03300827)
(116951, 0.03078790)
(117001, 0.03333010)
(117051, 0.03056804)
(117101, 0.03714443)
(117151, 0.03365751)
(117201, 0.03359403)
(117251, 0.03241057)
(117301, 0.03061166)
(117351, 0.03431153)
(117401, 0.03335823)
(117451, 0.03237573)
(117501, 0.03224806)
(117551, 0.03534172)
(117601, 0.03250828)
(117651, 0.03274710)
(117701, 0.03444359)
(117751, 0.03307829)
(117801, 0.03395044)
(117851, 0.03049833)
(117901, 0.03212745)
(117951, 0.03469805)
(118001, 0.03508127)
(118051, 0.03296625)
(118101, 0.03222572)
(118151, 0.03309693)
(118201, 0.03289232)
(118251, 0.03301300)
(118301, 0.03210352)
(118351, 0.03542317)
(118401, 0.03377491)
(118451, 0.03301734)
(118501, 0.03294691)
(118551, 0.03241916)
(118601, 0.03264352)
(118651, 0.03361256)
(118701, 0.03512624)
(118751, 0.03139297)
(118801, 0.03468594)
(118851, 0.03332095)
(118901, 0.03233809)
(118951, 0.03520412)
(119001, 0.03343538)
(119051, 0.03292489)
(119101, 0.03533997)
(119151, 0.03340504)
(119201, 0.03192223)
(119251, 0.03343164)
(119301, 0.03498210)
(119351, 0.03381481)
(119401, 0.03164749)
(119451, 0.03235647)
(119501, 0.03269564)
(119551, 0.03381002)
(119601, 0.03233773)
(119651, 0.03300164)
(119701, 0.03382976)
(119751, 0.03420283)
(119801, 0.03129058)
(119851, 0.03233257)
(119901, 0.03238257)
(119951, 0.03362725)
(120001, 0.03400235)
(120051, 0.03194280)
(120101, 0.03211900)
(120151, 0.03091015)
(120201, 0.03548815)
(120251, 0.03205473)
(120301, 0.03163481)
(120351, 0.03205637)
(120401, 0.03421379)
(120451, 0.03481023)
(120501, 0.03140062)
(120551, 0.03470187)
(120601, 0.03277995)
(120651, 0.03125706)
(120701, 0.03358535)
(120751, 0.03360540)
(120801, 0.03441323)
(120851, 0.03190650)
(120901, 0.03450526)
(120951, 0.03645185)
(121001, 0.03145453)
(121051, 0.03485132)
(121101, 0.03129591)
(121151, 0.03288540)
(121201, 0.03036654)
(121251, 0.03135945)
(121301, 0.03140415)
(121351, 0.03474206)
(121401, 0.03120008)
(121451, 0.03194969)
(121501, 0.03158907)
(121551, 0.03264755)
(121601, 0.03364288)
(121651, 0.03346930)
(121701, 0.03366713)
(121751, 0.03297498)
(121801, 0.03457772)
(121851, 0.03455151)
(121901, 0.03249355)
(121951, 0.03295071)
(122001, 0.03435617)
(122051, 0.03428974)
(122101, 0.03251867)
(122151, 0.03146521)
(122201, 0.03333837)
(122251, 0.03269086)
(122301, 0.03348190)
(122351, 0.03310009)
(122401, 0.03204386)
(122451, 0.03211073)
(122501, 0.03422079)
(122551, 0.03156354)
(122601, 0.03208908)
(122651, 0.03411312)
(122701, 0.03361649)
(122751, 0.03287366)
(122801, 0.03367557)
(122851, 0.03113436)
(122901, 0.03394361)
(122951, 0.03328240)
(123001, 0.03342621)
(123051, 0.03285013)
(123101, 0.03487165)
(123151, 0.03358208)
(123201, 0.03154937)
(123251, 0.03287621)
(123301, 0.03465433)
(123351, 0.03387812)
(123401, 0.03350155)
(123451, 0.03223181)
(123501, 0.03480688)
(123551, 0.03307877)
(123601, 0.03381257)
(123651, 0.03355480)
(123701, 0.03161559)
(123751, 0.03297700)
(123801, 0.03302733)
(123851, 0.03455174)
(123901, 0.03508398)
(123951, 0.03189847)
(124001, 0.03319596)
(124051, 0.03292955)
(124101, 0.03235988)
(124151, 0.03321061)
(124201, 0.03631632)
(124251, 0.03509421)
(124301, 0.03198378)
(124351, 0.03290366)
(124401, 0.03390366)
(124451, 0.03283400)
(124501, 0.03086890)
(124551, 0.03273467)
(124601, 0.03292242)
(124651, 0.03568697)
(124701, 0.03307999)
(124751, 0.03510552)
(124801, 0.03142845)
(124851, 0.03299456)
(124901, 0.03523701)
(124951, 0.03161337)
