(1, 0.00008346)
(51, 0.00075242)
(101, 0.00053279)
(151, 0.00051084)
(201, 0.00057921)
(251, 0.00063207)
(301, 0.00060249)
(351, 0.00060222)
(401, 0.00055148)
(451, 0.00056356)
(501, 0.00057293)
(551, 0.00061740)
(601, 0.00070337)
(651, 0.00064238)
(701, 0.00070878)
(751, 0.00075159)
(801, 0.00075899)
(851, 0.00071876)
(901, 0.00079030)
(951, 0.00070079)
(1001, 0.00083230)
(1051, 0.00080705)
(1101, 0.00079100)
(1151, 0.00084869)
(1201, 0.00081216)
(1251, 0.00074165)
(1301, 0.00078270)
(1351, 0.00082819)
(1401, 0.00081648)
(1451, 0.00082065)
(1501, 0.00078410)
(1551, 0.00093693)
(1601, 0.00074674)
(1651, 0.00074031)
(1701, 0.00092985)
(1751, 0.00085877)
(1801, 0.00091552)
(1851, 0.00087857)
(1901, 0.00078985)
(1951, 0.00093414)
(2001, 0.00092323)
(2051, 0.00087359)
(2101, 0.00092672)
(2151, 0.00088907)
(2201, 0.00088992)
(2251, 0.00094729)
(2301, 0.00086970)
(2351, 0.00091812)
(2401, 0.00090947)
(2451, 0.00084149)
(2501, 0.00084380)
(2551, 0.00081935)
(2601, 0.00079262)
(2651, 0.00081911)
(2701, 0.00086610)
(2751, 0.00079178)
(2801, 0.00082994)
(2851, 0.00089732)
(2901, 0.00093541)
(2951, 0.00087656)
(3001, 0.00086479)
(3051, 0.00093304)
(3101, 0.00097111)
(3151, 0.00087439)
(3201, 0.00093001)
(3251, 0.00098816)
(3301, 0.00084752)
(3351, 0.00110095)
(3401, 0.00087049)
(3451, 0.00094582)
(3501, 0.00077775)
(3551, 0.00090079)
(3601, 0.00082366)
(3651, 0.00089805)
(3701, 0.00092201)
(3751, 0.00090454)
(3801, 0.00083401)
(3851, 0.00091539)
(3901, 0.00085941)
(3951, 0.00096573)
(4001, 0.00084518)
(4051, 0.00082088)
(4101, 0.00085770)
(4151, 0.00099039)
(4201, 0.00091782)
(4251, 0.00085285)
(4301, 0.00077810)
(4351, 0.00101489)
(4401, 0.00089372)
(4451, 0.00093652)
(4501, 0.00083496)
(4551, 0.00091945)
(4601, 0.00085916)
(4651, 0.00092684)
(4701, 0.00088704)
(4751, 0.00095092)
(4801, 0.00086290)
(4851, 0.00096142)
(4901, 0.00096747)
(4951, 0.00095234)
(5001, 0.00076974)
(5051, 0.00083243)
(5101, 0.00102565)
(5151, 0.00089138)
(5201, 0.00095704)
(5251, 0.00090489)
(5301, 0.00085352)
(5351, 0.00095251)
(5401, 0.00092576)
(5451, 0.00079599)
(5501, 0.00107228)
(5551, 0.00096985)
(5601, 0.00080258)
(5651, 0.00094026)
(5701, 0.00086435)
(5751, 0.00089469)
(5801, 0.00095180)
(5851, 0.00092778)
(5901, 0.00083862)
(5951, 0.00085956)
(6001, 0.00083043)
(6051, 0.00101801)
(6101, 0.00106641)
(6151, 0.00085878)
(6201, 0.00088397)
(6251, 0.00076296)
(6301, 0.00081382)
(6351, 0.00083485)
(6401, 0.00078119)
(6451, 0.00082715)
(6501, 0.00084744)
(6551, 0.00079281)
(6601, 0.00093984)
(6651, 0.00093268)
(6701, 0.00080487)
(6751, 0.00079167)
(6801, 0.00086997)
(6851, 0.00088180)
(6901, 0.00093816)
(6951, 0.00089040)
(7001, 0.00074397)
(7051, 0.00077344)
(7101, 0.00091511)
(7151, 0.00082882)
(7201, 0.00095547)
(7251, 0.00108838)
(7301, 0.00085504)
(7351, 0.00089617)
(7401, 0.00080565)
(7451, 0.00084209)
(7501, 0.00081989)
(7551, 0.00078259)
(7601, 0.00090602)
(7651, 0.00082556)
(7701, 0.00084989)
(7751, 0.00078881)
(7801, 0.00092820)
(7851, 0.00083396)
(7901, 0.00087025)
(7951, 0.00091689)
(8001, 0.00093559)
(8051, 0.00087194)
(8101, 0.00097645)
(8151, 0.00078597)
(8201, 0.00088088)
(8251, 0.00085427)
(8301, 0.00081905)
(8351, 0.00089220)
(8401, 0.00088142)
(8451, 0.00090938)
(8501, 0.00090219)
(8551, 0.00105423)
(8601, 0.00081455)
(8651, 0.00094886)
(8701, 0.00098310)
(8751, 0.00088744)
(8801, 0.00087552)
(8851, 0.00083897)
(8901, 0.00083631)
(8951, 0.00077593)
(9001, 0.00090902)
(9051, 0.00081110)
(9101, 0.00082465)
(9151, 0.00079539)
(9201, 0.00086020)
(9251, 0.00086498)
(9301, 0.00075193)
(9351, 0.00088103)
(9401, 0.00088171)
(9451, 0.00098125)
(9501, 0.00094815)
(9551, 0.00088556)
(9601, 0.00081966)
(9651, 0.00075453)
(9701, 0.00104594)
(9751, 0.00081426)
(9801, 0.00091009)
(9851, 0.00087055)
(9901, 0.00082362)
(9951, 0.00085261)
(10001, 0.00082080)
(10051, 0.00087134)
(10101, 0.00094142)
(10151, 0.00084458)
(10201, 0.00081804)
(10251, 0.00066081)
(10301, 0.00088934)
(10351, 0.00090042)
(10401, 0.00072725)
(10451, 0.00087547)
(10501, 0.00084132)
(10551, 0.00086191)
(10601, 0.00086373)
(10651, 0.00072619)
(10701, 0.00084744)
(10751, 0.00085241)
(10801, 0.00079453)
(10851, 0.00089664)
(10901, 0.00072492)
(10951, 0.00084568)
(11001, 0.00085199)
(11051, 0.00083713)
(11101, 0.00092363)
(11151, 0.00079933)
(11201, 0.00082032)
(11251, 0.00089655)
(11301, 0.00087810)
(11351, 0.00081841)
(11401, 0.00085753)
(11451, 0.00080388)
(11501, 0.00090842)
(11551, 0.00089349)
(11601, 0.00089248)
(11651, 0.00083886)
(11701, 0.00090316)
(11751, 0.00072334)
(11801, 0.00083340)
(11851, 0.00066953)
(11901, 0.00084994)
(11951, 0.00082675)
(12001, 0.00077743)
(12051, 0.00091089)
(12101, 0.00077694)
(12151, 0.00090510)
(12201, 0.00085240)
(12251, 0.00091592)
(12301, 0.00071687)
(12351, 0.00076416)
(12401, 0.00076031)
(12451, 0.00096079)
(12501, 0.00077519)
(12551, 0.00087099)
(12601, 0.00085053)
(12651, 0.00089177)
(12701, 0.00074612)
(12751, 0.00091741)
(12801, 0.00085457)
(12851, 0.00067785)
(12901, 0.00077605)
(12951, 0.00078172)
(13001, 0.00081517)
(13051, 0.00077735)
(13101, 0.00078377)
(13151, 0.00093873)
(13201, 0.00085720)
(13251, 0.00087127)
(13301, 0.00080933)
(13351, 0.00087955)
(13401, 0.00084290)
(13451, 0.00068609)
(13501, 0.00086550)
(13551, 0.00084543)
(13601, 0.00075186)
(13651, 0.00083000)
(13701, 0.00081530)
(13751, 0.00084410)
(13801, 0.00081068)
(13851, 0.00085892)
(13901, 0.00088434)
(13951, 0.00064671)
(14001, 0.00077722)
(14051, 0.00072091)
(14101, 0.00087580)
(14151, 0.00090423)
(14201, 0.00077460)
(14251, 0.00082096)
(14301, 0.00087727)
(14351, 0.00082117)
(14401, 0.00088780)
(14451, 0.00086966)
(14501, 0.00097554)
(14551, 0.00082754)
(14601, 0.00073916)
(14651, 0.00076098)
(14701, 0.00087326)
(14751, 0.00069885)
(14801, 0.00070722)
(14851, 0.00086395)
(14901, 0.00076687)
(14951, 0.00076661)
(15001, 0.00082852)
(15051, 0.00074622)
(15101, 0.00084524)
(15151, 0.00068946)
(15201, 0.00076971)
(15251, 0.00078607)
(15301, 0.00075886)
(15351, 0.00076234)
(15401, 0.00093510)
(15451, 0.00078275)
(15501, 0.00076866)
(15551, 0.00069963)
(15601, 0.00082361)
(15651, 0.00075848)
(15701, 0.00074718)
(15751, 0.00073814)
(15801, 0.00076696)
(15851, 0.00084729)
(15901, 0.00080214)
(15951, 0.00078983)
(16001, 0.00070374)
(16051, 0.00078168)
(16101, 0.00090146)
(16151, 0.00098060)
(16201, 0.00077554)
(16251, 0.00081434)
(16301, 0.00079370)
(16351, 0.00090548)
(16401, 0.00083251)
(16451, 0.00072369)
(16501, 0.00074225)
(16551, 0.00082559)
(16601, 0.00076348)
(16651, 0.00082002)
(16701, 0.00065527)
(16751, 0.00072855)
(16801, 0.00082736)
(16851, 0.00081289)
(16901, 0.00068813)
(16951, 0.00089030)
(17001, 0.00067397)
(17051, 0.00072880)
(17101, 0.00062078)
(17151, 0.00071098)
(17201, 0.00071821)
(17251, 0.00077842)
(17301, 0.00081925)
(17351, 0.00078507)
(17401, 0.00081433)
(17451, 0.00082501)
(17501, 0.00073996)
(17551, 0.00073181)
(17601, 0.00082496)
(17651, 0.00078367)
(17701, 0.00089426)
(17751, 0.00069956)
(17801, 0.00080487)
(17851, 0.00083965)
(17901, 0.00082818)
(17951, 0.00071098)
(18001, 0.00076054)
(18051, 0.00077020)
(18101, 0.00084476)
(18151, 0.00077700)
(18201, 0.00072106)
(18251, 0.00079554)
(18301, 0.00074461)
(18351, 0.00086609)
(18401, 0.00071799)
(18451, 0.00066421)
(18501, 0.00071616)
(18551, 0.00093310)
(18601, 0.00073358)
(18651, 0.00072739)
(18701, 0.00075157)
(18751, 0.00086176)
(18801, 0.00066294)
(18851, 0.00085323)
(18901, 0.00067993)
(18951, 0.00081750)
(19001, 0.00081492)
(19051, 0.00093169)
(19101, 0.00079004)
(19151, 0.00079355)
(19201, 0.00076238)
(19251, 0.00067416)
(19301, 0.00082719)
(19351, 0.00084425)
(19401, 0.00073896)
(19451, 0.00072230)
(19501, 0.00082544)
(19551, 0.00077775)
(19601, 0.00073451)
(19651, 0.00074314)
(19701, 0.00065172)
(19751, 0.00074295)
(19801, 0.00075777)
(19851, 0.00071842)
(19901, 0.00071960)
(19951, 0.00077727)
(20001, 0.00070715)
(20051, 0.00079529)
(20101, 0.00078898)
(20151, 0.00072063)
(20201, 0.00082077)
(20251, 0.00073893)
(20301, 0.00072705)
(20351, 0.00078801)
(20401, 0.00068481)
(20451, 0.00070124)
(20501, 0.00073907)
(20551, 0.00068873)
(20601, 0.00073672)
(20651, 0.00091585)
(20701, 0.00069394)
(20751, 0.00080361)
(20801, 0.00073434)
(20851, 0.00073260)
(20901, 0.00067076)
(20951, 0.00091136)
(21001, 0.00077527)
(21051, 0.00068353)
(21101, 0.00079624)
(21151, 0.00074123)
(21201, 0.00081690)
(21251, 0.00082558)
(21301, 0.00082826)
(21351, 0.00073792)
(21401, 0.00083902)
(21451, 0.00066469)
(21501, 0.00066818)
(21551, 0.00080917)
(21601, 0.00066987)
(21651, 0.00073647)
(21701, 0.00075890)
(21751, 0.00077858)
(21801, 0.00075956)
(21851, 0.00076006)
(21901, 0.00081629)
(21951, 0.00076739)
(22001, 0.00081248)
(22051, 0.00080293)
(22101, 0.00083931)
(22151, 0.00071738)
(22201, 0.00081477)
(22251, 0.00085506)
(22301, 0.00068475)
(22351, 0.00086537)
(22401, 0.00085154)
(22451, 0.00076953)
(22501, 0.00072069)
(22551, 0.00070512)
(22601, 0.00074756)
(22651, 0.00077943)
(22701, 0.00080591)
(22751, 0.00080487)
(22801, 0.00075882)
(22851, 0.00076862)
(22901, 0.00074817)
(22951, 0.00079507)
(23001, 0.00067985)
(23051, 0.00070981)
(23101, 0.00088642)
(23151, 0.00074231)
(23201, 0.00079384)
(23251, 0.00064254)
(23301, 0.00074860)
(23351, 0.00082869)
(23401, 0.00072909)
(23451, 0.00081414)
(23501, 0.00069732)
(23551, 0.00078457)
(23601, 0.00080904)
(23651, 0.00077244)
(23701, 0.00068695)
(23751, 0.00077390)
(23801, 0.00066843)
(23851, 0.00066219)
(23901, 0.00076104)
(23951, 0.00071215)
(24001, 0.00073919)
(24051, 0.00070105)
(24101, 0.00080894)
(24151, 0.00077063)
(24201, 0.00082294)
(24251, 0.00076962)
(24301, 0.00070381)
(24351, 0.00076236)
(24401, 0.00080157)
(24451, 0.00072802)
(24501, 0.00075357)
(24551, 0.00081663)
(24601, 0.00077258)
(24651, 0.00070145)
(24701, 0.00070610)
(24751, 0.00080832)
(24801, 0.00078284)
(24851, 0.00089215)
(24901, 0.00078700)
(24951, 0.00085857)
(25001, 0.00068150)
(25051, 0.00071164)
(25101, 0.00073753)
(25151, 0.00065827)
(25201, 0.00069632)
(25251, 0.00073286)
(25301, 0.00077295)
(25351, 0.00069236)
(25401, 0.00081009)
(25451, 0.00065624)
(25501, 0.00076505)
(25551, 0.00070585)
(25601, 0.00074189)
(25651, 0.00071496)
(25701, 0.00068405)
(25751, 0.00079384)
(25801, 0.00071583)
(25851, 0.00074400)
(25901, 0.00081809)
(25951, 0.00075622)
(26001, 0.00080765)
(26051, 0.00074866)
(26101, 0.00067932)
(26151, 0.00073137)
(26201, 0.00071929)
(26251, 0.00068887)
(26301, 0.00075769)
(26351, 0.00070298)
(26401, 0.00074477)
(26451, 0.00081856)
(26501, 0.00075875)
(26551, 0.00089690)
(26601, 0.00065155)
(26651, 0.00081126)
(26701, 0.00072090)
(26751, 0.00074782)
(26801, 0.00077708)
(26851, 0.00073356)
(26901, 0.00066864)
(26951, 0.00079266)
(27001, 0.00080900)
(27051, 0.00069138)
(27101, 0.00065645)
(27151, 0.00069786)
(27201, 0.00074604)
(27251, 0.00073671)
(27301, 0.00080946)
(27351, 0.00063917)
(27401, 0.00072441)
(27451, 0.00080755)
(27501, 0.00069813)
(27551, 0.00088567)
(27601, 0.00074354)
(27651, 0.00090445)
(27701, 0.00069623)
(27751, 0.00071063)
(27801, 0.00084991)
(27851, 0.00063166)
(27901, 0.00092442)
(27951, 0.00065277)
(28001, 0.00071132)
(28051, 0.00075145)
(28101, 0.00067429)
(28151, 0.00079161)
(28201, 0.00074828)
(28251, 0.00081908)
(28301, 0.00075238)
(28351, 0.00074058)
(28401, 0.00077543)
(28451, 0.00065430)
(28501, 0.00086358)
(28551, 0.00081926)
(28601, 0.00064819)
(28651, 0.00074283)
(28701, 0.00081313)
(28751, 0.00077610)
(28801, 0.00073280)
(28851, 0.00072148)
(28901, 0.00073734)
(28951, 0.00078196)
(29001, 0.00067385)
(29051, 0.00075805)
(29101, 0.00069507)
(29151, 0.00063916)
(29201, 0.00065548)
(29251, 0.00089340)
(29301, 0.00064686)
(29351, 0.00075782)
(29401, 0.00068538)
(29451, 0.00082426)
(29501, 0.00073131)
(29551, 0.00077447)
(29601, 0.00064295)
(29651, 0.00079683)
(29701, 0.00076871)
(29751, 0.00073068)
(29801, 0.00068551)
(29851, 0.00074399)
(29901, 0.00063197)
(29951, 0.00072755)
(30001, 0.00066017)
(30051, 0.00065381)
(30101, 0.00078921)
(30151, 0.00074836)
(30201, 0.00065076)
(30251, 0.00068384)
(30301, 0.00072663)
(30351, 0.00077725)
(30401, 0.00069228)
(30451, 0.00077125)
(30501, 0.00068030)
(30551, 0.00076337)
(30601, 0.00071750)
(30651, 0.00067906)
(30701, 0.00077832)
(30751, 0.00063194)
(30801, 0.00069508)
(30851, 0.00078359)
(30901, 0.00071703)
(30951, 0.00068221)
(31001, 0.00076108)
(31051, 0.00070556)
(31101, 0.00086868)
(31151, 0.00073524)
(31201, 0.00072431)
(31251, 0.00079682)
(31301, 0.00074288)
(31351, 0.00067489)
(31401, 0.00086303)
(31451, 0.00085469)
(31501, 0.00063795)
(31551, 0.00065907)
(31601, 0.00070262)
(31651, 0.00064376)
(31701, 0.00078659)
(31751, 0.00089553)
(31801, 0.00068966)
(31851, 0.00070136)
(31901, 0.00070109)
(31951, 0.00073626)
(32001, 0.00075834)
(32051, 0.00068972)
(32101, 0.00077537)
(32151, 0.00069740)
(32201, 0.00078244)
(32251, 0.00067849)
(32301, 0.00068242)
(32351, 0.00071906)
(32401, 0.00080220)
(32451, 0.00072040)
(32501, 0.00074838)
(32551, 0.00083152)
(32601, 0.00075174)
(32651, 0.00068612)
(32701, 0.00074094)
(32751, 0.00068524)
(32801, 0.00079540)
(32851, 0.00069832)
(32901, 0.00069015)
(32951, 0.00082734)
(33001, 0.00075011)
(33051, 0.00071169)
(33101, 0.00075574)
(33151, 0.00070313)
(33201, 0.00065323)
(33251, 0.00074570)
(33301, 0.00075568)
(33351, 0.00072110)
(33401, 0.00071124)
(33451, 0.00083715)
(33501, 0.00076230)
(33551, 0.00074424)
(33601, 0.00079077)
(33651, 0.00071558)
(33701, 0.00073980)
(33751, 0.00069415)
(33801, 0.00075212)
(33851, 0.00063778)
(33901, 0.00068392)
(33951, 0.00072772)
(34001, 0.00072445)
(34051, 0.00072686)
(34101, 0.00070580)
(34151, 0.00071425)
(34201, 0.00072776)
(34251, 0.00076060)
(34301, 0.00073541)
(34351, 0.00074395)
(34401, 0.00081178)
(34451, 0.00080840)
(34501, 0.00070653)
(34551, 0.00075328)
(34601, 0.00082560)
(34651, 0.00077117)
(34701, 0.00075528)
(34751, 0.00083484)
(34801, 0.00079402)
(34851, 0.00068351)
(34901, 0.00067222)
(34951, 0.00069809)
(35001, 0.00071286)
(35051, 0.00079795)
(35101, 0.00077452)
(35151, 0.00071031)
(35201, 0.00065906)
(35251, 0.00067890)
(35301, 0.00075670)
(35351, 0.00069508)
(35401, 0.00065085)
(35451, 0.00074317)
(35501, 0.00073014)
(35551, 0.00062718)
(35601, 0.00072402)
(35651, 0.00071585)
(35701, 0.00081400)
(35751, 0.00073634)
(35801, 0.00072952)
(35851, 0.00072091)
(35901, 0.00079677)
(35951, 0.00063889)
(36001, 0.00071358)
(36051, 0.00074617)
(36101, 0.00081212)
(36151, 0.00083949)
(36201, 0.00071642)
(36251, 0.00072368)
(36301, 0.00076405)
(36351, 0.00073179)
(36401, 0.00082200)
(36451, 0.00073631)
(36501, 0.00076053)
(36551, 0.00070633)
(36601, 0.00078965)
(36651, 0.00073769)
(36701, 0.00077054)
(36751, 0.00069562)
(36801, 0.00078615)
(36851, 0.00064501)
(36901, 0.00078226)
(36951, 0.00076281)
(37001, 0.00082535)
(37051, 0.00077690)
(37101, 0.00072676)
(37151, 0.00071069)
(37201, 0.00074581)
(37251, 0.00080996)
(37301, 0.00070522)
(37351, 0.00067833)
(37401, 0.00072129)
(37451, 0.00076939)
(37501, 0.00074398)
(37551, 0.00077673)
(37601, 0.00072095)
(37651, 0.00070893)
(37701, 0.00071706)
(37751, 0.00073902)
(37801, 0.00069281)
(37851, 0.00065841)
(37901, 0.00068401)
(37951, 0.00072761)
(38001, 0.00078942)
(38051, 0.00070220)
(38101, 0.00079766)
(38151, 0.00075575)
(38201, 0.00059347)
(38251, 0.00069222)
(38301, 0.00073858)
(38351, 0.00080806)
(38401, 0.00070633)
(38451, 0.00065373)
(38501, 0.00075711)
(38551, 0.00072120)
(38601, 0.00068387)
(38651, 0.00072789)
(38701, 0.00073365)
(38751, 0.00070904)
(38801, 0.00074856)
(38851, 0.00073086)
(38901, 0.00081871)
(38951, 0.00072948)
(39001, 0.00071703)
(39051, 0.00064667)
(39101, 0.00070592)
(39151, 0.00070698)
(39201, 0.00068714)
(39251, 0.00071787)
(39301, 0.00072932)
(39351, 0.00079328)
(39401, 0.00072642)
(39451, 0.00064201)
(39501, 0.00082432)
(39551, 0.00083682)
(39601, 0.00077578)
(39651, 0.00068361)
(39701, 0.00066790)
(39751, 0.00066052)
(39801, 0.00068079)
(39851, 0.00068246)
(39901, 0.00068776)
(39951, 0.00065258)
(40001, 0.00077545)
(40051, 0.00071760)
(40101, 0.00074999)
(40151, 0.00070328)
(40201, 0.00074240)
(40251, 0.00079542)
(40301, 0.00069453)
(40351, 0.00082755)
(40401, 0.00072522)
(40451, 0.00073353)
(40501, 0.00063154)
(40551, 0.00074631)
(40601, 0.00074637)
(40651, 0.00071839)
(40701, 0.00071490)
(40751, 0.00068276)
(40801, 0.00076094)
(40851, 0.00076916)
(40901, 0.00068109)
(40951, 0.00070974)
(41001, 0.00076510)
(41051, 0.00071823)
(41101, 0.00075358)
(41151, 0.00081949)
(41201, 0.00070176)
(41251, 0.00069564)
(41301, 0.00075212)
(41351, 0.00070231)
(41401, 0.00075664)
(41451, 0.00074541)
(41501, 0.00071772)
(41551, 0.00074504)
(41601, 0.00075898)
(41651, 0.00066543)
(41701, 0.00073792)
(41751, 0.00073216)
(41801, 0.00083161)
(41851, 0.00071051)
(41901, 0.00074510)
(41951, 0.00076006)
(42001, 0.00066384)
(42051, 0.00067023)
(42101, 0.00067310)
(42151, 0.00076124)
(42201, 0.00076221)
(42251, 0.00066064)
(42301, 0.00077353)
(42351, 0.00069269)
(42401, 0.00069216)
(42451, 0.00064771)
(42501, 0.00071521)
(42551, 0.00070523)
(42601, 0.00070169)
(42651, 0.00068785)
(42701, 0.00069937)
(42751, 0.00072118)
(42801, 0.00081508)
(42851, 0.00067801)
(42901, 0.00077512)
(42951, 0.00071040)
(43001, 0.00076593)
(43051, 0.00067332)
(43101, 0.00074561)
(43151, 0.00071512)
(43201, 0.00067905)
(43251, 0.00066980)
(43301, 0.00074349)
(43351, 0.00080703)
(43401, 0.00069641)
(43451, 0.00066920)
(43501, 0.00071610)
(43551, 0.00070520)
(43601, 0.00068073)
(43651, 0.00074479)
(43701, 0.00070466)
(43751, 0.00077165)
(43801, 0.00065043)
(43851, 0.00066912)
(43901, 0.00068232)
(43951, 0.00070728)
(44001, 0.00072002)
(44051, 0.00074184)
(44101, 0.00064944)
(44151, 0.00077191)
(44201, 0.00071339)
(44251, 0.00072518)
(44301, 0.00075972)
(44351, 0.00068496)
(44401, 0.00071532)
(44451, 0.00073982)
(44501, 0.00068986)
(44551, 0.00074833)
(44601, 0.00065789)
(44651, 0.00074636)
(44701, 0.00068328)
(44751, 0.00071706)
(44801, 0.00068477)
(44851, 0.00067757)
(44901, 0.00079762)
(44951, 0.00083526)
(45001, 0.00064957)
(45051, 0.00075214)
(45101, 0.00068304)
(45151, 0.00079472)
(45201, 0.00077773)
(45251, 0.00072505)
(45301, 0.00075511)
(45351, 0.00062952)
(45401, 0.00073541)
(45451, 0.00072124)
(45501, 0.00069723)
(45551, 0.00073817)
(45601, 0.00074643)
(45651, 0.00069033)
(45701, 0.00071079)
(45751, 0.00068427)
(45801, 0.00078916)
(45851, 0.00074828)
(45901, 0.00069078)
(45951, 0.00070078)
(46001, 0.00075729)
(46051, 0.00072068)
(46101, 0.00080211)
(46151, 0.00071257)
(46201, 0.00061574)
(46251, 0.00066552)
(46301, 0.00072030)
(46351, 0.00069637)
(46401, 0.00069037)
(46451, 0.00078792)
(46501, 0.00075371)
(46551, 0.00075406)
(46601, 0.00068899)
(46651, 0.00070406)
(46701, 0.00070171)
(46751, 0.00069966)
(46801, 0.00068148)
(46851, 0.00068269)
(46901, 0.00077497)
(46951, 0.00070617)
(47001, 0.00059326)
(47051, 0.00073232)
(47101, 0.00075578)
(47151, 0.00068273)
(47201, 0.00076946)
(47251, 0.00075402)
(47301, 0.00073581)
(47351, 0.00069067)
(47401, 0.00071216)
(47451, 0.00072603)
(47501, 0.00081398)
(47551, 0.00069550)
(47601, 0.00067212)
(47651, 0.00077711)
(47701, 0.00074449)
(47751, 0.00070339)
(47801, 0.00069723)
(47851, 0.00072414)
(47901, 0.00064384)
(47951, 0.00065272)
(48001, 0.00074638)
(48051, 0.00066912)
(48101, 0.00068613)
(48151, 0.00070444)
(48201, 0.00075860)
(48251, 0.00070748)
(48301, 0.00070201)
(48351, 0.00074401)
(48401, 0.00069908)
(48451, 0.00070069)
(48501, 0.00070285)
(48551, 0.00067390)
(48601, 0.00073847)
(48651, 0.00072747)
(48701, 0.00082317)
(48751, 0.00075465)
(48801, 0.00077356)
(48851, 0.00071368)
(48901, 0.00068421)
(48951, 0.00075890)
(49001, 0.00073061)
(49051, 0.00067834)
(49101, 0.00077496)
(49151, 0.00077134)
(49201, 0.00071198)
(49251, 0.00071097)
(49301, 0.00068683)
(49351, 0.00063202)
(49401, 0.00072863)
(49451, 0.00071993)
(49501, 0.00072260)
(49551, 0.00067712)
(49601, 0.00072008)
(49651, 0.00066760)
(49701, 0.00070058)
(49751, 0.00072909)
(49801, 0.00073488)
(49851, 0.00074900)
(49901, 0.00079652)
(49951, 0.00071593)
(50001, 0.00078976)
(50051, 0.00071702)
(50101, 0.00086307)
(50151, 0.00064600)
(50201, 0.00072704)
(50251, 0.00065051)
(50301, 0.00067398)
(50351, 0.00070586)
(50401, 0.00070174)
(50451, 0.00079940)
(50501, 0.00081449)
(50551, 0.00068872)
(50601, 0.00071642)
(50651, 0.00071250)
(50701, 0.00067879)
(50751, 0.00077341)
(50801, 0.00064815)
(50851, 0.00066835)
(50901, 0.00074417)
(50951, 0.00078322)
(51001, 0.00072081)
(51051, 0.00077277)
(51101, 0.00071676)
(51151, 0.00077360)
(51201, 0.00074086)
(51251, 0.00073988)
(51301, 0.00073463)
(51351, 0.00069256)
(51401, 0.00070104)
(51451, 0.00082299)
(51501, 0.00070979)
(51551, 0.00071727)
(51601, 0.00072442)
(51651, 0.00077351)
(51701, 0.00071294)
(51751, 0.00074491)
(51801, 0.00074271)
(51851, 0.00069095)
(51901, 0.00074964)
(51951, 0.00068923)
(52001, 0.00066685)
(52051, 0.00072174)
(52101, 0.00071224)
(52151, 0.00081808)
(52201, 0.00071836)
(52251, 0.00064285)
(52301, 0.00068130)
(52351, 0.00069529)
(52401, 0.00072428)
(52451, 0.00068703)
(52501, 0.00077598)
(52551, 0.00070232)
(52601, 0.00073196)
(52651, 0.00071566)
(52701, 0.00068564)
(52751, 0.00069177)
(52801, 0.00071447)
(52851, 0.00069432)
(52901, 0.00067587)
(52951, 0.00070936)
(53001, 0.00068307)
(53051, 0.00069768)
(53101, 0.00077129)
(53151, 0.00073093)
(53201, 0.00067059)
(53251, 0.00071947)
(53301, 0.00072575)
(53351, 0.00070223)
(53401, 0.00077463)
(53451, 0.00063628)
(53501, 0.00069618)
(53551, 0.00077690)
(53601, 0.00077134)
(53651, 0.00065996)
(53701, 0.00062871)
(53751, 0.00080393)
(53801, 0.00072590)
(53851, 0.00071420)
(53901, 0.00067225)
(53951, 0.00075189)
(54001, 0.00067589)
(54051, 0.00074585)
(54101, 0.00078833)
(54151, 0.00072486)
(54201, 0.00074630)
(54251, 0.00075598)
(54301, 0.00067749)
(54351, 0.00074767)
(54401, 0.00067749)
(54451, 0.00083305)
(54501, 0.00068534)
(54551, 0.00071085)
(54601, 0.00072924)
(54651, 0.00061901)
(54701, 0.00075035)
(54751, 0.00083587)
(54801, 0.00080376)
(54851, 0.00074383)
(54901, 0.00066886)
(54951, 0.00070707)
(55001, 0.00070466)
(55051, 0.00062920)
(55101, 0.00069498)
(55151, 0.00072296)
(55201, 0.00077700)
(55251, 0.00078827)
(55301, 0.00071426)
(55351, 0.00071782)
(55401, 0.00072431)
(55451, 0.00070569)
(55501, 0.00071646)
(55551, 0.00080157)
(55601, 0.00072269)
(55651, 0.00074163)
(55701, 0.00068006)
(55751, 0.00074217)
(55801, 0.00075590)
(55851, 0.00077161)
(55901, 0.00074409)
(55951, 0.00078917)
(56001, 0.00074702)
(56051, 0.00081827)
(56101, 0.00068987)
(56151, 0.00070423)
(56201, 0.00074313)
(56251, 0.00067895)
(56301, 0.00072322)
(56351, 0.00071813)
(56401, 0.00066611)
(56451, 0.00075883)
(56501, 0.00073867)
(56551, 0.00069316)
(56601, 0.00068622)
(56651, 0.00073127)
(56701, 0.00077072)
(56751, 0.00075912)
(56801, 0.00068707)
(56851, 0.00078999)
(56901, 0.00071581)
(56951, 0.00069144)
(57001, 0.00076768)
(57051, 0.00068810)
(57101, 0.00077261)
(57151, 0.00074388)
(57201, 0.00066999)
(57251, 0.00078869)
(57301, 0.00075957)
(57351, 0.00067528)
(57401, 0.00074784)
(57451, 0.00070797)
(57501, 0.00078240)
(57551, 0.00066232)
(57601, 0.00074502)
(57651, 0.00082549)
(57701, 0.00069425)
(57751, 0.00077374)
(57801, 0.00074621)
(57851, 0.00073738)
(57901, 0.00071708)
(57951, 0.00070914)
(58001, 0.00070313)
(58051, 0.00071056)
(58101, 0.00072599)
(58151, 0.00075018)
(58201, 0.00072760)
(58251, 0.00070628)
(58301, 0.00066299)
(58351, 0.00065444)
(58401, 0.00077689)
(58451, 0.00070988)
(58501, 0.00073674)
(58551, 0.00069261)
(58601, 0.00071267)
(58651, 0.00076296)
(58701, 0.00074415)
(58751, 0.00070854)
(58801, 0.00067973)
(58851, 0.00064190)
(58901, 0.00070566)
(58951, 0.00070739)
(59001, 0.00070271)
(59051, 0.00072724)
(59101, 0.00070384)
(59151, 0.00079786)
(59201, 0.00073397)
(59251, 0.00071637)
(59301, 0.00069325)
(59351, 0.00065922)
(59401, 0.00075534)
(59451, 0.00065412)
(59501, 0.00069459)
(59551, 0.00076595)
(59601, 0.00077885)
(59651, 0.00075785)
(59701, 0.00071630)
(59751, 0.00073737)
(59801, 0.00077273)
(59851, 0.00075688)
(59901, 0.00073933)
(59951, 0.00083212)
(60001, 0.00072687)
(60051, 0.00075893)
(60101, 0.00069479)
(60151, 0.00072252)
(60201, 0.00080485)
(60251, 0.00073925)
(60301, 0.00069361)
(60351, 0.00075287)
(60401, 0.00071498)
(60451, 0.00068332)
(60501, 0.00071986)
(60551, 0.00067000)
(60601, 0.00069774)
(60651, 0.00074859)
(60701, 0.00080129)
(60751, 0.00072419)
(60801, 0.00080083)
(60851, 0.00070306)
(60901, 0.00074171)
(60951, 0.00072710)
(61001, 0.00071712)
(61051, 0.00066886)
(61101, 0.00067160)
(61151, 0.00071701)
(61201, 0.00078368)
(61251, 0.00083390)
(61301, 0.00069401)
(61351, 0.00066331)
(61401, 0.00075687)
(61451, 0.00071283)
(61501, 0.00071841)
(61551, 0.00083198)
(61601, 0.00073860)
(61651, 0.00073204)
(61701, 0.00070603)
(61751, 0.00078921)
(61801, 0.00076654)
(61851, 0.00071923)
(61901, 0.00077726)
(61951, 0.00075327)
(62001, 0.00075464)
(62051, 0.00082686)
(62101, 0.00074622)
(62151, 0.00073657)
(62201, 0.00069084)
(62251, 0.00071245)
(62301, 0.00074590)
(62351, 0.00073625)
(62401, 0.00074545)
(62451, 0.00071674)
(62501, 0.00070571)
(62551, 0.00063246)
(62601, 0.00066209)
(62651, 0.00074019)
(62701, 0.00075329)
(62751, 0.00074531)
(62801, 0.00063948)
(62851, 0.00071715)
(62901, 0.00080574)
(62951, 0.00081487)
(63001, 0.00069731)
(63051, 0.00069577)
(63101, 0.00074780)
(63151, 0.00070179)
(63201, 0.00069569)
(63251, 0.00073592)
(63301, 0.00071956)
(63351, 0.00082770)
(63401, 0.00064508)
(63451, 0.00076607)
(63501, 0.00073127)
(63551, 0.00073274)
(63601, 0.00078959)
(63651, 0.00076465)
(63701, 0.00073434)
(63751, 0.00072390)
(63801, 0.00081116)
(63851, 0.00075317)
(63901, 0.00071777)
(63951, 0.00069785)
(64001, 0.00069635)
(64051, 0.00065867)
(64101, 0.00083052)
(64151, 0.00073912)
(64201, 0.00079110)
(64251, 0.00073758)
(64301, 0.00070582)
(64351, 0.00074542)
(64401, 0.00069010)
(64451, 0.00071153)
(64501, 0.00070839)
(64551, 0.00076715)
(64601, 0.00077456)
(64651, 0.00078022)
(64701, 0.00067899)
(64751, 0.00073109)
(64801, 0.00074199)
(64851, 0.00072513)
(64901, 0.00072997)
(64951, 0.00073598)
(65001, 0.00073499)
(65051, 0.00069321)
(65101, 0.00065403)
(65151, 0.00078087)
(65201, 0.00075912)
(65251, 0.00066124)
(65301, 0.00076646)
(65351, 0.00075571)
(65401, 0.00071641)
(65451, 0.00074264)
(65501, 0.00086026)
(65551, 0.00075926)
(65601, 0.00070851)
(65651, 0.00076965)
(65701, 0.00070960)
(65751, 0.00072656)
(65801, 0.00068421)
(65851, 0.00072881)
(65901, 0.00069712)
(65951, 0.00078302)
(66001, 0.00075100)
(66051, 0.00077131)
(66101, 0.00069071)
(66151, 0.00067367)
(66201, 0.00071923)
(66251, 0.00075111)
(66301, 0.00078928)
(66351, 0.00076811)
(66401, 0.00071122)
(66451, 0.00075038)
(66501, 0.00071716)
(66551, 0.00071000)
(66601, 0.00077912)
(66651, 0.00077005)
(66701, 0.00076652)
(66751, 0.00075448)
(66801, 0.00070458)
(66851, 0.00079996)
(66901, 0.00067685)
(66951, 0.00079767)
(67001, 0.00066966)
(67051, 0.00077269)
(67101, 0.00076915)
(67151, 0.00074608)
(67201, 0.00070077)
(67251, 0.00074595)
(67301, 0.00067109)
(67351, 0.00071540)
(67401, 0.00075533)
(67451, 0.00073375)
(67501, 0.00069571)
(67551, 0.00073611)
(67601, 0.00065299)
(67651, 0.00068416)
(67701, 0.00073173)
(67751, 0.00073927)
(67801, 0.00071710)
(67851, 0.00067918)
(67901, 0.00076866)
(67951, 0.00071565)
(68001, 0.00068110)
(68051, 0.00071893)
(68101, 0.00071891)
(68151, 0.00072683)
(68201, 0.00067914)
(68251, 0.00066876)
(68301, 0.00080427)
(68351, 0.00076793)
(68401, 0.00072827)
(68451, 0.00074380)
(68501, 0.00071311)
(68551, 0.00079202)
(68601, 0.00076900)
(68651, 0.00069757)
(68701, 0.00074588)
(68751, 0.00075578)
(68801, 0.00073467)
(68851, 0.00082367)
(68901, 0.00074293)
(68951, 0.00069944)
(69001, 0.00074489)
(69051, 0.00074994)
(69101, 0.00077743)
(69151, 0.00073396)
(69201, 0.00073248)
(69251, 0.00069143)
(69301, 0.00076206)
(69351, 0.00070885)
(69401, 0.00079067)
(69451, 0.00081009)
(69501, 0.00074503)
(69551, 0.00073845)
(69601, 0.00071428)
(69651, 0.00068222)
(69701, 0.00074801)
(69751, 0.00069788)
(69801, 0.00070678)
(69851, 0.00082789)
(69901, 0.00070888)
(69951, 0.00078355)
(70001, 0.00071017)
(70051, 0.00076834)
(70101, 0.00067770)
(70151, 0.00070001)
(70201, 0.00070269)
(70251, 0.00070149)
(70301, 0.00069379)
(70351, 0.00075637)
(70401, 0.00084036)
(70451, 0.00073228)
(70501, 0.00077873)
(70551, 0.00072961)
(70601, 0.00071903)
(70651, 0.00075318)
(70701, 0.00069887)
(70751, 0.00067334)
(70801, 0.00076453)
(70851, 0.00074150)
(70901, 0.00084214)
(70951, 0.00079459)
(71001, 0.00073224)
(71051, 0.00068287)
(71101, 0.00073350)
(71151, 0.00073105)
(71201, 0.00078891)
(71251, 0.00067237)
(71301, 0.00067525)
(71351, 0.00070657)
(71401, 0.00072915)
(71451, 0.00068730)
(71501, 0.00067783)
(71551, 0.00079026)
(71601, 0.00069946)
(71651, 0.00081127)
(71701, 0.00074384)
(71751, 0.00070263)
(71801, 0.00072183)
(71851, 0.00071005)
(71901, 0.00068822)
(71951, 0.00067701)
(72001, 0.00070357)
(72051, 0.00071264)
(72101, 0.00076938)
(72151, 0.00068664)
(72201, 0.00070020)
(72251, 0.00076883)
(72301, 0.00073598)
(72351, 0.00067214)
(72401, 0.00069814)
(72451, 0.00072195)
(72501, 0.00076038)
(72551, 0.00069370)
(72601, 0.00067978)
(72651, 0.00074845)
(72701, 0.00071190)
(72751, 0.00076444)
(72801, 0.00072370)
(72851, 0.00071177)
(72901, 0.00072964)
(72951, 0.00072545)
(73001, 0.00071803)
(73051, 0.00071169)
(73101, 0.00067864)
(73151, 0.00073283)
(73201, 0.00068924)
(73251, 0.00076294)
(73301, 0.00075590)
(73351, 0.00069087)
(73401, 0.00069301)
(73451, 0.00065648)
(73501, 0.00078274)
(73551, 0.00070144)
(73601, 0.00070711)
(73651, 0.00077670)
(73701, 0.00077878)
(73751, 0.00066410)
(73801, 0.00063453)
(73851, 0.00074050)
(73901, 0.00071712)
(73951, 0.00070675)
(74001, 0.00072947)
(74051, 0.00078528)
(74101, 0.00071814)
(74151, 0.00072427)
(74201, 0.00068555)
(74251, 0.00074076)
(74301, 0.00067909)
(74351, 0.00072461)
(74401, 0.00076313)
(74451, 0.00071843)
(74501, 0.00078204)
(74551, 0.00076477)
(74601, 0.00076781)
(74651, 0.00074364)
(74701, 0.00066350)
(74751, 0.00071007)
(74801, 0.00074730)
(74851, 0.00072992)
(74901, 0.00067977)
(74951, 0.00067815)
(75001, 0.00077284)
(75051, 0.00065122)
(75101, 0.00076235)
(75151, 0.00070460)
(75201, 0.00076048)
(75251, 0.00074215)
(75301, 0.00067026)
(75351, 0.00068365)
(75401, 0.00072417)
(75451, 0.00070402)
(75501, 0.00068268)
(75551, 0.00069522)
(75601, 0.00076405)
(75651, 0.00070316)
(75701, 0.00072618)
(75751, 0.00070624)
(75801, 0.00070049)
(75851, 0.00067184)
(75901, 0.00075608)
(75951, 0.00072496)
(76001, 0.00069330)
(76051, 0.00069849)
(76101, 0.00070419)
(76151, 0.00071694)
(76201, 0.00079101)
(76251, 0.00069180)
(76301, 0.00074101)
(76351, 0.00068286)
(76401, 0.00078932)
(76451, 0.00074360)
(76501, 0.00071853)
(76551, 0.00066080)
(76601, 0.00074304)
(76651, 0.00070278)
(76701, 0.00072589)
(76751, 0.00074047)
(76801, 0.00069633)
(76851, 0.00070245)
(76901, 0.00071006)
(76951, 0.00072059)
(77001, 0.00070712)
(77051, 0.00067960)
(77101, 0.00076030)
(77151, 0.00069487)
(77201, 0.00077862)
(77251, 0.00070450)
(77301, 0.00067276)
(77351, 0.00070180)
(77401, 0.00080760)
(77451, 0.00075442)
(77501, 0.00071242)
(77551, 0.00070687)
(77601, 0.00073669)
(77651, 0.00071173)
(77701, 0.00074513)
(77751, 0.00075401)
(77801, 0.00068528)
(77851, 0.00078246)
(77901, 0.00077305)
(77951, 0.00073954)
(78001, 0.00075493)
(78051, 0.00071210)
(78101, 0.00070796)
(78151, 0.00073615)
(78201, 0.00073982)
(78251, 0.00075580)
(78301, 0.00076157)
(78351, 0.00071463)
(78401, 0.00071279)
(78451, 0.00075572)
(78501, 0.00063909)
(78551, 0.00074216)
(78601, 0.00073559)
(78651, 0.00066302)
(78701, 0.00080986)
(78751, 0.00072720)
(78801, 0.00074763)
(78851, 0.00081003)
(78901, 0.00076432)
(78951, 0.00068300)
(79001, 0.00074151)
(79051, 0.00072887)
(79101, 0.00067648)
(79151, 0.00069240)
(79201, 0.00079217)
(79251, 0.00081269)
(79301, 0.00073465)
(79351, 0.00070775)
(79401, 0.00070451)
(79451, 0.00071504)
(79501, 0.00066621)
(79551, 0.00065526)
(79601, 0.00071150)
(79651, 0.00065044)
(79701, 0.00065056)
(79751, 0.00069569)
(79801, 0.00067687)
(79851, 0.00065690)
(79901, 0.00073567)
(79951, 0.00069745)
(80001, 0.00073292)
(80051, 0.00074366)
(80101, 0.00072807)
(80151, 0.00069856)
(80201, 0.00072232)
(80251, 0.00073661)
(80301, 0.00068379)
(80351, 0.00072313)
(80401, 0.00076998)
(80451, 0.00070649)
(80501, 0.00068597)
(80551, 0.00077908)
(80601, 0.00070185)
(80651, 0.00071398)
(80701, 0.00069221)
(80751, 0.00070271)
(80801, 0.00074250)
(80851, 0.00074011)
(80901, 0.00073306)
(80951, 0.00075232)
(81001, 0.00075419)
(81051, 0.00075991)
(81101, 0.00071065)
(81151, 0.00071295)
(81201, 0.00075444)
(81251, 0.00073306)
(81301, 0.00076377)
(81351, 0.00078117)
(81401, 0.00066568)
(81451, 0.00075276)
(81501, 0.00078280)
(81551, 0.00074574)
(81601, 0.00071109)
(81651, 0.00077949)
(81701, 0.00079790)
(81751, 0.00080185)
(81801, 0.00069280)
(81851, 0.00073079)
(81901, 0.00076671)
(81951, 0.00072168)
(82001, 0.00069457)
(82051, 0.00076189)
(82101, 0.00073797)
(82151, 0.00068985)
(82201, 0.00066202)
(82251, 0.00068034)
(82301, 0.00071746)
(82351, 0.00073949)
(82401, 0.00072006)
(82451, 0.00067279)
(82501, 0.00069225)
(82551, 0.00068417)
(82601, 0.00067787)
(82651, 0.00070914)
(82701, 0.00066611)
(82751, 0.00075559)
(82801, 0.00068587)
(82851, 0.00076209)
(82901, 0.00071375)
(82951, 0.00072268)
(83001, 0.00083847)
(83051, 0.00070507)
(83101, 0.00072252)
(83151, 0.00071405)
(83201, 0.00064807)
(83251, 0.00069858)
(83301, 0.00079744)
(83351, 0.00074210)
(83401, 0.00075638)
(83451, 0.00073276)
(83501, 0.00069291)
(83551, 0.00082210)
(83601, 0.00068939)
(83651, 0.00073069)
(83701, 0.00071868)
(83751, 0.00071842)
(83801, 0.00077812)
(83851, 0.00072327)
(83901, 0.00070964)
(83951, 0.00077541)
(84001, 0.00067476)
(84051, 0.00071274)
(84101, 0.00077548)
(84151, 0.00072522)
(84201, 0.00072645)
(84251, 0.00072643)
(84301, 0.00078765)
(84351, 0.00070175)
(84401, 0.00070122)
(84451, 0.00076039)
(84501, 0.00072932)
(84551, 0.00071264)
(84601, 0.00077804)
(84651, 0.00072803)
(84701, 0.00074694)
(84751, 0.00068720)
(84801, 0.00073860)
(84851, 0.00077597)
(84901, 0.00069666)
(84951, 0.00073297)
(85001, 0.00067063)
(85051, 0.00071812)
(85101, 0.00071187)
(85151, 0.00067884)
(85201, 0.00079208)
(85251, 0.00071912)
(85301, 0.00078652)
(85351, 0.00083177)
(85401, 0.00076742)
(85451, 0.00076737)
(85501, 0.00071087)
(85551, 0.00072373)
(85601, 0.00074530)
(85651, 0.00075047)
(85701, 0.00075959)
(85751, 0.00073585)
(85801, 0.00064860)
(85851, 0.00068441)
(85901, 0.00065599)
(85951, 0.00073299)
(86001, 0.00072089)
(86051, 0.00071267)
(86101, 0.00072872)
(86151, 0.00069679)
(86201, 0.00071478)
(86251, 0.00079548)
(86301, 0.00066088)
(86351, 0.00071954)
(86401, 0.00075388)
(86451, 0.00067190)
(86501, 0.00067200)
(86551, 0.00072426)
(86601, 0.00072379)
(86651, 0.00069318)
(86701, 0.00068316)
(86751, 0.00078049)
(86801, 0.00066814)
(86851, 0.00074202)
(86901, 0.00068974)
(86951, 0.00071424)
(87001, 0.00073043)
(87051, 0.00074996)
(87101, 0.00071517)
(87151, 0.00079542)
(87201, 0.00074310)
(87251, 0.00076307)
(87301, 0.00069205)
(87351, 0.00072806)
(87401, 0.00073959)
(87451, 0.00072281)
(87501, 0.00070833)
(87551, 0.00075589)
(87601, 0.00068083)
(87651, 0.00066172)
(87701, 0.00067510)
(87751, 0.00074606)
(87801, 0.00070836)
(87851, 0.00069454)
(87901, 0.00075663)
(87951, 0.00072411)
(88001, 0.00070680)
(88051, 0.00076221)
(88101, 0.00074786)
(88151, 0.00074018)
(88201, 0.00076096)
(88251, 0.00073591)
(88301, 0.00075443)
(88351, 0.00074861)
(88401, 0.00075369)
(88451, 0.00071255)
(88501, 0.00070928)
(88551, 0.00069774)
(88601, 0.00076216)
(88651, 0.00077031)
(88701, 0.00072119)
(88751, 0.00075736)
(88801, 0.00068502)
(88851, 0.00071099)
(88901, 0.00071717)
(88951, 0.00071878)
(89001, 0.00071728)
(89051, 0.00071535)
(89101, 0.00074649)
(89151, 0.00065207)
(89201, 0.00073712)
(89251, 0.00071535)
(89301, 0.00070990)
(89351, 0.00077349)
(89401, 0.00073941)
(89451, 0.00071129)
(89501, 0.00074813)
(89551, 0.00075908)
(89601, 0.00074291)
(89651, 0.00073316)
(89701, 0.00072156)
(89751, 0.00072587)
(89801, 0.00065619)
(89851, 0.00067197)
(89901, 0.00074404)
(89951, 0.00077499)
(90001, 0.00074592)
(90051, 0.00068812)
(90101, 0.00074448)
(90151, 0.00071839)
(90201, 0.00071579)
(90251, 0.00074553)
(90301, 0.00075544)
(90351, 0.00074719)
(90401, 0.00074594)
(90451, 0.00074043)
(90501, 0.00071392)
(90551, 0.00073418)
(90601, 0.00077795)
(90651, 0.00072009)
(90701, 0.00069469)
(90751, 0.00067863)
(90801, 0.00075494)
(90851, 0.00066595)
(90901, 0.00073109)
(90951, 0.00068232)
(91001, 0.00069645)
(91051, 0.00073058)
(91101, 0.00067688)
(91151, 0.00073665)
(91201, 0.00074633)
(91251, 0.00073440)
(91301, 0.00073380)
(91351, 0.00081012)
(91401, 0.00084386)
(91451, 0.00071682)
(91501, 0.00078230)
(91551, 0.00069655)
(91601, 0.00076025)
(91651, 0.00067479)
(91701, 0.00074530)
(91751, 0.00071634)
(91801, 0.00069917)
(91851, 0.00078234)
(91901, 0.00075316)
(91951, 0.00072952)
(92001, 0.00070909)
(92051, 0.00081988)
(92101, 0.00072294)
(92151, 0.00071583)
(92201, 0.00076847)
(92251, 0.00077038)
(92301, 0.00071550)
(92351, 0.00069708)
(92401, 0.00062240)
(92451, 0.00074005)
(92501, 0.00076247)
(92551, 0.00079023)
(92601, 0.00075880)
(92651, 0.00072502)
(92701, 0.00066558)
(92751, 0.00074777)
(92801, 0.00079361)
(92851, 0.00070482)
(92901, 0.00070945)
(92951, 0.00069113)
(93001, 0.00068617)
(93051, 0.00070818)
(93101, 0.00066819)
(93151, 0.00068345)
(93201, 0.00070451)
(93251, 0.00075829)
(93301, 0.00066366)
(93351, 0.00075085)
(93401, 0.00068550)
(93451, 0.00068734)
(93501, 0.00074033)
(93551, 0.00071268)
(93601, 0.00066486)
(93651, 0.00072713)
(93701, 0.00071176)
(93751, 0.00075884)
(93801, 0.00067786)
(93851, 0.00074172)
(93901, 0.00082027)
(93951, 0.00071708)
(94001, 0.00074391)
(94051, 0.00072303)
(94101, 0.00072222)
(94151, 0.00076077)
(94201, 0.00069397)
(94251, 0.00067198)
(94301, 0.00081647)
(94351, 0.00066273)
(94401, 0.00071801)
(94451, 0.00066899)
(94501, 0.00074006)
(94551, 0.00072713)
(94601, 0.00072118)
(94651, 0.00074520)
(94701, 0.00076789)
(94751, 0.00077603)
(94801, 0.00070828)
(94851, 0.00078389)
(94901, 0.00080879)
(94951, 0.00070567)
(95001, 0.00069775)
(95051, 0.00069396)
(95101, 0.00072265)
(95151, 0.00074592)
(95201, 0.00073744)
(95251, 0.00072713)
(95301, 0.00071933)
(95351, 0.00072626)
(95401, 0.00071896)
(95451, 0.00075158)
(95501, 0.00071293)
(95551, 0.00076122)
(95601, 0.00074637)
(95651, 0.00071260)
(95701, 0.00072146)
(95751, 0.00083728)
(95801, 0.00075144)
(95851, 0.00077425)
(95901, 0.00073773)
(95951, 0.00072856)
(96001, 0.00069799)
(96051, 0.00075233)
(96101, 0.00074842)
(96151, 0.00074821)
(96201, 0.00075935)
(96251, 0.00076607)
(96301, 0.00073889)
(96351, 0.00071225)
(96401, 0.00073504)
(96451, 0.00073612)
(96501, 0.00072583)
(96551, 0.00078107)
(96601, 0.00075139)
(96651, 0.00069445)
(96701, 0.00070647)
(96751, 0.00064888)
(96801, 0.00064941)
(96851, 0.00068144)
(96901, 0.00070924)
(96951, 0.00074942)
(97001, 0.00073244)
(97051, 0.00069916)
(97101, 0.00076274)
(97151, 0.00073340)
(97201, 0.00076511)
(97251, 0.00076831)
(97301, 0.00068540)
(97351, 0.00073880)
(97401, 0.00074261)
(97451, 0.00068601)
(97501, 0.00073938)
(97551, 0.00075754)
(97601, 0.00079240)
(97651, 0.00071675)
(97701, 0.00074615)
(97751, 0.00073736)
(97801, 0.00069440)
(97851, 0.00075520)
(97901, 0.00065361)
(97951, 0.00072841)
(98001, 0.00072907)
(98051, 0.00071368)
(98101, 0.00067827)
(98151, 0.00071659)
(98201, 0.00075129)
(98251, 0.00072938)
(98301, 0.00070053)
(98351, 0.00071883)
(98401, 0.00068874)
(98451, 0.00072567)
(98501, 0.00081962)
(98551, 0.00071638)
(98601, 0.00068830)
(98651, 0.00067633)
(98701, 0.00078362)
(98751, 0.00076812)
(98801, 0.00077060)
(98851, 0.00076275)
(98901, 0.00071237)
(98951, 0.00072074)
(99001, 0.00068989)
(99051, 0.00072289)
(99101, 0.00071258)
(99151, 0.00078209)
(99201, 0.00076280)
(99251, 0.00073295)
(99301, 0.00067422)
(99351, 0.00080547)
(99401, 0.00074356)
(99451, 0.00077434)
(99501, 0.00075343)
(99551, 0.00071452)
(99601, 0.00073122)
(99651, 0.00066456)
(99701, 0.00067827)
(99751, 0.00070893)
(99801, 0.00076569)
(99851, 0.00079107)
(99901, 0.00068873)
(99951, 0.00072013)
(100001, 0.00068225)
(100051, 0.00082635)
(100101, 0.00073391)
(100151, 0.00073165)
(100201, 0.00070773)
(100251, 0.00071875)
(100301, 0.00073321)
(100351, 0.00073783)
(100401, 0.00072490)
(100451, 0.00077927)
(100501, 0.00069382)
(100551, 0.00076098)
(100601, 0.00070903)
(100651, 0.00069874)
(100701, 0.00070033)
(100751, 0.00076234)
(100801, 0.00068458)
(100851, 0.00079058)
(100901, 0.00072805)
(100951, 0.00077740)
(101001, 0.00077220)
(101051, 0.00071262)
(101101, 0.00078571)
(101151, 0.00070938)
(101201, 0.00075888)
(101251, 0.00077439)
(101301, 0.00073506)
(101351, 0.00075789)
(101401, 0.00078119)
(101451, 0.00070130)
(101501, 0.00075373)
(101551, 0.00068038)
(101601, 0.00069381)
(101651, 0.00074317)
(101701, 0.00075914)
(101751, 0.00067129)
(101801, 0.00077590)
(101851, 0.00075833)
(101901, 0.00068664)
(101951, 0.00080521)
(102001, 0.00074863)
(102051, 0.00073153)
(102101, 0.00075126)
(102151, 0.00078974)
(102201, 0.00068897)
(102251, 0.00074830)
(102301, 0.00069869)
(102351, 0.00078598)
(102401, 0.00069201)
(102451, 0.00077925)
(102501, 0.00070308)
(102551, 0.00068739)
(102601, 0.00070356)
(102651, 0.00069617)
(102701, 0.00070210)
(102751, 0.00069134)
(102801, 0.00070383)
(102851, 0.00074580)
(102901, 0.00074829)
(102951, 0.00076015)
(103001, 0.00074671)
(103051, 0.00075776)
(103101, 0.00072082)
(103151, 0.00070225)
(103201, 0.00068932)
(103251, 0.00069218)
(103301, 0.00070391)
(103351, 0.00077135)
(103401, 0.00073655)
(103451, 0.00069378)
(103501, 0.00071253)
(103551, 0.00071384)
(103601, 0.00075883)
(103651, 0.00072662)
(103701, 0.00077251)
(103751, 0.00071438)
(103801, 0.00079157)
(103851, 0.00077257)
(103901, 0.00073042)
(103951, 0.00077138)
(104001, 0.00074672)
(104051, 0.00069888)
(104101, 0.00068862)
(104151, 0.00069668)
(104201, 0.00069247)
(104251, 0.00073871)
(104301, 0.00066718)
(104351, 0.00072706)
(104401, 0.00072840)
(104451, 0.00069707)
(104501, 0.00071087)
(104551, 0.00071791)
(104601, 0.00070736)
(104651, 0.00076732)
(104701, 0.00071208)
(104751, 0.00072211)
(104801, 0.00072036)
(104851, 0.00076730)
(104901, 0.00073249)
(104951, 0.00072633)
(105001, 0.00072120)
(105051, 0.00077726)
(105101, 0.00072218)
(105151, 0.00072831)
(105201, 0.00066250)
(105251, 0.00071549)
(105301, 0.00075222)
(105351, 0.00070090)
(105401, 0.00073505)
(105451, 0.00074431)
(105501, 0.00075383)
(105551, 0.00070685)
(105601, 0.00073604)
(105651, 0.00079422)
(105701, 0.00070982)
(105751, 0.00078368)
(105801, 0.00075219)
(105851, 0.00069632)
(105901, 0.00069711)
(105951, 0.00074812)
(106001, 0.00072057)
(106051, 0.00074390)
(106101, 0.00068546)
(106151, 0.00084412)
(106201, 0.00071699)
(106251, 0.00078965)
(106301, 0.00070258)
(106351, 0.00068705)
(106401, 0.00070565)
(106451, 0.00074086)
(106501, 0.00071092)
(106551, 0.00068286)
(106601, 0.00071743)
(106651, 0.00071525)
(106701, 0.00069331)
(106751, 0.00071873)
(106801, 0.00071284)
(106851, 0.00066945)
(106901, 0.00068703)
(106951, 0.00071226)
(107001, 0.00074047)
(107051, 0.00067061)
(107101, 0.00071495)
(107151, 0.00072736)
(107201, 0.00069337)
(107251, 0.00067857)
(107301, 0.00075060)
(107351, 0.00070428)
(107401, 0.00076134)
(107451, 0.00065851)
(107501, 0.00076100)
(107551, 0.00070607)
(107601, 0.00075550)
(107651, 0.00066732)
(107701, 0.00073411)
(107751, 0.00070204)
(107801, 0.00081376)
(107851, 0.00067778)
(107901, 0.00069051)
(107951, 0.00073248)
(108001, 0.00073292)
(108051, 0.00069213)
(108101, 0.00074833)
(108151, 0.00070221)
(108201, 0.00070666)
(108251, 0.00071265)
(108301, 0.00074353)
(108351, 0.00077308)
(108401, 0.00073966)
(108451, 0.00068217)
(108501, 0.00076024)
(108551, 0.00073999)
(108601, 0.00068870)
(108651, 0.00074065)
(108701, 0.00077789)
(108751, 0.00075201)
(108801, 0.00075168)
(108851, 0.00068162)
(108901, 0.00071152)
(108951, 0.00069180)
(109001, 0.00071861)
(109051, 0.00070987)
(109101, 0.00073818)
(109151, 0.00070018)
(109201, 0.00069824)
(109251, 0.00069438)
(109301, 0.00071841)
(109351, 0.00080774)
(109401, 0.00069218)
(109451, 0.00070513)
(109501, 0.00075094)
(109551, 0.00080442)
(109601, 0.00071798)
(109651, 0.00075539)
(109701, 0.00078297)
(109751, 0.00072609)
(109801, 0.00076745)
(109851, 0.00073628)
(109901, 0.00069991)
(109951, 0.00074486)
(110001, 0.00068516)
(110051, 0.00075472)
(110101, 0.00068781)
(110151, 0.00079058)
(110201, 0.00069417)
(110251, 0.00073004)
(110301, 0.00078454)
(110351, 0.00076203)
(110401, 0.00070592)
(110451, 0.00071901)
(110501, 0.00068428)
(110551, 0.00074459)
(110601, 0.00069505)
(110651, 0.00071875)
(110701, 0.00072435)
(110751, 0.00073252)
(110801, 0.00070400)
(110851, 0.00070370)
(110901, 0.00066941)
(110951, 0.00071030)
(111001, 0.00073749)
(111051, 0.00067533)
(111101, 0.00072336)
(111151, 0.00069512)
(111201, 0.00075030)
(111251, 0.00068943)
(111301, 0.00072536)
(111351, 0.00071323)
(111401, 0.00068677)
(111451, 0.00075353)
(111501, 0.00069527)
(111551, 0.00069739)
(111601, 0.00081607)
(111651, 0.00080405)
(111701, 0.00075030)
(111751, 0.00073089)
(111801, 0.00072408)
(111851, 0.00074159)
(111901, 0.00073349)
(111951, 0.00075082)
(112001, 0.00076978)
(112051, 0.00075984)
(112101, 0.00070099)
(112151, 0.00074230)
(112201, 0.00074075)
(112251, 0.00076467)
(112301, 0.00075377)
(112351, 0.00068043)
(112401, 0.00069503)
(112451, 0.00074834)
(112501, 0.00069700)
(112551, 0.00071431)
(112601, 0.00073523)
(112651, 0.00077927)
(112701, 0.00074995)
(112751, 0.00071119)
(112801, 0.00072476)
(112851, 0.00067178)
(112901, 0.00071213)
(112951, 0.00076039)
(113001, 0.00072225)
(113051, 0.00076522)
(113101, 0.00071658)
(113151, 0.00071087)
(113201, 0.00075584)
(113251, 0.00077798)
(113301, 0.00069030)
(113351, 0.00069267)
(113401, 0.00071798)
(113451, 0.00083292)
(113501, 0.00074310)
(113551, 0.00072402)
(113601, 0.00079860)
(113651, 0.00069991)
(113701, 0.00073241)
(113751, 0.00072515)
(113801, 0.00073534)
(113851, 0.00074593)
(113901, 0.00068676)
(113951, 0.00081848)
(114001, 0.00074748)
(114051, 0.00077572)
(114101, 0.00068583)
(114151, 0.00077005)
(114201, 0.00071069)
(114251, 0.00065974)
(114301, 0.00067823)
(114351, 0.00080744)
(114401, 0.00072320)
(114451, 0.00068473)
(114501, 0.00074884)
(114551, 0.00073623)
(114601, 0.00078251)
(114651, 0.00076777)
(114701, 0.00073132)
(114751, 0.00076610)
(114801, 0.00069586)
(114851, 0.00071501)
(114901, 0.00077557)
(114951, 0.00069466)
(115001, 0.00070911)
(115051, 0.00067084)
(115101, 0.00079116)
(115151, 0.00068372)
(115201, 0.00076866)
(115251, 0.00074125)
(115301, 0.00072847)
(115351, 0.00066912)
(115401, 0.00075972)
(115451, 0.00077639)
(115501, 0.00067680)
(115551, 0.00069675)
(115601, 0.00072543)
(115651, 0.00075823)
(115701, 0.00074642)
(115751, 0.00074868)
(115801, 0.00073597)
(115851, 0.00071394)
(115901, 0.00073087)
(115951, 0.00074716)
(116001, 0.00068796)
(116051, 0.00070586)
(116101, 0.00072779)
(116151, 0.00068003)
(116201, 0.00076101)
(116251, 0.00075311)
(116301, 0.00069237)
(116351, 0.00074059)
(116401, 0.00072260)
(116451, 0.00078274)
(116501, 0.00074818)
(116551, 0.00074010)
(116601, 0.00070723)
(116651, 0.00075206)
(116701, 0.00075372)
(116751, 0.00073328)
(116801, 0.00076497)
(116851, 0.00074840)
(116901, 0.00072244)
(116951, 0.00067952)
(117001, 0.00079636)
(117051, 0.00068015)
(117101, 0.00074905)
(117151, 0.00071884)
(117201, 0.00072773)
(117251, 0.00080939)
(117301, 0.00064339)
(117351, 0.00074219)
(117401, 0.00076851)
(117451, 0.00064549)
(117501, 0.00076590)
(117551, 0.00073931)
(117601, 0.00073133)
(117651, 0.00071581)
(117701, 0.00077698)
(117751, 0.00074826)
(117801, 0.00070383)
(117851, 0.00071658)
(117901, 0.00076038)
(117951, 0.00076293)
(118001, 0.00081464)
(118051, 0.00072717)
(118101, 0.00069011)
(118151, 0.00074745)
(118201, 0.00076892)
(118251, 0.00072888)
(118301, 0.00070931)
(118351, 0.00081234)
(118401, 0.00075071)
(118451, 0.00070519)
(118501, 0.00070020)
(118551, 0.00066597)
(118601, 0.00074957)
(118651, 0.00072390)
(118701, 0.00075433)
(118751, 0.00072591)
(118801, 0.00076322)
(118851, 0.00076836)
(118901, 0.00066576)
(118951, 0.00077317)
(119001, 0.00068004)
(119051, 0.00065923)
(119101, 0.00072455)
(119151, 0.00070377)
(119201, 0.00068061)
(119251, 0.00074366)
(119301, 0.00072947)
(119351, 0.00074845)
(119401, 0.00072949)
(119451, 0.00072779)
(119501, 0.00066645)
(119551, 0.00073178)
(119601, 0.00070114)
(119651, 0.00068545)
(119701, 0.00072310)
(119751, 0.00073167)
(119801, 0.00066227)
(119851, 0.00075160)
(119901, 0.00072976)
(119951, 0.00067992)
(120001, 0.00071592)
(120051, 0.00070774)
(120101, 0.00072592)
(120151, 0.00068001)
(120201, 0.00072582)
(120251, 0.00067793)
(120301, 0.00075055)
(120351, 0.00071715)
(120401, 0.00073989)
(120451, 0.00073174)
(120501, 0.00077159)
(120551, 0.00077500)
(120601, 0.00075286)
(120651, 0.00076514)
(120701, 0.00073844)
(120751, 0.00075097)
(120801, 0.00077152)
(120851, 0.00071340)
(120901, 0.00073679)
(120951, 0.00078580)
(121001, 0.00072409)
(121051, 0.00074381)
(121101, 0.00071066)
(121151, 0.00072186)
(121201, 0.00069106)
(121251, 0.00069567)
(121301, 0.00067235)
(121351, 0.00073299)
(121401, 0.00070982)
(121451, 0.00070033)
(121501, 0.00067726)
(121551, 0.00074472)
(121601, 0.00076631)
(121651, 0.00078269)
(121701, 0.00074813)
(121751, 0.00073232)
(121801, 0.00075357)
(121851, 0.00069161)
(121901, 0.00069874)
(121951, 0.00074300)
(122001, 0.00076058)
(122051, 0.00072335)
(122101, 0.00072467)
(122151, 0.00076416)
(122201, 0.00076336)
(122251, 0.00073522)
(122301, 0.00070238)
(122351, 0.00067810)
(122401, 0.00075195)
(122451, 0.00073314)
(122501, 0.00076848)
(122551, 0.00067847)
(122601, 0.00075552)
(122651, 0.00077178)
(122701, 0.00069746)
(122751, 0.00074795)
(122801, 0.00072217)
(122851, 0.00075181)
(122901, 0.00074832)
(122951, 0.00068312)
(123001, 0.00078058)
(123051, 0.00071711)
(123101, 0.00073242)
(123151, 0.00068357)
(123201, 0.00072999)
(123251, 0.00071921)
(123301, 0.00072693)
(123351, 0.00069544)
(123401, 0.00070309)
(123451, 0.00068929)
(123501, 0.00070407)
(123551, 0.00074845)
(123601, 0.00071881)
(123651, 0.00069381)
(123701, 0.00072414)
(123751, 0.00070255)
(123801, 0.00069105)
(123851, 0.00077213)
(123901, 0.00072906)
(123951, 0.00067878)
(124001, 0.00072122)
(124051, 0.00070928)
(124101, 0.00076668)
(124151, 0.00078857)
(124201, 0.00071115)
(124251, 0.00071751)
(124301, 0.00071648)
(124351, 0.00069051)
(124401, 0.00080448)
(124451, 0.00073482)
(124501, 0.00075244)
(124551, 0.00074361)
(124601, 0.00067135)
(124651, 0.00078671)
(124701, 0.00079884)
(124751, 0.00070942)
(124801, 0.00066106)
(124851, 0.00073986)
(124901, 0.00077028)
(124951, 0.00069837)
