(1, 0.69543225)
(51, 0.15728302)
(101, 0.14497319)
(151, 0.13022741)
(201, 0.11985791)
(251, 0.12971125)
(301, 0.12769455)
(351, 0.12296769)
(401, 0.11292389)
(451, 0.11326795)
(501, 0.11177653)
(551, 0.11377731)
(601, 0.11198457)
(651, 0.09806345)
(701, 0.10658425)
(751, 0.10327269)
(801, 0.10225890)
(851, 0.09123868)
(901, 0.10185323)
(951, 0.09087623)
(1001, 0.11056659)
(1051, 0.10124146)
(1101, 0.10923381)
(1151, 0.10334630)
(1201, 0.09394494)
(1251, 0.09366741)
(1301, 0.09746183)
(1351, 0.09508513)
(1401, 0.10006668)
(1451, 0.10265758)
(1501, 0.09447820)
(1551, 0.09180497)
(1601, 0.09192135)
(1651, 0.09899342)
(1701, 0.09986776)
(1751, 0.09550284)
(1801, 0.10645905)
(1851, 0.08732726)
(1901, 0.09901108)
(1951, 0.09021738)
(2001, 0.09081979)
(2051, 0.09168565)
(2101, 0.09593811)
(2151, 0.08834574)
(2201, 0.09414197)
(2251, 0.09170088)
(2301, 0.09225592)
(2351, 0.08904931)
(2401, 0.09268283)
(2451, 0.10117332)
(2501, 0.08637191)
(2551, 0.08854484)
(2601, 0.08746579)
(2651, 0.09163306)
(2701, 0.09870897)
(2751, 0.09403758)
(2801, 0.08207794)
(2851, 0.09015533)
(2901, 0.09729660)
(2951, 0.08241514)
(3001, 0.10138593)
(3051, 0.08871204)
(3101, 0.08860439)
(3151, 0.08448485)
(3201, 0.08242211)
(3251, 0.09610782)
(3301, 0.09002029)
(3351, 0.08302349)
(3401, 0.08919850)
(3451, 0.08531548)
(3501, 0.09089895)
(3551, 0.08667135)
(3601, 0.08364283)
(3651, 0.08062557)
(3701, 0.10465508)
(3751, 0.08719462)
(3801, 0.08343589)
(3851, 0.08851079)
(3901, 0.08227379)
(3951, 0.10023074)
(4001, 0.08177253)
(4051, 0.08303650)
(4101, 0.08305792)
(4151, 0.08891612)
(4201, 0.08782530)
(4251, 0.08647440)
(4301, 0.10775503)
(4351, 0.08620887)
(4401, 0.07975031)
(4451, 0.07698946)
(4501, 0.08729590)
(4551, 0.08080435)
(4601, 0.07993988)
(4651, 0.08617163)
(4701, 0.08173850)
(4751, 0.08267650)
(4801, 0.07828447)
(4851, 0.07670634)
(4901, 0.08628350)
(4951, 0.07863818)
(5001, 0.08357044)
(5051, 0.07593587)
(5101, 0.07967046)
(5151, 0.07904673)
(5201, 0.08968952)
(5251, 0.08327138)
(5301, 0.08182081)
(5351, 0.08847108)
(5401, 0.09428575)
(5451, 0.08987742)
(5501, 0.08739252)
(5551, 0.08359281)
(5601, 0.07616582)
(5651, 0.07789962)
(5701, 0.07731532)
(5751, 0.08748214)
(5801, 0.08389650)
(5851, 0.08384847)
(5901, 0.09343731)
(5951, 0.07665660)
(6001, 0.08433607)
(6051, 0.10032927)
(6101, 0.07992213)
(6151, 0.08542080)
(6201, 0.08455237)
(6251, 0.08586946)
(6301, 0.07862986)
(6351, 0.09088289)
(6401, 0.07956980)
(6451, 0.07190931)
(6501, 0.08911074)
(6551, 0.08828856)
(6601, 0.07934982)
(6651, 0.07606735)
(6701, 0.08266632)
(6751, 0.07276748)
(6801, 0.07757509)
(6851, 0.08472122)
(6901, 0.07410865)
(6951, 0.08324750)
(7001, 0.08796204)
(7051, 0.07750829)
(7101, 0.08269179)
(7151, 0.07999764)
(7201, 0.07838053)
(7251, 0.07809469)
(7301, 0.08064875)
(7351, 0.08154088)
(7401, 0.08861993)
(7451, 0.07941188)
(7501, 0.08040002)
(7551, 0.08035359)
(7601, 0.07759872)
(7651, 0.08475855)
(7701, 0.07448155)
(7751, 0.08129089)
(7801, 0.07207098)
(7851, 0.07906153)
(7901, 0.08271305)
(7951, 0.08040355)
(8001, 0.07947338)
(8051, 0.09103181)
(8101, 0.07292302)
(8151, 0.06913206)
(8201, 0.08662221)
(8251, 0.07814151)
(8301, 0.07412173)
(8351, 0.07049952)
(8401, 0.07294992)
(8451, 0.07317779)
(8501, 0.06908813)
(8551, 0.08228884)
(8601, 0.07152430)
(8651, 0.08655117)
(8701, 0.08225957)
(8751, 0.07549233)
(8801, 0.08542201)
(8851, 0.08084999)
(8901, 0.07465196)
(8951, 0.07827837)
(9001, 0.07305639)
(9051, 0.07674743)
(9101, 0.07923372)
(9151, 0.08101042)
(9201, 0.07374095)
(9251, 0.06756315)
(9301, 0.07869461)
(9351, 0.07554987)
(9401, 0.06927446)
(9451, 0.07728591)
(9501, 0.07751625)
(9551, 0.08786459)
(9601, 0.07438581)
(9651, 0.07378539)
(9701, 0.08627280)
(9751, 0.07546536)
(9801, 0.10181667)
(9851, 0.07651505)
(9901, 0.07911228)
(9951, 0.08032420)
(10001, 0.07511429)
(10051, 0.07358588)
(10101, 0.06636671)
(10151, 0.07782806)
(10201, 0.07011163)
(10251, 0.07448427)
(10301, 0.08077369)
(10351, 0.07998642)
(10401, 0.08677350)
(10451, 0.08755805)
(10501, 0.07740273)
(10551, 0.08048004)
(10601, 0.07763946)
(10651, 0.07429347)
(10701, 0.08224641)
(10751, 0.07416123)
(10801, 0.07481129)
(10851, 0.08249003)
(10901, 0.08187232)
(10951, 0.06766182)
(11001, 0.07740452)
(11051, 0.07173396)
(11101, 0.08026672)
(11151, 0.07222497)
(11201, 0.07469293)
(11251, 0.07904959)
(11301, 0.08052068)
(11351, 0.07269601)
(11401, 0.08055241)
(11451, 0.08033679)
(11501, 0.08841386)
(11551, 0.07530369)
(11601, 0.08411492)
(11651, 0.07420576)
(11701, 0.07923775)
(11751, 0.07507281)
(11801, 0.08388016)
(11851, 0.08046553)
(11901, 0.07812727)
(11951, 0.07076265)
(12001, 0.08109499)
(12051, 0.07556475)
(12101, 0.07231810)
(12151, 0.08013274)
(12201, 0.07929940)
(12251, 0.07385122)
(12301, 0.07733956)
(12351, 0.07249859)
(12401, 0.07779792)
(12451, 0.07872877)
(12501, 0.07236100)
(12551, 0.08210671)
(12601, 0.07240692)
(12651, 0.07380906)
(12701, 0.07011952)
(12751, 0.07143963)
(12801, 0.07248765)
(12851, 0.07515599)
(12901, 0.07414102)
(12951, 0.07445340)
(13001, 0.07651620)
(13051, 0.08076287)
(13101, 0.07933054)
(13151, 0.08383914)
(13201, 0.08841695)
(13251, 0.07590947)
(13301, 0.08075214)
(13351, 0.07661289)
(13401, 0.07638088)
(13451, 0.07061707)
(13501, 0.08275323)
(13551, 0.07199598)
(13601, 0.07915052)
(13651, 0.07159019)
(13701, 0.06815309)
(13751, 0.07704873)
(13801, 0.07507885)
(13851, 0.07194755)
(13901, 0.07658219)
(13951, 0.07194406)
(14001, 0.07967273)
(14051, 0.08004077)
(14101, 0.07990163)
(14151, 0.07687420)
(14201, 0.07129920)
(14251, 0.07349174)
(14301, 0.06469224)
(14351, 0.07486472)
(14401, 0.07583376)
(14451, 0.08330421)
(14501, 0.08639876)
(14551, 0.07802216)
(14601, 0.07444893)
(14651, 0.07123095)
(14701, 0.06892572)
(14751, 0.07205941)
(14801, 0.08270308)
(14851, 0.07098568)
(14901, 0.07303378)
(14951, 0.07280953)
(15001, 0.08026816)
(15051, 0.06650267)
(15101, 0.07241843)
(15151, 0.07768005)
(15201, 0.06401788)
(15251, 0.07340526)
(15301, 0.07079960)
(15351, 0.06675039)
(15401, 0.07842644)
(15451, 0.06398860)
(15501, 0.08211752)
(15551, 0.07297957)
(15601, 0.07297332)
(15651, 0.08569149)
(15701, 0.07756755)
(15751, 0.06572031)
(15801, 0.07468426)
(15851, 0.08431681)
(15901, 0.08204093)
(15951, 0.07502407)
(16001, 0.07251703)
(16051, 0.07296356)
(16101, 0.07147926)
(16151, 0.07429644)
(16201, 0.07950777)
(16251, 0.07802027)
(16301, 0.06738936)
(16351, 0.07813983)
(16401, 0.07682973)
(16451, 0.07138584)
(16501, 0.07275685)
(16551, 0.06944914)
(16601, 0.06674355)
(16651, 0.06256604)
(16701, 0.06772772)
(16751, 0.07912300)
(16801, 0.07123634)
(16851, 0.06937066)
(16901, 0.06714141)
(16951, 0.06754386)
(17001, 0.06942909)
(17051, 0.06661965)
(17101, 0.07787875)
(17151, 0.07218213)
(17201, 0.07235862)
(17251, 0.08209282)
(17301, 0.07343912)
(17351, 0.07230012)
(17401, 0.07423044)
(17451, 0.07519014)
(17501, 0.06801726)
(17551, 0.07284259)
(17601, 0.06899491)
(17651, 0.06375324)
(17701, 0.06870818)
(17751, 0.07635918)
(17801, 0.07263239)
(17851, 0.06296250)
(17901, 0.07685639)
(17951, 0.07253891)
(18001, 0.07564579)
(18051, 0.06941412)
(18101, 0.06959319)
(18151, 0.06992373)
(18201, 0.07492546)
(18251, 0.07670028)
(18301, 0.06502545)
(18351, 0.07171960)
(18401, 0.06848959)
(18451, 0.06742258)
(18501, 0.06451436)
(18551, 0.07463704)
(18601, 0.07788027)
(18651, 0.06738600)
(18701, 0.07132792)
(18751, 0.07161280)
(18801, 0.06390838)
(18851, 0.06928711)
(18901, 0.06794320)
(18951, 0.07574827)
(19001, 0.07017879)
(19051, 0.07016679)
(19101, 0.07038875)
(19151, 0.07350785)
(19201, 0.06808544)
(19251, 0.06739153)
(19301, 0.06979428)
(19351, 0.07231885)
(19401, 0.06631695)
(19451, 0.07004728)
(19501, 0.07231806)
(19551, 0.07268209)
(19601, 0.06644449)
(19651, 0.07244570)
(19701, 0.06630768)
(19751, 0.07291209)
(19801, 0.06615287)
(19851, 0.07151024)
(19901, 0.06009308)
(19951, 0.07686030)
(20001, 0.06933586)
(20051, 0.07513328)
(20101, 0.06965310)
(20151, 0.07815702)
(20201, 0.07037704)
(20251, 0.06273825)
(20301, 0.06562163)
(20351, 0.07215542)
(20401, 0.07033669)
(20451, 0.07286004)
(20501, 0.07275068)
(20551, 0.06613540)
(20601, 0.06722209)
(20651, 0.08088843)
(20701, 0.06814042)
(20751, 0.06607773)
(20801, 0.06989867)
(20851, 0.07099156)
(20901, 0.06804471)
(20951, 0.07763596)
(21001, 0.06485907)
(21051, 0.07378826)
(21101, 0.07007232)
(21151, 0.07283926)
(21201, 0.07590719)
(21251, 0.06656453)
(21301, 0.07840701)
(21351, 0.07123552)
(21401, 0.06594999)
(21451, 0.06708725)
(21501, 0.06687092)
(21551, 0.06891122)
(21601, 0.07521390)
(21651, 0.06724069)
(21701, 0.07951478)
(21751, 0.07336346)
(21801, 0.06327710)
(21851, 0.06916133)
(21901, 0.06656334)
(21951, 0.06944093)
(22001, 0.06943118)
(22051, 0.07082483)
(22101, 0.06123734)
(22151, 0.06059820)
(22201, 0.07567070)
(22251, 0.07540124)
(22301, 0.06172727)
(22351, 0.06682495)
(22401, 0.06527733)
(22451, 0.06925157)
(22501, 0.06544635)
(22551, 0.06637679)
(22601, 0.07220749)
(22651, 0.06780207)
(22701, 0.06822588)
(22751, 0.07124720)
(22801, 0.06096417)
(22851, 0.06293358)
(22901, 0.06808571)
(22951, 0.06953851)
(23001, 0.07441753)
(23051, 0.06855357)
(23101, 0.07338087)
(23151, 0.07330811)
(23201, 0.07529375)
(23251, 0.06566836)
(23301, 0.06777880)
(23351, 0.08247409)
(23401, 0.07226481)
(23451, 0.06839700)
(23501, 0.06272078)
(23551, 0.06888425)
(23601, 0.06349552)
(23651, 0.06809885)
(23701, 0.07282075)
(23751, 0.06287445)
(23801, 0.06365785)
(23851, 0.07038934)
(23901, 0.06558397)
(23951, 0.06338385)
(24001, 0.07418887)
(24051, 0.07071807)
(24101, 0.06868207)
(24151, 0.06776442)
(24201, 0.06771854)
(24251, 0.07750215)
(24301, 0.06270194)
(24351, 0.06645223)
(24401, 0.07075123)
(24451, 0.06556891)
(24501, 0.06809883)
(24551, 0.07049646)
(24601, 0.06887766)
(24651, 0.06537275)
(24701, 0.06960918)
(24751, 0.07009247)
(24801, 0.07361586)
(24851, 0.07564930)
(24901, 0.06882686)
(24951, 0.06961572)
(25001, 0.06445430)
(25051, 0.06268567)
(25101, 0.06293592)
(25151, 0.07141244)
(25201, 0.06367535)
(25251, 0.06960822)
(25301, 0.07375317)
(25351, 0.06355450)
(25401, 0.06534195)
(25451, 0.06832573)
(25501, 0.06426378)
(25551, 0.06610951)
(25601, 0.06784497)
(25651, 0.06483067)
(25701, 0.06410635)
(25751, 0.06391956)
(25801, 0.06853746)
(25851, 0.07121105)
(25901, 0.07282220)
(25951, 0.06524044)
(26001, 0.07023321)
(26051, 0.06240070)
(26101, 0.06767770)
(26151, 0.06271105)
(26201, 0.06104073)
(26251, 0.05807448)
(26301, 0.06667523)
(26351, 0.06372612)
(26401, 0.06014442)
(26451, 0.06846630)
(26501, 0.07024355)
(26551, 0.07060974)
(26601, 0.06634584)
(26651, 0.06836782)
(26701, 0.06921500)
(26751, 0.06359388)
(26801, 0.06603417)
(26851, 0.06420918)
(26901, 0.06682380)
(26951, 0.07169662)
(27001, 0.07333864)
(27051, 0.06606707)
(27101, 0.06548739)
(27151, 0.06454362)
(27201, 0.06577148)
(27251, 0.06058014)
(27301, 0.06751459)
(27351, 0.06842898)
(27401, 0.06626244)
(27451, 0.06641990)
(27501, 0.07568301)
(27551, 0.06480109)
(27601, 0.06788559)
(27651, 0.07536980)
(27701, 0.05936611)
(27751, 0.06582473)
(27801, 0.06456504)
(27851, 0.06893555)
(27901, 0.07486113)
(27951, 0.06749777)
(28001, 0.06585873)
(28051, 0.07205847)
(28101, 0.06741680)
(28151, 0.06798271)
(28201, 0.06740718)
(28251, 0.07139438)
(28301, 0.06784597)
(28351, 0.06422171)
(28401, 0.06810058)
(28451, 0.06918058)
(28501, 0.07129341)
(28551, 0.06985628)
(28601, 0.06616939)
(28651, 0.06062247)
(28701, 0.06160777)
(28751, 0.06149090)
(28801, 0.06685055)
(28851, 0.06822372)
(28901, 0.06098706)
(28951, 0.06948547)
(29001, 0.06226674)
(29051, 0.07784546)
(29101, 0.06842826)
(29151, 0.06116027)
(29201, 0.06321854)
(29251, 0.07358408)
(29301, 0.06653080)
(29351, 0.07142568)
(29401, 0.06618429)
(29451, 0.06770091)
(29501, 0.06720385)
(29551, 0.07097997)
(29601, 0.07539811)
(29651, 0.06963028)
(29701, 0.06447659)
(29751, 0.07251268)
(29801, 0.06451571)
(29851, 0.06577093)
(29901, 0.06251941)
(29951, 0.07205773)
(30001, 0.06529289)
(30051, 0.06838128)
(30101, 0.06536093)
(30151, 0.06235107)
(30201, 0.06664533)
(30251, 0.06490431)
(30301, 0.06365748)
(30351, 0.07301141)
(30401, 0.06441727)
(30451, 0.06159215)
(30501, 0.06302405)
(30551, 0.07304136)
(30601, 0.06196396)
(30651, 0.05825401)
(30701, 0.06575954)
(30751, 0.05956851)
(30801, 0.06263600)
(30851, 0.06222112)
(30901, 0.07352854)
(30951, 0.05686589)
(31001, 0.05986493)
(31051, 0.06236000)
(31101, 0.06849500)
(31151, 0.06544921)
(31201, 0.06492654)
(31251, 0.06612042)
(31301, 0.07685501)
(31351, 0.06625272)
(31401, 0.07453495)
(31451, 0.06875879)
(31501, 0.06192504)
(31551, 0.06596469)
(31601, 0.06350901)
(31651, 0.06211448)
(31701, 0.06750057)
(31751, 0.06369681)
(31801, 0.06470854)
(31851, 0.06091449)
(31901, 0.06575934)
(31951, 0.07145771)
(32001, 0.06436875)
(32051, 0.06608084)
(32101, 0.06976038)
(32151, 0.06935212)
(32201, 0.06528881)
(32251, 0.06526574)
(32301, 0.06179479)
(32351, 0.06264245)
(32401, 0.07271540)
(32451, 0.07014601)
(32501, 0.06295995)
(32551, 0.07066121)
(32601, 0.06165364)
(32651, 0.05960123)
(32701, 0.06854992)
(32751, 0.05896394)
(32801, 0.06586523)
(32851, 0.06582978)
(32901, 0.06966429)
(32951, 0.06548041)
(33001, 0.06103062)
(33051, 0.06530830)
(33101, 0.06690640)
(33151, 0.06598177)
(33201, 0.07406675)
(33251, 0.06811168)
(33301, 0.06137474)
(33351, 0.06297520)
(33401, 0.07480566)
(33451, 0.08089264)
(33501, 0.06672310)
(33551, 0.06634716)
(33601, 0.06110632)
(33651, 0.06691172)
(33701, 0.06505797)
(33751, 0.05982410)
(33801, 0.05924575)
(33851, 0.05607443)
(33901, 0.06224281)
(33951, 0.06277439)
(34001, 0.05894877)
(34051, 0.06128269)
(34101, 0.05443156)
(34151, 0.06312240)
(34201, 0.05809478)
(34251, 0.07115208)
(34301, 0.06937252)
(34351, 0.05808242)
(34401, 0.06667283)
(34451, 0.07395392)
(34501, 0.05771411)
(34551, 0.06196795)
(34601, 0.07457616)
(34651, 0.06682477)
(34701, 0.06455565)
(34751, 0.06396554)
(34801, 0.06012006)
(34851, 0.05560564)
(34901, 0.06100684)
(34951, 0.06619738)
(35001, 0.06480213)
(35051, 0.06318570)
(35101, 0.06233456)
(35151, 0.06350833)
(35201, 0.06266295)
(35251, 0.07011455)
(35301, 0.06655998)
(35351, 0.06481454)
(35401, 0.07221472)
(35451, 0.06906634)
(35501, 0.06643614)
(35551, 0.07975974)
(35601, 0.06720343)
(35651, 0.06265759)
(35701, 0.06502776)
(35751, 0.06533300)
(35801, 0.06720904)
(35851, 0.07080458)
(35901, 0.06522369)
(35951, 0.07416252)
(36001, 0.05681772)
(36051, 0.06358896)
(36101, 0.06349282)
(36151, 0.07097818)
(36201, 0.06215509)
(36251, 0.06222942)
(36301, 0.06111199)
(36351, 0.06706606)
(36401, 0.07603095)
(36451, 0.06542455)
(36501, 0.06406228)
(36551, 0.06591118)
(36601, 0.06730196)
(36651, 0.06966238)
(36701, 0.06301352)
(36751, 0.05633712)
(36801, 0.06625111)
(36851, 0.06308696)
(36901, 0.06888619)
(36951, 0.06215503)
(37001, 0.06657785)
(37051, 0.07059125)
(37101, 0.05963132)
(37151, 0.06009665)
(37201, 0.06269196)
(37251, 0.07245986)
(37301, 0.06059329)
(37351, 0.05860980)
(37401, 0.06915414)
(37451, 0.06659221)
(37501, 0.06330186)
(37551, 0.06448631)
(37601, 0.06650749)
(37651, 0.06366753)
(37701, 0.06087940)
(37751, 0.06129955)
(37801, 0.06123559)
(37851, 0.06549313)
(37901, 0.06183243)
(37951, 0.06854188)
(38001, 0.06287072)
(38051, 0.07117110)
(38101, 0.06068299)
(38151, 0.06499823)
(38201, 0.06201613)
(38251, 0.06482990)
(38301, 0.06281962)
(38351, 0.07299323)
(38401, 0.06348307)
(38451, 0.06053488)
(38501, 0.06578907)
(38551, 0.06812038)
(38601, 0.06029090)
(38651, 0.05614023)
(38701, 0.06351343)
(38751, 0.06801421)
(38801, 0.07197956)
(38851, 0.06303663)
(38901, 0.05638419)
(38951, 0.06425586)
(39001, 0.06278418)
(39051, 0.05745635)
(39101, 0.06537326)
(39151, 0.06178472)
(39201, 0.06121591)
(39251, 0.05711136)
(39301, 0.05916694)
(39351, 0.07008746)
(39401, 0.05866499)
(39451, 0.06249021)
(39501, 0.06711421)
(39551, 0.06019857)
(39601, 0.06256454)
(39651, 0.06482107)
(39701, 0.06195030)
(39751, 0.06404381)
(39801, 0.06411534)
(39851, 0.06776909)
(39901, 0.06977181)
(39951, 0.06985486)
(40001, 0.06313575)
(40051, 0.06102066)
(40101, 0.06442581)
(40151, 0.06244795)
(40201, 0.05688897)
(40251, 0.06062393)
(40301, 0.06332754)
(40351, 0.05966169)
(40401, 0.06766363)
(40451, 0.06002747)
(40501, 0.05921138)
(40551, 0.05611400)
(40601, 0.06162080)
(40651, 0.06395722)
(40701, 0.06323448)
(40751, 0.06434269)
(40801, 0.06179583)
(40851, 0.06364068)
(40901, 0.06716066)
(40951, 0.06453719)
(41001, 0.06116297)
(41051, 0.06515813)
(41101, 0.05803937)
(41151, 0.06442524)
(41201, 0.05806016)
(41251, 0.06292100)
(41301, 0.05972355)
(41351, 0.06060191)
(41401, 0.06598905)
(41451, 0.06733050)
(41501, 0.06058685)
(41551, 0.06601043)
(41601, 0.07381206)
(41651, 0.06298777)
(41701, 0.06631437)
(41751, 0.06353268)
(41801, 0.06226478)
(41851, 0.06311750)
(41901, 0.06485740)
(41951, 0.06266623)
(42001, 0.06770565)
(42051, 0.06714409)
(42101, 0.05966651)
(42151, 0.05870713)
(42201, 0.05569759)
(42251, 0.05876877)
(42301, 0.06017845)
(42351, 0.05980621)
(42401, 0.06595508)
(42451, 0.06095869)
(42501, 0.06403649)
(42551, 0.05853977)
(42601, 0.05841102)
(42651, 0.06050193)
(42701, 0.06241679)
(42751, 0.06279816)
(42801, 0.06479624)
(42851, 0.06055604)
(42901, 0.06182702)
(42951, 0.06072289)
(43001, 0.06037052)
(43051, 0.06207193)
(43101, 0.06093500)
(43151, 0.05576088)
(43201, 0.06011653)
(43251, 0.05396603)
(43301, 0.06419004)
(43351, 0.06643023)
(43401, 0.05923499)
(43451, 0.05708205)
(43501, 0.06029351)
(43551, 0.06559684)
(43601, 0.05810100)
(43651, 0.05940925)
(43701, 0.06313002)
(43751, 0.07056815)
(43801, 0.06485746)
(43851, 0.06427019)
(43901, 0.05959669)
(43951, 0.06404210)
(44001, 0.06247846)
(44051, 0.06254652)
(44101, 0.06125642)
(44151, 0.06075647)
(44201, 0.06183613)
(44251, 0.06127239)
(44301, 0.06451627)
(44351, 0.06036720)
(44401, 0.06151925)
(44451, 0.06957875)
(44501, 0.06088436)
(44551, 0.06713372)
(44601, 0.06538566)
(44651, 0.05812930)
(44701, 0.06382564)
(44751, 0.06351322)
(44801, 0.05985991)
(44851, 0.05827531)
(44901, 0.06816972)
(44951, 0.07096604)
(45001, 0.05180013)
(45051, 0.06391078)
(45101, 0.05696814)
(45151, 0.06501879)
(45201, 0.06332519)
(45251, 0.06911406)
(45301, 0.06132794)
(45351, 0.06159915)
(45401, 0.06065367)
(45451, 0.06423926)
(45501, 0.06540705)
(45551, 0.06216692)
(45601, 0.06081544)
(45651, 0.06281848)
(45701, 0.05799571)
(45751, 0.06564551)
(45801, 0.06419554)
(45851, 0.06512456)
(45901, 0.05417207)
(45951, 0.05583672)
(46001, 0.05989969)
(46051, 0.05402754)
(46101, 0.06279260)
(46151, 0.05562208)
(46201, 0.05942509)
(46251, 0.05964729)
(46301, 0.06881934)
(46351, 0.06358342)
(46401, 0.06018975)
(46451, 0.06478848)
(46501, 0.05371240)
(46551, 0.06287146)
(46601, 0.06067099)
(46651, 0.06649774)
(46701, 0.06276616)
(46751, 0.05636292)
(46801, 0.05902232)
(46851, 0.05925008)
(46901, 0.06811468)
(46951, 0.06323499)
(47001, 0.05517374)
(47051, 0.06347260)
(47101, 0.05704098)
(47151, 0.06175312)
(47201, 0.06181024)
(47251, 0.06521536)
(47301, 0.06693193)
(47351, 0.06032873)
(47401, 0.06319501)
(47451, 0.07095856)
(47501, 0.06317222)
(47551, 0.06975368)
(47601, 0.05230746)
(47651, 0.06376481)
(47701, 0.05572263)
(47751, 0.06470372)
(47801, 0.06707507)
(47851, 0.06675799)
(47901, 0.06248731)
(47951, 0.06260246)
(48001, 0.06131740)
(48051, 0.05633889)
(48101, 0.05764739)
(48151, 0.06075726)
(48201, 0.05830692)
(48251, 0.06580430)
(48301, 0.06305028)
(48351, 0.06064527)
(48401, 0.06210919)
(48451, 0.05913620)
(48501, 0.06438630)
(48551, 0.06129028)
(48601, 0.06358935)
(48651, 0.06870062)
(48701, 0.07512208)
(48751, 0.06677192)
(48801, 0.06921602)
(48851, 0.05930233)
(48901, 0.05978202)
(48951, 0.06357053)
(49001, 0.06693658)
(49051, 0.05587304)
(49101, 0.05907025)
(49151, 0.05709613)
(49201, 0.06373011)
(49251, 0.05644602)
(49301, 0.06109933)
(49351, 0.05762266)
(49401, 0.05656435)
(49451, 0.05951171)
(49501, 0.07005211)
(49551, 0.05802813)
(49601, 0.06327972)
(49651, 0.06100992)
(49701, 0.05723181)
(49751, 0.05926589)
(49801, 0.05749202)
(49851, 0.05746517)
(49901, 0.06014898)
(49951, 0.05878543)
(50001, 0.06624034)
(50051, 0.06591796)
(50101, 0.06907806)
(50151, 0.05532135)
(50201, 0.06199444)
(50251, 0.05422363)
(50301, 0.05793420)
(50351, 0.05973523)
(50401, 0.05597778)
(50451, 0.06430078)
(50501, 0.06229930)
(50551, 0.06932373)
(50601, 0.05925243)
(50651, 0.06058574)
(50701, 0.06317147)
(50751, 0.06107348)
(50801, 0.05697243)
(50851, 0.05479912)
(50901, 0.05805279)
(50951, 0.05916023)
(51001, 0.05992527)
(51051, 0.05907095)
(51101, 0.05861642)
(51151, 0.06817619)
(51201, 0.05739007)
(51251, 0.06038586)
(51301, 0.05962538)
(51351, 0.06034535)
(51401, 0.05549476)
(51451, 0.07197996)
(51501, 0.06057509)
(51551, 0.06353815)
(51601, 0.06233872)
(51651, 0.06016082)
(51701, 0.05716752)
(51751, 0.06402279)
(51801, 0.05711250)
(51851, 0.06229857)
(51901, 0.05783125)
(51951, 0.05727996)
(52001, 0.06033955)
(52051, 0.05851815)
(52101, 0.06410458)
(52151, 0.06544473)
(52201, 0.05799885)
(52251, 0.05135508)
(52301, 0.05674314)
(52351, 0.06389455)
(52401, 0.05587106)
(52451, 0.06629833)
(52501, 0.05824534)
(52551, 0.06109351)
(52601, 0.06006844)
(52651, 0.05768623)
(52701, 0.05662387)
(52751, 0.06036639)
(52801, 0.05881735)
(52851, 0.06282523)
(52901, 0.06103781)
(52951, 0.05682162)
(53001, 0.05499732)
(53051, 0.06632334)
(53101, 0.06330010)
(53151, 0.06086416)
(53201, 0.05675717)
(53251, 0.05724671)
(53301, 0.05923565)
(53351, 0.05984721)
(53401, 0.06836559)
(53451, 0.05651087)
(53501, 0.05980527)
(53551, 0.06965854)
(53601, 0.06804464)
(53651, 0.06436425)
(53701, 0.05259566)
(53751, 0.06081371)
(53801, 0.05968385)
(53851, 0.05328047)
(53901, 0.06497396)
(53951, 0.06364668)
(54001, 0.05885801)
(54051, 0.05805667)
(54101, 0.06267562)
(54151, 0.05693876)
(54201, 0.06233084)
(54251, 0.06277524)
(54301, 0.05534187)
(54351, 0.05923637)
(54401, 0.05667538)
(54451, 0.06321791)
(54501, 0.05802955)
(54551, 0.06072963)
(54601, 0.06027713)
(54651, 0.05382570)
(54701, 0.06208648)
(54751, 0.06196912)
(54801, 0.06110707)
(54851, 0.05610212)
(54901, 0.05945434)
(54951, 0.05622157)
(55001, 0.06127825)
(55051, 0.05448644)
(55101, 0.05433686)
(55151, 0.06323972)
(55201, 0.06809439)
(55251, 0.06267266)
(55301, 0.05795634)
(55351, 0.05561513)
(55401, 0.06511985)
(55451, 0.06340512)
(55501, 0.06183363)
(55551, 0.06379324)
(55601, 0.05501566)
(55651, 0.06185053)
(55701, 0.06116018)
(55751, 0.06611828)
(55801, 0.05836677)
(55851, 0.06021879)
(55901, 0.06375263)
(55951, 0.06061293)
(56001, 0.06452403)
(56051, 0.06290966)
(56101, 0.05953593)
(56151, 0.06459956)
(56201, 0.05975073)
(56251, 0.05892940)
(56301, 0.05522582)
(56351, 0.05560909)
(56401, 0.06166599)
(56451, 0.06876936)
(56501, 0.05817702)
(56551, 0.06234500)
(56601, 0.05746901)
(56651, 0.05677337)
(56701, 0.06453733)
(56751, 0.06146365)
(56801, 0.05398691)
(56851, 0.07267846)
(56901, 0.05937236)
(56951, 0.05827954)
(57001, 0.06759094)
(57051, 0.05778307)
(57101, 0.06116087)
(57151, 0.06241599)
(57201, 0.05673008)
(57251, 0.07173535)
(57301, 0.06194186)
(57351, 0.05697161)
(57401, 0.06196099)
(57451, 0.05445982)
(57501, 0.06332117)
(57551, 0.05884914)
(57601, 0.05764096)
(57651, 0.05898614)
(57701, 0.06130789)
(57751, 0.06486135)
(57801, 0.06185444)
(57851, 0.05999898)
(57901, 0.06307529)
(57951, 0.05693835)
(58001, 0.05915690)
(58051, 0.06108297)
(58101, 0.05913932)
(58151, 0.06028222)
(58201, 0.05602987)
(58251, 0.05836397)
(58301, 0.05633356)
(58351, 0.05471619)
(58401, 0.06621029)
(58451, 0.06040818)
(58501, 0.06009073)
(58551, 0.06238371)
(58601, 0.05808262)
(58651, 0.06321097)
(58701, 0.06203068)
(58751, 0.06021313)
(58801, 0.05681457)
(58851, 0.05881235)
(58901, 0.05521903)
(58951, 0.06132969)
(59001, 0.05656362)
(59051, 0.06208640)
(59101, 0.06059874)
(59151, 0.06111423)
(59201, 0.05893035)
(59251, 0.06239988)
(59301, 0.06138026)
(59351, 0.06124672)
(59401, 0.06220308)
(59451, 0.06123588)
(59501, 0.06088806)
(59551, 0.06135678)
(59601, 0.05804736)
(59651, 0.06907647)
(59701, 0.05977557)
(59751, 0.05448036)
(59801, 0.05516140)
(59851, 0.06338734)
(59901, 0.06579283)
(59951, 0.07067238)
(60001, 0.06573648)
(60051, 0.06576989)
(60101, 0.06076291)
(60151, 0.05814694)
(60201, 0.06474540)
(60251, 0.05314933)
(60301, 0.05573642)
(60351, 0.06568084)
(60401, 0.05790089)
(60451, 0.05883592)
(60501, 0.05700941)
(60551, 0.06022489)
(60601, 0.05402374)
(60651, 0.06332965)
(60701, 0.06481827)
(60751, 0.05986189)
(60801, 0.06238190)
(60851, 0.05791448)
(60901, 0.06352981)
(60951, 0.05751270)
(61001, 0.05463581)
(61051, 0.06192682)
(61101, 0.05631640)
(61151, 0.05630621)
(61201, 0.06364770)
(61251, 0.06136462)
(61301, 0.05430537)
(61351, 0.06635609)
(61401, 0.05462326)
(61451, 0.05129271)
(61501, 0.06010455)
(61551, 0.06349045)
(61601, 0.06134131)
(61651, 0.06127957)
(61701, 0.06225314)
(61751, 0.06706341)
(61801, 0.06228076)
(61851, 0.05658314)
(61901, 0.05794627)
(61951, 0.07191077)
(62001, 0.06091083)
(62051, 0.05783893)
(62101, 0.05810893)
(62151, 0.05615986)
(62201, 0.05699095)
(62251, 0.06479749)
(62301, 0.06257819)
(62351, 0.06171886)
(62401, 0.05722760)
(62451, 0.05836477)
(62501, 0.05834804)
(62551, 0.05267340)
(62601, 0.05507215)
(62651, 0.05432859)
(62701, 0.06476145)
(62751, 0.05893964)
(62801, 0.05824640)
(62851, 0.06119060)
(62901, 0.05601601)
(62951, 0.06329456)
(63001, 0.05783173)
(63051, 0.06539188)
(63101, 0.05733846)
(63151, 0.06123950)
(63201, 0.05391313)
(63251, 0.05827445)
(63301, 0.05716581)
(63351, 0.06228863)
(63401, 0.05869350)
(63451, 0.05938982)
(63501, 0.05433989)
(63551, 0.06248588)
(63601, 0.06027393)
(63651, 0.05930300)
(63701, 0.05875678)
(63751, 0.05640123)
(63801, 0.05959815)
(63851, 0.06142250)
(63901, 0.05875539)
(63951, 0.05916617)
(64001, 0.06101372)
(64051, 0.05935333)
(64101, 0.06010142)
(64151, 0.05785099)
(64201, 0.06112499)
(64251, 0.05365548)
(64301, 0.05683776)
(64351, 0.05929933)
(64401, 0.05640908)
(64451, 0.06266958)
(64501, 0.05892100)
(64551, 0.05946754)
(64601, 0.05749390)
(64651, 0.05758550)
(64701, 0.05660423)
(64751, 0.05336413)
(64801, 0.06687896)
(64851, 0.05944651)
(64901, 0.05845848)
(64951, 0.05564025)
(65001, 0.05961327)
(65051, 0.05730492)
(65101, 0.05480364)
(65151, 0.07041807)
(65201, 0.05734578)
(65251, 0.06075833)
(65301, 0.06170187)
(65351, 0.06426954)
(65401, 0.05443356)
(65451, 0.05757347)
(65501, 0.05783493)
(65551, 0.05570030)
(65601, 0.05640238)
(65651, 0.05894941)
(65701, 0.05466545)
(65751, 0.06304529)
(65801, 0.05932985)
(65851, 0.05937857)
(65901, 0.05612308)
(65951, 0.06379899)
(66001, 0.05452084)
(66051, 0.05662407)
(66101, 0.05675289)
(66151, 0.05663539)
(66201, 0.06356682)
(66251, 0.05445677)
(66301, 0.05525327)
(66351, 0.06147056)
(66401, 0.05922096)
(66451, 0.06065059)
(66501, 0.05729060)
(66551, 0.05862234)
(66601, 0.06365231)
(66651, 0.05681795)
(66701, 0.05676867)
(66751, 0.06070093)
(66801, 0.06241424)
(66851, 0.05440222)
(66901, 0.06105921)
(66951, 0.06310184)
(67001, 0.05984153)
(67051, 0.05993844)
(67101, 0.05557146)
(67151, 0.05981273)
(67201, 0.06103588)
(67251, 0.05788297)
(67301, 0.05471424)
(67351, 0.06201310)
(67401, 0.05394457)
(67451, 0.06045043)
(67501, 0.06071480)
(67551, 0.05855562)
(67601, 0.05714709)
(67651, 0.06444304)
(67701, 0.06198414)
(67751, 0.05430771)
(67801, 0.06274408)
(67851, 0.05408535)
(67901, 0.05808407)
(67951, 0.05882543)
(68001, 0.05742050)
(68051, 0.05260896)
(68101, 0.05830566)
(68151, 0.06386685)
(68201, 0.05547373)
(68251, 0.05840856)
(68301, 0.05650617)
(68351, 0.06324726)
(68401, 0.05974561)
(68451, 0.05927789)
(68501, 0.05331932)
(68551, 0.05539581)
(68601, 0.06189728)
(68651, 0.05309966)
(68701, 0.05514631)
(68751, 0.06237604)
(68801, 0.05834201)
(68851, 0.05500293)
(68901, 0.06419329)
(68951, 0.05646498)
(69001, 0.06202228)
(69051, 0.05264076)
(69101, 0.06466213)
(69151, 0.05366451)
(69201, 0.05800712)
(69251, 0.05619661)
(69301, 0.05495318)
(69351, 0.06075572)
(69401, 0.06271979)
(69451, 0.05770592)
(69501, 0.05966027)
(69551, 0.05763280)
(69601, 0.05997892)
(69651, 0.06022098)
(69701, 0.06297025)
(69751, 0.05245905)
(69801, 0.06050648)
(69851, 0.05951984)
(69901, 0.05622998)
(69951, 0.06270095)
(70001, 0.05745234)
(70051, 0.06117682)
(70101, 0.05352145)
(70151, 0.05689136)
(70201, 0.06187138)
(70251, 0.05645344)
(70301, 0.05868257)
(70351, 0.06465479)
(70401, 0.06104812)
(70451, 0.06343537)
(70501, 0.05887165)
(70551, 0.05833625)
(70601, 0.06408498)
(70651, 0.06133388)
(70701, 0.05837818)
(70751, 0.05730214)
(70801, 0.06112240)
(70851, 0.06390411)
(70901, 0.06125637)
(70951, 0.06663475)
(71001, 0.06525785)
(71051, 0.05613748)
(71101, 0.06622144)
(71151, 0.06668379)
(71201, 0.07443717)
(71251, 0.05904841)
(71301, 0.06340564)
(71351, 0.06070328)
(71401, 0.05863760)
(71451, 0.06070380)
(71501, 0.05565887)
(71551, 0.06250777)
(71601, 0.05578134)
(71651, 0.05665293)
(71701, 0.06313049)
(71751, 0.05558031)
(71801, 0.05887831)
(71851, 0.05614927)
(71901, 0.05810242)
(71951, 0.05620467)
(72001, 0.05259046)
(72051, 0.05905274)
(72101, 0.05615512)
(72151, 0.05331403)
(72201, 0.05200414)
(72251, 0.05605724)
(72301, 0.05682841)
(72351, 0.06080841)
(72401, 0.05242355)
(72451, 0.05509202)
(72501, 0.05895299)
(72551, 0.05736936)
(72601, 0.05448814)
(72651, 0.06561939)
(72701, 0.05481138)
(72751, 0.06030189)
(72801, 0.05500635)
(72851, 0.05016162)
(72901, 0.05591402)
(72951, 0.05324917)
(73001, 0.06180657)
(73051, 0.05446059)
(73101, 0.05633760)
(73151, 0.05995248)
(73201, 0.05135162)
(73251, 0.05491927)
(73301, 0.05353015)
(73351, 0.05268855)
(73401, 0.05249437)
(73451, 0.05658797)
(73501, 0.06596379)
(73551, 0.06233020)
(73601, 0.05553667)
(73651, 0.05773879)
(73701, 0.05726240)
(73751, 0.05452688)
(73801, 0.05592904)
(73851, 0.06358597)
(73901, 0.05624564)
(73951, 0.05557019)
(74001, 0.05519335)
(74051, 0.05779245)
(74101, 0.05372567)
(74151, 0.05954472)
(74201, 0.05768262)
(74251, 0.05979948)
(74301, 0.05572292)
(74351, 0.05277949)
(74401, 0.05603496)
(74451, 0.05570200)
(74501, 0.06274733)
(74551, 0.05436576)
(74601, 0.05948380)
(74651, 0.05217404)
(74701, 0.06055006)
(74751, 0.05648477)
(74801, 0.05963690)
(74851, 0.05164294)
(74901, 0.05990557)
(74951, 0.05876309)
(75001, 0.05627207)
(75051, 0.05495565)
(75101, 0.05636004)
(75151, 0.05103946)
(75201, 0.06125965)
(75251, 0.06301181)
(75301, 0.05439307)
(75351, 0.05692273)
(75401, 0.05981800)
(75451, 0.05227382)
(75501, 0.05649698)
(75551, 0.06428360)
(75601, 0.05417617)
(75651, 0.05807562)
(75701, 0.05775871)
(75751, 0.05570382)
(75801, 0.05405858)
(75851, 0.05511104)
(75901, 0.06077253)
(75951, 0.05881126)
(76001, 0.05554436)
(76051, 0.05559382)
(76101, 0.05949731)
(76151, 0.05311084)
(76201, 0.05663270)
(76251, 0.05560123)
(76301, 0.05788932)
(76351, 0.05705318)
(76401, 0.05920138)
(76451, 0.06299492)
(76501, 0.05569568)
(76551, 0.05185895)
(76601, 0.05678244)
(76651, 0.05648310)
(76701, 0.05839981)
(76751, 0.06713333)
(76801, 0.05867387)
(76851, 0.05444854)
(76901, 0.05619631)
(76951, 0.05452042)
(77001, 0.06331320)
(77051, 0.05101598)
(77101, 0.06017350)
(77151, 0.05255260)
(77201, 0.06566379)
(77251, 0.06129432)
(77301, 0.05041480)
(77351, 0.06459953)
(77401, 0.05827284)
(77451, 0.05500795)
(77501, 0.05307043)
(77551, 0.06154781)
(77601, 0.05818922)
(77651, 0.06285861)
(77701, 0.05191220)
(77751, 0.06407070)
(77801, 0.05202241)
(77851, 0.05418028)
(77901, 0.05537398)
(77951, 0.06001813)
(78001, 0.05312633)
(78051, 0.05464248)
(78101, 0.06107561)
(78151, 0.05866808)
(78201, 0.06260826)
(78251, 0.05527023)
(78301, 0.05926754)
(78351, 0.05877057)
(78401, 0.05741273)
(78451, 0.05903296)
(78501, 0.05427280)
(78551, 0.06291039)
(78601, 0.06048755)
(78651, 0.05494407)
(78701, 0.06137637)
(78751, 0.06113057)
(78801, 0.05974675)
(78851, 0.05594176)
(78901, 0.05768680)
(78951, 0.06307796)
(79001, 0.06190721)
(79051, 0.05551592)
(79101, 0.05803171)
(79151, 0.05597126)
(79201, 0.05611641)
(79251, 0.05788631)
(79301, 0.06329952)
(79351, 0.05505418)
(79401, 0.05606733)
(79451, 0.05905709)
(79501, 0.04721068)
(79551, 0.05314377)
(79601, 0.05396538)
(79651, 0.05846463)
(79701, 0.04903544)
(79751, 0.05431310)
(79801, 0.05637661)
(79851, 0.06250259)
(79901, 0.05492189)
(79951, 0.05781130)
(80001, 0.05326135)
(80051, 0.05397500)
(80101, 0.05490179)
(80151, 0.05289351)
(80201, 0.05850877)
(80251, 0.06056570)
(80301, 0.05703158)
(80351, 0.05906635)
(80401, 0.06250297)
(80451, 0.05884244)
(80501, 0.05503312)
(80551, 0.05798252)
(80601, 0.05215291)
(80651, 0.05857400)
(80701, 0.04988721)
(80751, 0.05838323)
(80801, 0.05521453)
(80851, 0.05652882)
(80901, 0.05646737)
(80951, 0.06254119)
(81001, 0.05115802)
(81051, 0.05221194)
(81101, 0.05445617)
(81151, 0.05697743)
(81201, 0.06050921)
(81251, 0.05145918)
(81301, 0.06582578)
(81351, 0.05869514)
(81401, 0.05404537)
(81451, 0.06061426)
(81501, 0.06958512)
(81551, 0.06157753)
(81601, 0.05173862)
(81651, 0.06246921)
(81701, 0.05771913)
(81751, 0.06269677)
(81801, 0.05725533)
(81851, 0.05029268)
(81901, 0.05195867)
(81951, 0.05348672)
(82001, 0.05662551)
(82051, 0.06038937)
(82101, 0.05620786)
(82151, 0.05629240)
(82201, 0.05329991)
(82251, 0.05970800)
(82301, 0.05686819)
(82351, 0.05581885)
(82401, 0.05851596)
(82451, 0.06329211)
(82501, 0.06447011)
(82551, 0.05871922)
(82601, 0.05857601)
(82651, 0.05789080)
(82701, 0.05767875)
(82751, 0.05776949)
(82801, 0.05705551)
(82851, 0.06638072)
(82901, 0.05431458)
(82951, 0.05878888)
(83001, 0.05820432)
(83051, 0.05392056)
(83101, 0.06095284)
(83151, 0.05988213)
(83201, 0.05678962)
(83251, 0.05564180)
(83301, 0.05994628)
(83351, 0.05475115)
(83401, 0.05668340)
(83451, 0.05500137)
(83501, 0.05518142)
(83551, 0.06222514)
(83601, 0.05893466)
(83651, 0.05838124)
(83701, 0.06205719)
(83751, 0.05398334)
(83801, 0.05941846)
(83851, 0.05869934)
(83901, 0.05182037)
(83951, 0.06538630)
(84001, 0.06393790)
(84051, 0.05388044)
(84101, 0.05899983)
(84151, 0.05837737)
(84201, 0.06024177)
(84251, 0.05506095)
(84301, 0.06147064)
(84351, 0.06049869)
(84401, 0.05825820)
(84451, 0.05419992)
(84501, 0.05721558)
(84551, 0.05233495)
(84601, 0.06209495)
(84651, 0.05456660)
(84701, 0.05273755)
(84751, 0.05297638)
(84801, 0.05420609)
(84851, 0.05653875)
(84901, 0.06194589)
(84951, 0.05585617)
(85001, 0.05791532)
(85051, 0.05658884)
(85101, 0.05722475)
(85151, 0.05271840)
(85201, 0.05701821)
(85251, 0.05769917)
(85301, 0.05873858)
(85351, 0.06176204)
(85401, 0.05962582)
(85451, 0.06566945)
(85501, 0.05925006)
(85551, 0.06055152)
(85601, 0.05762111)
(85651, 0.06163616)
(85701, 0.05885809)
(85751, 0.05161330)
(85801, 0.05079513)
(85851, 0.05429294)
(85901, 0.05818003)
(85951, 0.05351258)
(86001, 0.05520729)
(86051, 0.05782163)
(86101, 0.05597913)
(86151, 0.05432498)
(86201, 0.05868661)
(86251, 0.05762636)
(86301, 0.05413806)
(86351, 0.05649503)
(86401, 0.05839054)
(86451, 0.06026466)
(86501, 0.05147679)
(86551, 0.05700534)
(86601, 0.05652983)
(86651, 0.05305339)
(86701, 0.05062485)
(86751, 0.06248860)
(86801, 0.05845598)
(86851, 0.05430516)
(86901, 0.05843205)
(86951, 0.05519601)
(87001, 0.05267210)
(87051, 0.06711126)
(87101, 0.05704371)
(87151, 0.05956281)
(87201, 0.05779023)
(87251, 0.05781351)
(87301, 0.05200689)
(87351, 0.05128397)
(87401, 0.05829872)
(87451, 0.05539634)
(87501, 0.05395510)
(87551, 0.06007244)
(87601, 0.05057115)
(87651, 0.05441193)
(87701, 0.05592640)
(87751, 0.06025229)
(87801, 0.05465676)
(87851, 0.05505732)
(87901, 0.06100944)
(87951, 0.05571469)
(88001, 0.05837287)
(88051, 0.05845167)
(88101, 0.06159254)
(88151, 0.05686596)
(88201, 0.06043926)
(88251, 0.05732539)
(88301, 0.05090539)
(88351, 0.05508752)
(88401, 0.05891490)
(88451, 0.05204860)
(88501, 0.05474234)
(88551, 0.05652175)
(88601, 0.05834054)
(88651, 0.05420850)
(88701, 0.05556075)
(88751, 0.05365718)
(88801, 0.05299198)
(88851, 0.05083456)
(88901, 0.05324352)
(88951, 0.05408210)
(89001, 0.05731098)
(89051, 0.05871601)
(89101, 0.06186819)
(89151, 0.05561887)
(89201, 0.06264219)
(89251, 0.05406407)
(89301, 0.05615835)
(89351, 0.06176594)
(89401, 0.06379979)
(89451, 0.05241613)
(89501, 0.05757998)
(89551, 0.06070915)
(89601, 0.05805528)
(89651, 0.05447546)
(89701, 0.05348996)
(89751, 0.05390045)
(89801, 0.05374220)
(89851, 0.05234557)
(89901, 0.05815411)
(89951, 0.05412341)
(90001, 0.04945860)
(90051, 0.05361349)
(90101, 0.05756233)
(90151, 0.05674924)
(90201, 0.05085993)
(90251, 0.05386158)
(90301, 0.05729684)
(90351, 0.05713255)
(90401, 0.05264678)
(90451, 0.05740998)
(90501, 0.05493171)
(90551, 0.05684222)
(90601, 0.05846501)
(90651, 0.05785518)
(90701, 0.05122553)
(90751, 0.05038727)
(90801, 0.05598198)
(90851, 0.05615035)
(90901, 0.05597962)
(90951, 0.05203296)
(91001, 0.05386275)
(91051, 0.06395074)
(91101, 0.05389432)
(91151, 0.05478032)
(91201, 0.05663904)
(91251, 0.05249584)
(91301, 0.05304881)
(91351, 0.05860804)
(91401, 0.06168275)
(91451, 0.05561421)
(91501, 0.05422519)
(91551, 0.05625779)
(91601, 0.05590589)
(91651, 0.05473106)
(91701, 0.05575866)
(91751, 0.06345860)
(91801, 0.05456540)
(91851, 0.06052126)
(91901, 0.06125513)
(91951, 0.06383194)
(92001, 0.05698297)
(92051, 0.06436466)
(92101, 0.05499786)
(92151, 0.05802996)
(92201, 0.06070725)
(92251, 0.05602746)
(92301, 0.05390341)
(92351, 0.05179572)
(92401, 0.05424809)
(92451, 0.05405653)
(92501, 0.05777421)
(92551, 0.06032186)
(92601, 0.05808376)
(92651, 0.05692286)
(92701, 0.05388243)
(92751, 0.05369283)
(92801, 0.05239397)
(92851, 0.05615940)
(92901, 0.05721243)
(92951, 0.05472299)
(93001, 0.05584005)
(93051, 0.05358796)
(93101, 0.06102507)
(93151, 0.05373261)
(93201, 0.06172709)
(93251, 0.05879858)
(93301, 0.05046837)
(93351, 0.05916292)
(93401, 0.05056602)
(93451, 0.05445835)
(93501, 0.05151738)
(93551, 0.06031161)
(93601, 0.05153551)
(93651, 0.05457050)
(93701, 0.05309496)
(93751, 0.06001930)
(93801, 0.05349331)
(93851, 0.05478541)
(93901, 0.06039204)
(93951, 0.05834955)
(94001, 0.05592914)
(94051, 0.06534857)
(94101, 0.05402517)
(94151, 0.05262643)
(94201, 0.05833829)
(94251, 0.06117826)
(94301, 0.06185441)
(94351, 0.04895956)
(94401, 0.04996347)
(94451, 0.05029018)
(94501, 0.05571645)
(94551, 0.05936459)
(94601, 0.05211013)
(94651, 0.05860842)
(94701, 0.05174244)
(94751, 0.05733213)
(94801, 0.05597975)
(94851, 0.06012822)
(94901, 0.05642876)
(94951, 0.05612215)
(95001, 0.05565680)
(95051, 0.05508239)
(95101, 0.04722537)
(95151, 0.05976491)
(95201, 0.05583836)
(95251, 0.05701630)
(95301, 0.05295842)
(95351, 0.05675572)
(95401, 0.05377160)
(95451, 0.06195383)
(95501, 0.05718297)
(95551, 0.05522003)
(95601, 0.06097276)
(95651, 0.05708460)
(95701, 0.05556228)
(95751, 0.05926083)
(95801, 0.06018847)
(95851, 0.05694877)
(95901, 0.05573382)
(95951, 0.05165449)
(96001, 0.05282632)
(96051, 0.05687916)
(96101, 0.06241091)
(96151, 0.05518648)
(96201, 0.05667582)
(96251, 0.06063804)
(96301, 0.05954121)
(96351, 0.05516542)
(96401, 0.05599107)
(96451, 0.05793130)
(96501, 0.05862118)
(96551, 0.05341217)
(96601, 0.05448945)
(96651, 0.05132136)
(96701, 0.05218030)
(96751, 0.05612978)
(96801, 0.04822561)
(96851, 0.05285451)
(96901, 0.05491871)
(96951, 0.05797792)
(97001, 0.05350180)
(97051, 0.04935099)
(97101, 0.05568527)
(97151, 0.05709596)
(97201, 0.05437747)
(97251, 0.05549813)
(97301, 0.05082562)
(97351, 0.05718115)
(97401, 0.05577588)
(97451, 0.05618754)
(97501, 0.05685207)
(97551, 0.06054272)
(97601, 0.05451238)
(97651, 0.06083271)
(97701, 0.05525611)
(97751, 0.06022537)
(97801, 0.04633755)
(97851, 0.05067714)
(97901, 0.04960632)
(97951, 0.05331411)
(98001, 0.05058412)
(98051, 0.05011267)
(98101, 0.05340479)
(98151, 0.05846823)
(98201, 0.06207036)
(98251, 0.05380349)
(98301, 0.05178500)
(98351, 0.05551985)
(98401, 0.05675171)
(98451, 0.05118477)
(98501, 0.06048549)
(98551, 0.05475997)
(98601, 0.05304876)
(98651, 0.04973105)
(98701, 0.05220667)
(98751, 0.05597815)
(98801, 0.05630971)
(98851, 0.06350520)
(98901, 0.05120275)
(98951, 0.06139222)
(99001, 0.05561382)
(99051, 0.05286432)
(99101, 0.05618041)
(99151, 0.05741753)
(99201, 0.05513618)
(99251, 0.05437410)
(99301, 0.05410249)
(99351, 0.05388949)
(99401, 0.05685302)
(99451, 0.05935756)
(99501, 0.06144004)
(99551, 0.05855342)
(99601, 0.05645195)
(99651, 0.05374077)
(99701, 0.05306255)
(99751, 0.05556453)
(99801, 0.06234159)
(99851, 0.06290699)
(99901, 0.05497985)
(99951, 0.05306193)
(100001, 0.05176021)
(100051, 0.06094767)
(100101, 0.05145419)
(100151, 0.06326568)
(100201, 0.05211424)
(100251, 0.05431231)
(100301, 0.06165025)
(100351, 0.05487406)
(100401, 0.05788707)
(100451, 0.05998932)
(100501, 0.05190419)
(100551, 0.05615388)
(100601, 0.05766058)
(100651, 0.05864652)
(100701, 0.05103966)
(100751, 0.05559548)
(100801, 0.05167328)
(100851, 0.05645155)
(100901, 0.05253876)
(100951, 0.06164918)
(101001, 0.05181421)
(101051, 0.05446706)
(101101, 0.05786241)
(101151, 0.05689085)
(101201, 0.05898742)
(101251, 0.05349440)
(101301, 0.06586149)
(101351, 0.05696050)
(101401, 0.05372496)
(101451, 0.05815148)
(101501, 0.05459382)
(101551, 0.05556349)
(101601, 0.04923805)
(101651, 0.05370031)
(101701, 0.05364385)
(101751, 0.05157863)
(101801, 0.06063114)
(101851, 0.05687411)
(101901, 0.04806690)
(101951, 0.06261215)
(102001, 0.05245203)
(102051, 0.05841225)
(102101, 0.06159397)
(102151, 0.05621319)
(102201, 0.05018140)
(102251, 0.06175266)
(102301, 0.05139384)
(102351, 0.05658993)
(102401, 0.05112605)
(102451, 0.05327474)
(102501, 0.05129108)
(102551, 0.05428677)
(102601, 0.05374575)
(102651, 0.05510862)
(102701, 0.05027910)
(102751, 0.05337645)
(102801, 0.05502815)
(102851, 0.05254501)
(102901, 0.05228025)
(102951, 0.05388091)
(103001, 0.05673143)
(103051, 0.05356292)
(103101, 0.05443255)
(103151, 0.05869254)
(103201, 0.05599761)
(103251, 0.06012501)
(103301, 0.05791710)
(103351, 0.06144630)
(103401, 0.05533491)
(103451, 0.05471286)
(103501, 0.05225489)
(103551, 0.06033060)
(103601, 0.05588596)
(103651, 0.05647087)
(103701, 0.06055246)
(103751, 0.05405138)
(103801, 0.05540249)
(103851, 0.05820881)
(103901, 0.05583518)
(103951, 0.05646464)
(104001, 0.05369912)
(104051, 0.05527449)
(104101, 0.04919366)
(104151, 0.05098903)
(104201, 0.05697029)
(104251, 0.06155969)
(104301, 0.05692709)
(104351, 0.05649744)
(104401, 0.05403105)
(104451, 0.05291968)
(104501, 0.04918113)
(104551, 0.05588195)
(104601, 0.05499782)
(104651, 0.05888598)
(104701, 0.05416707)
(104751, 0.05333693)
(104801, 0.05309220)
(104851, 0.05256907)
(104901, 0.04959266)
(104951, 0.05028042)
(105001, 0.05498479)
(105051, 0.05399026)
(105101, 0.05551137)
(105151, 0.06187881)
(105201, 0.05681368)
(105251, 0.05496173)
(105301, 0.05477538)
(105351, 0.05246501)
(105401, 0.04690979)
(105451, 0.05862182)
(105501, 0.05406181)
(105551, 0.05335936)
(105601, 0.05630815)
(105651, 0.05895307)
(105701, 0.05851847)
(105751, 0.05870141)
(105801, 0.05758394)
(105851, 0.05308634)
(105901, 0.05942655)
(105951, 0.06152426)
(106001, 0.05872473)
(106051, 0.05129331)
(106101, 0.04666833)
(106151, 0.06192736)
(106201, 0.05603808)
(106251, 0.06230215)
(106301, 0.05678103)
(106351, 0.05113171)
(106401, 0.05297664)
(106451, 0.05805517)
(106501, 0.05665525)
(106551, 0.05202436)
(106601, 0.04984338)
(106651, 0.05527021)
(106701, 0.05835867)
(106751, 0.05302146)
(106801, 0.05480681)
(106851, 0.05541611)
(106901, 0.05041618)
(106951, 0.05589989)
(107001, 0.05709745)
(107051, 0.05457041)
(107101, 0.05458774)
(107151, 0.05382149)
(107201, 0.04765440)
(107251, 0.05513755)
(107301, 0.05443212)
(107351, 0.06192748)
(107401, 0.05365210)
(107451, 0.05359190)
(107501, 0.05074300)
(107551, 0.05070381)
(107601, 0.05691500)
(107651, 0.05279126)
(107701, 0.05101628)
(107751, 0.05061076)
(107801, 0.05487908)
(107851, 0.05423033)
(107901, 0.05186735)
(107951, 0.05456246)
(108001, 0.04892411)
(108051, 0.05229605)
(108101, 0.05512261)
(108151, 0.05668418)
(108201, 0.04979126)
(108251, 0.05239197)
(108301, 0.05604056)
(108351, 0.05757204)
(108401, 0.05509251)
(108451, 0.05393208)
(108501, 0.05378559)
(108551, 0.05532868)
(108601, 0.04943619)
(108651, 0.06174326)
(108701, 0.05053060)
(108751, 0.05383038)
(108801, 0.05190881)
(108851, 0.04853781)
(108901, 0.05330200)
(108951, 0.05441051)
(109001, 0.05035279)
(109051, 0.05254232)
(109101, 0.05840257)
(109151, 0.05372978)
(109201, 0.05654074)
(109251, 0.05294639)
(109301, 0.05368293)
(109351, 0.05853565)
(109401, 0.05344480)
(109451, 0.05191874)
(109501, 0.05590871)
(109551, 0.06075051)
(109601, 0.05632767)
(109651, 0.04980531)
(109701, 0.05826535)
(109751, 0.05442730)
(109801, 0.05871095)
(109851, 0.05403597)
(109901, 0.04859612)
(109951, 0.05263068)
(110001, 0.05187603)
(110051, 0.05638010)
(110101, 0.04973151)
(110151, 0.06791360)
(110201, 0.05330943)
(110251, 0.05939187)
(110301, 0.05358231)
(110351, 0.05537285)
(110401, 0.04947892)
(110451, 0.05460067)
(110501, 0.05240934)
(110551, 0.05962561)
(110601, 0.05352158)
(110651, 0.04875185)
(110701, 0.05632499)
(110751, 0.05507990)
(110801, 0.05016959)
(110851, 0.05651380)
(110901, 0.05273639)
(110951, 0.05643152)
(111001, 0.05794938)
(111051, 0.05299231)
(111101, 0.05887558)
(111151, 0.05327035)
(111201, 0.05505908)
(111251, 0.05380313)
(111301, 0.05375169)
(111351, 0.05479945)
(111401, 0.05478638)
(111451, 0.05762022)
(111501, 0.05453146)
(111551, 0.05543280)
(111601, 0.05695497)
(111651, 0.06246086)
(111701, 0.05833371)
(111751, 0.05660316)
(111801, 0.05142413)
(111851, 0.05086897)
(111901, 0.05283727)
(111951, 0.05540443)
(112001, 0.06035486)
(112051, 0.05256367)
(112101, 0.05497523)
(112151, 0.05364008)
(112201, 0.05272513)
(112251, 0.05865267)
(112301, 0.05443327)
(112351, 0.05578024)
(112401, 0.05142815)
(112451, 0.05678822)
(112501, 0.05542705)
(112551, 0.06349945)
(112601, 0.05062043)
(112651, 0.05518476)
(112701, 0.05742714)
(112751, 0.05782661)
(112801, 0.05207328)
(112851, 0.05091888)
(112901, 0.05354207)
(112951, 0.05246881)
(113001, 0.04896887)
(113051, 0.05564887)
(113101, 0.05454469)
(113151, 0.05417511)
(113201, 0.05854410)
(113251, 0.05291646)
(113301, 0.05605657)
(113351, 0.05500124)
(113401, 0.05556454)
(113451, 0.06306572)
(113501, 0.06047154)
(113551, 0.05457295)
(113601, 0.05567630)
(113651, 0.05638495)
(113701, 0.05607292)
(113751, 0.05242447)
(113801, 0.05560844)
(113851, 0.05438389)
(113901, 0.04804012)
(113951, 0.05947012)
(114001, 0.05187513)
(114051, 0.05748374)
(114101, 0.05190743)
(114151, 0.05949665)
(114201, 0.05343058)
(114251, 0.04977824)
(114301, 0.05339649)
(114351, 0.06040109)
(114401, 0.05657701)
(114451, 0.04855202)
(114501, 0.05986313)
(114551, 0.05311014)
(114601, 0.05982967)
(114651, 0.05068149)
(114701, 0.05790059)
(114751, 0.05636328)
(114801, 0.05434545)
(114851, 0.05372279)
(114901, 0.06533462)
(114951, 0.04734761)
(115001, 0.05624497)
(115051, 0.05455922)
(115101, 0.05959691)
(115151, 0.05257096)
(115201, 0.05421042)
(115251, 0.05825327)
(115301, 0.05485928)
(115351, 0.05436745)
(115401, 0.05554538)
(115451, 0.06821077)
(115501, 0.05090448)
(115551, 0.05858128)
(115601, 0.05733949)
(115651, 0.05181359)
(115701, 0.05575351)
(115751, 0.05566131)
(115801, 0.05541808)
(115851, 0.05105715)
(115901, 0.05345919)
(115951, 0.05710066)
(116001, 0.05471568)
(116051, 0.05092223)
(116101, 0.05473394)
(116151, 0.05714876)
(116201, 0.05533016)
(116251, 0.05646967)
(116301, 0.04905649)
(116351, 0.05437661)
(116401, 0.05652480)
(116451, 0.05911745)
(116501, 0.05127582)
(116551, 0.05647524)
(116601, 0.05658084)
(116651, 0.05701504)
(116701, 0.05588145)
(116751, 0.05378330)
(116801, 0.05168480)
(116851, 0.05135038)
(116901, 0.05479028)
(116951, 0.04870968)
(117001, 0.05498908)
(117051, 0.04823460)
(117101, 0.06480685)
(117151, 0.05650275)
(117201, 0.05470266)
(117251, 0.05273472)
(117301, 0.04844631)
(117351, 0.05716549)
(117401, 0.05638877)
(117451, 0.05193654)
(117501, 0.05162951)
(117551, 0.05882697)
(117601, 0.05177128)
(117651, 0.05399626)
(117701, 0.05785664)
(117751, 0.05495044)
(117801, 0.05514474)
(117851, 0.04659860)
(117901, 0.05332350)
(117951, 0.05821160)
(118001, 0.05933831)
(118051, 0.05234571)
(118101, 0.05067073)
(118151, 0.05389583)
(118201, 0.05173872)
(118251, 0.05493353)
(118301, 0.05176103)
(118351, 0.05967043)
(118401, 0.05714318)
(118451, 0.05462455)
(118501, 0.05393721)
(118551, 0.05471588)
(118601, 0.05409755)
(118651, 0.05570760)
(118701, 0.06015152)
(118751, 0.04908238)
(118801, 0.05648925)
(118851, 0.05457478)
(118901, 0.05494838)
(118951, 0.05805244)
(119001, 0.05525047)
(119051, 0.05607715)
(119101, 0.05943295)
(119151, 0.05441468)
(119201, 0.05182648)
(119251, 0.05344057)
(119301, 0.05781825)
(119351, 0.05525214)
(119401, 0.05078522)
(119451, 0.05253020)
(119501, 0.05412574)
(119551, 0.05673844)
(119601, 0.05215859)
(119651, 0.05609446)
(119701, 0.05505734)
(119751, 0.05730423)
(119801, 0.05160440)
(119851, 0.05316736)
(119901, 0.05228539)
(119951, 0.05798121)
(120001, 0.05745345)
(120051, 0.05118565)
(120101, 0.04999806)
(120151, 0.04796629)
(120201, 0.06235205)
(120251, 0.05294856)
(120301, 0.04923388)
(120351, 0.05234742)
(120401, 0.05648996)
(120451, 0.05961610)
(120501, 0.04971724)
(120551, 0.05817327)
(120601, 0.05233912)
(120651, 0.04979482)
(120701, 0.05559544)
(120751, 0.05507764)
(120801, 0.05696296)
(120851, 0.05220994)
(120901, 0.05862812)
(120951, 0.06316019)
(121001, 0.05004310)
(121051, 0.05850008)
(121101, 0.05048499)
(121151, 0.05320451)
(121201, 0.05055193)
(121251, 0.05181470)
(121301, 0.05107910)
(121351, 0.05983374)
(121401, 0.04877963)
(121451, 0.05153305)
(121501, 0.05039486)
(121551, 0.05238592)
(121601, 0.05606945)
(121651, 0.05504338)
(121701, 0.05473007)
(121751, 0.05302183)
(121801, 0.05895328)
(121851, 0.05678972)
(121901, 0.05314594)
(121951, 0.05493191)
(122001, 0.05623711)
(122051, 0.05763346)
(122101, 0.05362978)
(122151, 0.05045711)
(122201, 0.05459648)
(122251, 0.05201841)
(122301, 0.05654072)
(122351, 0.05459320)
(122401, 0.05073599)
(122451, 0.05149865)
(122501, 0.05518482)
(122551, 0.05071538)
(122601, 0.05218405)
(122651, 0.05867271)
(122701, 0.05529088)
(122751, 0.05402604)
(122801, 0.05549678)
(122851, 0.04933175)
(122901, 0.05490966)
(122951, 0.05580963)
(123001, 0.05448000)
(123051, 0.05259041)
(123101, 0.05815068)
(123151, 0.05591517)
(123201, 0.05001051)
(123251, 0.05234067)
(123301, 0.05869957)
(123351, 0.05775682)
(123401, 0.05489183)
(123451, 0.05187906)
(123501, 0.06044639)
(123551, 0.05425829)
(123601, 0.05526866)
(123651, 0.05503025)
(123701, 0.05040314)
(123751, 0.05597267)
(123801, 0.05624097)
(123851, 0.05651125)
(123901, 0.06012211)
(123951, 0.05029765)
(124001, 0.05516387)
(124051, 0.05411650)
(124101, 0.05304619)
(124151, 0.05365087)
(124201, 0.06370627)
(124251, 0.06148449)
(124301, 0.05207072)
(124351, 0.05379215)
(124401, 0.05685772)
(124451, 0.05409114)
(124501, 0.04820143)
(124551, 0.05391172)
(124601, 0.05404418)
(124651, 0.05974332)
(124701, 0.05427471)
(124751, 0.06050853)
(124801, 0.05079991)
(124851, 0.05293638)
(124901, 0.05956871)
(124951, 0.05151858)
